$SPEC_ID:
This is sample 047.
$SPEC_REM:
DET# 1
DETDESC# DIP1456 PCI-Trump SN 253
AP# Maestro Version 7.01
$DATE_MEA:
11/15/2024 14:47:09
$MEAS_TIM:
14 15
$DATA:
0 2047
       0
       0
       0
       0
       0
       0
       0
       0
       0
       0
       0
       0
       0
       0
       0
       0
      61
     117
     122
     108
     124
     114
     114
     109
     117
     123
     130
     137
     133
     108
     128
     119
     116
     123
     123
     135
     113
     133
     135
     130
     116
     138
     130
     119
     111
     123
     112
     142
     110
     134
     126
     135
     132
     136
     129
     111
     118
     130
     133
     115
     125
     128
     120
     119
     111
     105
     116
     116
     137
     138
     139
     147
     128
     130
     126
     135
     123
     138
     125
     120
     119
     132
     123
     137
     121
     111
     144
     158
     124
     121
     140
     111
     133
     124
     118
     123
     131
     120
     134
     147
     116
     136
     104
     124
     148
     122
     141
     129
     113
     131
     159
     142
     123
     128
     146
     148
     133
     151
     135
     130
     110
     146
     136
     149
     137
     166
     155
     163
     165
     150
     165
     145
     179
     163
     165
     192
     207
     188
     169
     200
     188
     212
     202
     200
     200
     173
     181
     189
     166
     192
     177
     207
     176
     167
     194
     177
     193
     171
     169
     191
     167
     164
     160
     183
     151
     168
     159
     156
     168
     169
     144
     159
     136
     188
     147
     169
     143
     140
     137
     135
     139
     155
     169
     136
     158
     151
     126
     174
     147
     147
     121
     124
     149
     126
     144
     116
     110
     127
     130
     102
     113
     114
     121
     132
     134
     117
     112
     134
     124
     126
     120
     118
     122
     118
     123
     138
     123
     123
     110
     119
     110
     119
     117
     131
     119
     128
     108
     110
     114
     111
     126
     117
     113
      99
     104
     100
      98
     122
     108
     114
     129
     106
      86
     121
     108
     118
     102
     120
     118
     104
      89
     109
      98
      89
      95
      81
      78
      92
      76
      72
      77
      73
      73
      61
      77
      56
      56
      42
      49
      54
      46
      55
      41
      48
      39
      27
      42
      44
      32
      38
      31
      43
      36
      30
      32
      21
      31
      33
      37
      37
      28
      40
      31
      29
      25
      39
      25
      32
      41
      35
      24
      23
      23
      20
      25
      24
      27
      23
      25
      30
      20
      22
      21
      19
      27
      23
      16
      18
      26
      17
      29
      31
      22
      23
      21
      22
      28
      17
      28
      21
      23
      23
      20
      25
      28
      29
      33
      38
      29
      22
      30
      36
      21
      38
      33
      43
      41
      45
      44
      52
      68
      65
      60
      64
      79
      98
      90
     121
     103
     117
     153
     147
     140
     163
     195
     212
     220
     256
     242
     240
     249
     237
     299
     318
     336
     315
     373
     413
     360
     385
     398
     375
     412
     400
     393
     407
     398
     371
     379
     389
     377
     336
     355
     318
     299
     295
     326
     267
     230
     245
     250
     212
     191
     169
     160
     157
     126
     144
     112
     112
      95
      85
      77
      77
      68
      72
      54
      45
      58
      44
      32
      37
      29
      24
      29
      21
      23
      26
      26
      19
      21
      16
      20
      24
      11
      19
      11
      21
      17
      19
      20
      10
      13
       5
      14
      19
      14
      17
      13
      15
      23
      11
      19
      17
      14
      15
      14
      14
      10
      22
      17
      13
      13
      11
      10
      13
      10
      11
       8
      15
      14
      18
      13
      15
       9
      13
      17
      14
      14
      11
      18
      15
      11
      16
      18
       8
       3
      13
      14
      18
      23
      13
      18
      11
       8
       7
      14
      12
      11
      11
      17
      14
      17
      15
      11
      15
      12
      17
      14
      11
      17
      17
      15
      14
      19
      18
      12
      10
      16
       9
      14
      14
      15
      19
      10
      10
      15
      18
      16
      15
      16
       7
      18
      16
      11
      17
      18
      19
      14
      12
       7
      17
      12
      16
      13
      12
      13
       9
      13
      12
      14
      22
      17
       7
      18
      12
      11
      12
       9
      21
      18
      11
      19
      19
      13
      16
       8
      13
      15
      10
      11
      16
      17
       8
      12
      14
      19
      13
      11
      14
      20
      13
      18
      15
      16
      16
      18
      17
      21
      17
      20
      19
      15
      13
      10
      18
      21
      11
      11
      14
      13
      12
      17
      16
      21
      15
      19
      11
      19
      13
      11
      17
      13
       9
      11
       8
      21
      18
      21
      15
      16
      17
      13
      12
      20
      20
      13
      16
      17
      13
      10
      21
      12
      15
      17
      17
      19
      12
      15
      21
      17
      20
      20
      16
      11
      21
      18
      23
      12
      20
      19
      13
      15
      17
      15
      21
      12
      13
      20
      19
      29
      10
      19
      21
       7
      24
      10
      21
      20
      15
      14
      13
      14
       8
      20
      20
      13
      16
      22
      20
      20
      15
      21
      14
      21
      18
      16
      15
      19
      14
      11
      21
      19
      10
      15
      13
      19
      16
      25
      24
      21
      20
      20
      28
      22
      19
      15
      22
      23
      29
      20
      17
      21
      19
      16
      17
      18
      22
      16
      17
      18
      22
      22
      24
      21
      16
       8
      20
      20
      17
      21
      23
      23
      21
      17
      17
      18
      13
      14
      18
      12
      22
      17
      20
      17
      13
      20
      17
      19
      15
      15
      16
      18
      21
      14
      22
      13
      21
      20
      15
      20
       8
       7
      11
      13
      15
       9
       9
       9
       8
      12
       8
       9
       6
      12
      12
       6
      10
      12
      14
      13
       8
       6
       8
       6
       8
      10
      15
       7
      10
       7
       4
      12
       9
      10
       8
       4
       5
       8
       3
       8
       6
       2
       4
       3
       6
       4
       8
       5
       6
       7
       4
       3
       4
       2
       3
       2
       3
       6
       2
       1
       4
       4
       1
       3
       2
       2
       1
       5
       3
       1
       3
       0
       3
       4
       4
       3
       1
       2
       2
       3
       1
       0
       4
       3
       1
       1
       0
       4
       2
       3
       9
       1
       7
       2
       2
       6
       2
       5
       7
       5
       3
       4
       5
       5
       6
       6
       3
       6
       3
       3
       5
       5
       7
      10
       6
       9
       6
      15
       8
      17
      10
      18
      12
      10
      14
      21
      13
      13
      21
      18
      16
      21
      19
      35
      16
      21
      27
      22
      22
      33
      22
      24
      35
      20
      29
      23
      17
      31
      22
      28
      24
      28
      34
      30
      27
      25
      27
      30
      33
      33
      35
      24
      32
      32
      30
      24
      35
      31
      26
      18
      17
      17
      22
      28
      29
      27
      17
      12
      22
      23
      15
      16
      19
      16
      16
      20
      20
      16
      13
      12
      18
      11
      16
       8
       8
      14
      12
      12
       6
      12
       4
       6
      10
       8
       8
       8
       8
      12
       6
       2
       4
       5
       6
       6
       3
       5
       6
       3
       2
       0
       2
       5
       4
       2
       3
       2
       1
       3
       1
       0
       1
       2
       1
       0
       2
       3
       0
       0
       1
       0
       0
       1
       2
       2
       1
       1
       1
       0
       0
       0
       1
       1
       1
       1
       0
       0
       0
       0
       1
       0
       0
       1
       1
       0
       0
       0
       1
       0
       0
       3
       1
       1
       1
       1
       0
       0
       1
       0
       0
       1
       0
       0
       0
       0
       0
       0
       0
       0
       0
       0
       0
       0
       0
       0
       0
       0
       0
       0
       1
       2
       0
       1
       2
       0
       1
       0
       0
       0
       0
       1
       0
       0
       1
       0
       0
       0
       0
       0
       0
       1
       1
       0
       1
       0
       0
       0
       1
       0
       1
       1
       0
       0
       1
       0
       1
       0
       0
       0
       0
       1
       0
       0
       1
       1
       0
       0
       0
       0
       0
       0
       0
       0
       1
       0
       0
       1
       0
       0
       0
       1
       0
       0
       0
       0
       0
       0
       0
       1
       0
       0
       0
       0
       0
       1
       0
       0
       0
       0
       0
       1
       0
       0
       0
       1
       0
       0
       0
       0
       0
       0
       0
       0
       0
       0
       0
       1
       0
       0
       0
       0
       1
       2
       0
       0
       1
       0
       0
       0
       0
       0
       0
       0
       0
       0
       0
       0
       0
       0
       0
       0
       0
       0
       0
       0
       0
       0
       0
       0
       0
       0
       0
       0
       0
       0
       0
       0
       0
       0
       0
       0
       0
       0
       0
       0
       0
       0
       0
       0
       0
       0
       0
       0
       0
       0
       0
       0
       0
       0
       0
       0
       1
       0
       0
       0
       0
       0
       1
       0
       0
       0
       0
       0
       0
       0
       0
       0
       0
       0
       0
       0
       0
       0
       0
       0
       0
       0
       0
       0
       0
       0
       1
       0
       0
       0
       0
       0
       0
       0
       0
       0
       1
       0
       1
       0
       0
       0
       0
       0
       0
       0
       0
       0
       0
       0
       0
       0
       1
       0
       0
       1
       0
       0
       1
       0
       1
       0
       0
       0
       0
       0
       1
       0
       0
       0
       0
       0
       0
       0
       0
       0
       0
       0
       0
       0
       0
       0
       0
       0
       0
       0
       0
       0
       1
       0
       0
       0
       0
       1
       0
       0
       0
       0
       0
       0
       0
       1
       0
       0
       1
       0
       0
       1
       1
       1
       0
       0
       0
       0
       0
       0
       0
       0
       0
       0
       0
       0
       0
       0
       0
       0
       0
       0
       0
       0
       0
       0
       0
       0
       0
       0
       0
       0
       0
       0
       0
       0
       0
       0
       0
       0
       0
       0
       0
       0
       0
       0
       0
       0
       0
       0
       0
       0
       0
       0
       0
       0
       0
       0
       0
       0
       0
       0
       0
       0
       0
       0
       0
       0
       0
       0
       0
       0
       0
       0
       0
       0
       1
       0
       0
       0
       0
       0
       0
       0
       0
       0
       0
       0
       0
       0
       0
       0
       0
       0
       0
       0
       0
       0
       0
       0
       0
       0
       0
       0
       0
       0
       0
       0
       0
       0
       0
       0
       0
       0
       0
       0
       0
       0
       0
       0
       0
       0
       0
       0
       0
       0
       0
       0
       0
       0
       0
       0
       0
       0
       0
       0
       0
       0
       0
       0
       0
       0
       0
       0
       0
       0
       0
       0
       0
       0
       0
       0
       0
       0
       0
       0
       0
       0
       0
       0
       0
       0
       0
       0
       0
       0
       0
       0
       0
       0
       0
       0
       0
       0
       0
       0
       0
       0
       0
       0
       0
       0
       0
       0
       0
       0
       0
       0
       0
       0
       0
       0
       0
       0
       0
       0
       0
       0
       0
       0
       0
       0
       0
       0
       0
       0
       0
       0
       0
       0
       0
       0
       0
       0
       0
       0
       0
       0
       0
       0
       0
       0
       0
       0
       0
       0
       0
       0
       0
       0
       0
       0
       0
       0
       0
       0
       0
       0
       0
       0
       0
       0
       0
       0
       0
       0
       0
       0
       0
       0
       0
       0
       0
       0
       0
       0
       0
       0
       0
       0
       0
       0
       0
       0
       0
       0
       0
       0
       0
       0
       0
       0
       0
       0
       0
       0
       0
       0
       0
       0
       0
       0
       0
       0
       0
       0
       0
       0
       0
       0
       0
       0
       0
       0
       0
       0
       0
       0
       0
       0
       0
       0
       0
       0
       0
       0
       0
       0
       0
       0
       0
       0
       0
       0
       0
       0
       0
       0
       0
       0
       0
       0
       0
       0
       0
       0
       0
       0
       0
       0
       0
       0
       0
       0
       0
       0
       0
       0
       0
       0
       0
       0
       0
       0
       0
       0
       0
       0
       0
       0
       0
       0
       0
       0
       0
       0
       0
       0
       0
       0
       0
       0
       0
       0
       0
       0
       0
       0
       0
       0
       0
       0
       0
       0
       0
       0
       0
       0
       0
       0
       0
       0
       0
       0
       0
       0
       0
       0
       0
       0
       0
       0
       0
       0
       0
       0
       0
       0
       0
       0
       0
       0
       0
       0
       0
       0
       0
       0
       0
       0
       0
       0
       0
       0
       0
       0
       0
       0
       0
       0
       0
       0
       0
       0
       0
       0
       0
       0
       0
       0
       0
       0
       0
       0
       0
       0
       0
       0
       0
       0
       0
       0
       0
       0
       0
       0
       0
       0
       0
       0
       0
       0
       0
       0
       0
       0
       0
       0
       0
       0
       0
       0
       0
       0
       0
       0
       0
       0
       0
       0
       0
       0
       0
       0
       0
       0
       0
       0
       0
       0
       0
       0
       0
       0
       0
       0
       0
       0
       0
       0
       0
       0
       0
       0
       0
       0
       0
       0
       0
       0
       0
       0
       0
       0
       0
       0
       0
       0
       0
       0
       0
       0
       0
       0
       0
       0
       0
       0
       0
       0
       0
       0
       0
       0
       0
       0
       0
       0
       0
       0
       0
       0
       0
       0
       0
       0
       0
       0
       0
       0
       0
       0
       0
       0
       0
       0
       0
       0
       0
       0
       0
       0
       0
       0
       0
       0
       0
       0
       0
       0
       0
       0
       0
       0
       0
       0
       0
       0
       0
       0
       0
       0
       0
       0
       0
       0
       0
       0
       0
       0
       0
       0
       0
       0
       0
       0
       0
       0
       0
       0
       0
       0
       0
       0
       0
       0
       0
       0
       0
       0
       0
       0
       0
       0
       0
       0
       0
       0
       0
       0
       0
       0
       0
       0
       0
       0
       0
       0
       0
       0
       0
       0
       0
       0
       0
       0
       0
       0
       0
       0
       0
       0
       0
       0
       0
       0
       0
       0
       0
       0
       0
       0
       0
       0
       0
       0
       0
       0
       0
       0
       0
       0
       0
       0
       0
       0
       0
       0
       0
       0
       0
       0
       0
       0
       0
       0
       0
       0
       0
       0
       0
       0
       0
       0
       0
       0
       0
       0
       0
       0
       0
       0
       0
       0
       0
       0
       0
       0
       0
       0
       0
       0
       0
       0
       0
       0
       0
       0
       0
       0
       0
       0
       0
       0
       0
       0
       0
       0
       0
       0
       0
       0
       0
       0
       0
       0
       0
$ROI:
1
3 3
$PRESETS:
Live Time
1036800
0
$ENER_FIT:
-37.406231 1.986979
$MCA_CAL:
3
-3.740623E+001 1.986979E+000 0.000000E+000 keV
$SHAPE_CAL:
3
0.000000E+000 0.000000E+000 0.000000E+000
