$SPEC_ID:
This is sample 047.
$SPEC_REM:
DET# 1
DETDESC# DIP1456 PCI-Trump SN 253
AP# Maestro Version 7.01
$DATE_MEA:
11/15/2024 14:46:34
$MEAS_TIM:
13 13
$DATA:
0 2047
       0
       0
       0
       0
       0
       0
       0
       0
       0
       0
       0
       0
       0
       0
       0
       0
      25
      45
      48
      44
      37
      33
      39
      53
      40
      41
      38
      32
      50
      42
      29
      40
      41
      32
      36
      62
      43
      37
      51
      53
      43
      43
      36
      38
      39
      37
      40
      47
      44
      38
      49
      37
      55
      50
      36
      48
      49
      46
      59
      49
      43
      54
      44
      31
      38
      65
      39
      49
      50
      49
      48
      40
      45
      56
      38
      49
      53
      48
      51
      50
      47
      41
      55
      49
      53
      41
      48
      37
      45
      52
      46
      55
      40
      46
      47
      55
      54
      36
      43
      55
      53
      40
      35
      50
      40
      47
      50
      35
      56
      50
      40
      42
      60
      40
      40
      35
      52
      33
      43
      43
      38
      45
      43
      47
      59
      32
      38
      46
      53
      50
      34
      52
      54
      53
      53
      49
      47
      44
      49
      47
      43
      48
      45
      47
      31
      48
      46
      51
      34
      48
      34
      45
      52
      47
      49
      48
      47
      50
      65
      41
      53
      49
      46
      59
      48
      46
      40
      39
      52
      37
      49
      46
      51
      52
      52
      48
      47
      45
      51
      63
      50
      43
      56
      56
      43
      51
      31
      39
      50
      48
      38
      58
      56
      50
      42
      47
      47
      51
      48
      40
      44
      52
      43
      44
      47
      43
      36
      46
      45
      52
      43
      62
      53
      50
      32
      48
      49
      58
      51
      45
      47
      55
      52
      54
      44
      47
      62
      53
      52
      57
      65
      56
      36
      51
      41
      57
      57
      54
      53
      37
      40
      61
      46
      35
      45
      53
      44
      44
      44
      54
      48
      53
      52
      55
      51
      52
      55
      46
      43
      56
      52
      45
      39
      37
      40
      46
      52
      53
      56
      61
      50
      48
      69
      42
      48
      38
      55
      47
      47
      46
      45
      63
      43
      41
      53
      52
      52
      54
      48
      55
      55
      46
      50
      45
      61
      44
      28
      58
      52
      45
      72
      52
      54
      46
      60
      53
      58
      58
      62
      61
      53
      60
      66
      60
      56
      48
      61
      65
      66
      82
      66
      56
      69
      73
      94
      83
      76
      79
      75
      78
      69
      69
      69
      75
      81
      58
      75
      75
      66
      74
      80
      83
      67
      74
      82
      75
      71
      72
      78
      80
      63
      76
      67
      90
      67
      74
      67
      75
      63
      55
      74
      69
      69
      67
      67
      82
      67
      51
      58
      73
      69
      69
      57
      60
      61
      61
      64
      58
      43
      56
      58
      75
      70
      72
      54
      65
      67
      55
      60
      73
      57
      51
      52
      78
      59
      69
      63
      71
      61
      59
      52
      56
      50
      62
      72
      56
      54
      53
      74
      55
      53
      65
      51
      56
      72
      48
      63
      45
      49
      62
      60
      66
      58
      47
      56
      65
      58
      53
      57
      52
      58
      48
      64
      70
      61
      45
      66
      56
      63
      50
      59
      56
      58
      66
      47
      43
      46
      45
      44
      47
      64
      40
      57
      55
      56
      50
      56
      54
      57
      53
      49
      42
      45
      45
      47
      46
      49
      45
      52
      44
      52
      54
      44
      50
      42
      39
      55
      52
      37
      43
      54
      51
      54
      42
      59
      33
      42
      52
      41
      37
      43
      30
      44
      46
      50
      38
      38
      43
      40
      49
      47
      38
      54
      35
      39
      53
      40
      40
      53
      37
      39
      42
      53
      45
      38
      29
      56
      49
      37
      43
      53
      42
      37
      38
      45
      50
      34
      48
      46
      47
      43
      34
      47
      49
      43
      46
      36
      48
      51
      28
      47
      46
      42
      50
      49
      48
      40
      50
      41
      35
      31
      36
      33
      47
      46
      48
      39
      34
      48
      33
      41
      45
      45
      46
      35
      36
      47
      55
      52
      48
      41
      32
      38
      43
      41
      31
      54
      50
      30
      37
      48
      49
      31
      43
      44
      41
      36
      45
      37
      27
      30
      37
      41
      41
      33
      32
      35
      41
      37
      31
      30
      36
      30
      34
      32
      27
      32
      34
      31
      40
      35
      34
      39
      42
      31
      31
      27
      33
      31
      29
      20
      22
      29
      36
      23
      29
      16
      28
      32
      29
      22
      27
      25
      23
      29
      19
      31
      26
      11
      15
      14
      25
      16
      29
      24
      20
      27
      21
      25
      23
      27
      25
      19
      11
      25
      16
      15
      17
      17
      22
      19
      15
      13
      22
      27
      13
      12
      12
       8
      12
      19
      14
      16
      14
      16
      11
       6
      12
      14
      12
      12
      15
      13
      10
      11
      12
      14
       6
       9
      17
      10
      11
       9
      10
       8
      10
      21
      15
       9
       6
       7
      10
       7
      16
      10
       8
       3
       9
      12
      15
       8
      11
       9
       6
      12
      10
      11
      12
      15
       8
       7
      17
       8
      15
       5
      11
       4
       9
      11
      11
       7
       9
      13
       7
       4
      12
      10
      10
       8
       8
      14
      10
       4
       7
      10
       7
      10
      12
      10
       5
      11
       8
       7
       5
      15
      12
       8
       8
      10
      15
      11
       8
      11
       9
       5
      10
       6
      14
       6
       5
       5
       9
      10
       8
      15
       5
      10
       5
       9
       8
      11
       7
       9
       8
       6
      13
       4
       8
      14
      11
      10
      13
       9
      11
       6
      10
      10
       5
      10
      12
      13
       3
       6
      14
       9
       4
      12
       8
      11
      16
       9
      15
      13
      11
      12
      14
       9
      12
      13
      17
      19
      11
      12
      17
      11
      13
      12
      11
      19
      13
      16
      13
      17
      16
      17
      23
      26
      17
      24
      15
      23
      21
      25
      20
      27
      23
      39
      28
      30
      28
      34
      32
      27
      31
      35
      24
      23
      34
      36
      48
      59
      49
      39
      49
      48
      50
      51
      49
      44
      59
      51
      73
      56
      65
      75
      76
      73
      99
      82
      75
      88
      83
      79
      90
      77
      96
     103
     108
      90
      93
     109
     125
     101
     107
     102
     119
     114
     123
     123
     122
     147
     120
     127
     124
     136
     117
     126
     131
     162
     145
     147
     147
     135
     161
     163
     152
     160
     153
     154
     125
     140
     135
     147
     145
     135
     157
     142
     155
     165
     125
     157
     145
     149
     135
     132
     164
     148
     137
     129
     149
     135
     132
     144
     136
     120
     131
     135
     115
     127
     125
     115
     123
     110
     119
      99
      99
     102
      92
      88
      89
      92
      84
      88
      86
      83
      79
      84
      73
      62
      68
      69
      78
      50
      55
      63
      54
      53
      59
      49
      50
      49
      45
      53
      47
      35
      35
      43
      38
      29
      38
      32
      38
      30
      32
      33
      26
      21
      24
      25
      18
      32
      19
      15
      15
      14
      17
      14
      18
      14
      20
      15
      11
      15
       7
      10
      13
      15
      14
      18
      12
      10
      15
      13
       9
       3
       4
       4
       9
      14
       9
       9
      12
       8
       6
       8
       7
      11
       8
       6
       7
      11
       6
       8
       6
       6
       5
       6
       9
       5
       9
       5
       3
       3
       4
       6
       5
       2
       6
      10
       5
       7
       1
       5
       3
       3
       2
       7
       2
       3
       4
       3
       5
       3
       6
       2
       4
       1
       3
       4
       5
       5
       4
       5
       5
       2
       2
       6
       3
       4
       7
       8
       5
       6
       6
      12
       4
       3
       2
       7
       9
       7
       2
       6
       6
       3
       6
       7
       8
       6
       4
       2
       6
       6
       2
       5
       4
       7
       6
       6
       8
       5
       6
       2
       3
       8
       2
       1
      10
       6
       4
       5
       4
       6
       4
       4
       5
       0
       4
       3
       3
       5
       5
       7
       5
       7
       1
       7
       5
       6
       7
       5
       5
      10
       8
       5
       6
       3
       4
       6
      11
       8
       5
       8
       2
       3
       6
       9
       5
       4
       5
       9
       7
       9
       6
       6
       2
       5
       2
       5
       3
       3
       6
       6
       3
       7
      13
       6
       5
       5
       9
       8
       7
       7
       5
       8
       4
       6
       8
       3
       8
       7
       5
       5
       7
       4
       3
       2
       5
       5
       6
       6
       8
       5
       8
       5
       2
       3
       7
       5
       7
       4
       6
       5
       4
       5
       4
       4
       7
       7
      10
       3
       3
       9
       2
       3
       3
       3
       5
       7
       6
       6
       3
       6
       7
       3
       4
       3
      10
       4
      13
       5
       3
       4
       5
       4
       1
       6
       6
       5
       4
       6
       8
       5
       9
       7
       7
       5
       7
       6
       2
       2
       6
       5
       2
       3
       6
       1
       4
       4
       3
       7
       6
       5
       8
       1
      13
       4
       5
       7
       4
       6
       2
       7
       5
       5
       5
       6
       4
       3
       7
       5
       7
       8
       3
       7
      10
       6
       5
       8
       5
       4
       3
       5
       6
       5
       4
       9
       8
       8
      12
       5
       4
       3
       6
       3
       9
       6
      10
       4
       3
       3
       2
       3
       9
       6
       9
       3
       4
       8
       9
       4
       9
      10
       8
      10
       3
       6
       2
       3
       7
       5
       2
       4
       3
       3
       7
       3
       6
       5
       7
       6
      10
       2
       7
       7
       5
       9
       4
       6
       8
       2
       9
       7
       6
       5
       3
       5
       4
       8
       3
       7
       4
       2
       3
       3
       5
       3
       5
       4
       5
       6
      11
       5
       7
       8
       7
       2
       5
       7
      10
       4
       5
       4
       3
       6
       1
       5
       6
       3
       8
       9
       9
       6
       2
      10
       9
       2
       4
       9
       4
      10
       8
       4
       9
       5
       7
       9
       5
       3
       7
       6
      10
       6
       4
       4
       4
      10
       2
       2
       7
       8
      10
       8
       4
       6
       8
       9
       9
       7
       3
       4
       4
       5
       4
      11
       5
       4
      10
       6
       7
       3
       4
       8
       4
       2
       6
       6
       7
       3
       9
       7
       4
       9
       6
       8
       6
       8
      12
       3
       4
       3
       7
       3
       6
       9
       7
       4
       5
       6
       5
       6
       5
       9
       9
       4
       7
       3
       5
       5
      10
       7
       7
       9
      10
       5
       9
      11
       4
       7
       4
       8
       4
       8
       5
       1
       7
       5
       2
       6
       5
       4
       7
       5
       4
       6
       8
       5
      11
      10
       7
       4
      10
       8
       6
      10
       2
       6
       2
      12
       5
       7
       5
       5
      12
       3
       5
      11
       7
       9
       6
       3
       8
      11
       4
      13
       2
       6
       9
       5
       6
       4
       6
       5
       5
       4
       5
       4
       8
       3
       5
       7
      11
       7
       5
       6
       8
       9
       2
       5
       5
       3
       9
       5
       5
      12
       3
       7
       5
       4
       8
       4
      13
       6
       6
       4
      12
       6
       8
       5
       8
       8
      10
       6
       5
       6
       7
      11
       4
       8
       7
       8
       7
       8
       5
       3
      10
       7
       6
       7
       6
       5
       8
       9
       7
       5
       7
       8
      10
      10
       2
       7
       6
       5
       7
       7
       6
       9
       3
       6
       7
       3
       8
       4
      10
       9
       7
       6
       8
       5
       7
      13
       6
       6
       6
       8
       7
       7
      11
       8
       9
       7
       5
       9
       5
       7
       7
       4
      10
       9
       4
       7
       6
       9
       7
       4
       4
       9
       9
       6
       7
      13
      10
       4
       6
      10
       9
       7
      10
      12
       5
       5
       8
       9
       7
       5
      11
      13
       3
       8
       5
       3
       5
       5
       8
       9
       7
      10
       7
       8
       9
       5
       2
       2
       7
      13
       7
       6
       9
       6
       8
       7
       5
      13
      11
      10
       8
       9
       9
       5
       4
       7
       6
       8
       5
       6
      14
       5
       7
       8
       4
       7
       5
      11
      13
       8
       5
       5
       6
       8
       7
       9
       3
       7
       8
      11
       8
       8
       6
       9
       2
       8
       9
       9
       5
       6
       9
       6
       5
      11
       2
       9
      12
      11
       8
       8
       2
       7
       5
       5
       2
      15
       6
       7
       6
       3
      10
       6
       6
       7
       7
       6
       3
       7
       6
       6
       8
       7
       9
       8
       4
       4
       7
       7
       8
       7
      10
       5
       6
       7
       9
       7
      10
       3
       7
       6
       3
       4
      11
       3
       3
       6
       4
       5
       8
       3
       2
       6
       6
       4
       7
       7
       5
       7
       3
       3
       5
       7
       4
       6
       4
       5
       2
       6
       5
       6
       6
       8
       9
       7
       8
       6
       9
       5
       2
       1
       4
       9
       4
       4
       3
       6
       6
       8
       5
       4
       5
       6
       3
       1
       5
       7
       3
       2
       1
       6
       6
       1
       3
       5
       2
       4
       2
       2
       4
       4
       0
       4
       5
       5
       3
       3
       2
       4
       6
       1
       1
       3
       1
       3
       1
       2
       3
       4
       1
       1
       5
       4
       2
       1
       8
       3
       2
       4
       2
       1
       5
       3
       3
       5
       3
       4
       2
       3
       3
       3
       3
       1
       3
       3
       1
       1
       1
       2
       1
       2
       0
       1
       1
       5
       4
       2
       1
       3
       1
       1
       3
       1
       1
       0
       0
       4
       1
       1
       1
       0
       2
       2
       3
       3
       1
       3
       3
       2
       1
       1
       0
       1
       0
       1
       2
       1
       2
       2
       1
       1
       1
       0
       5
       1
       0
       0
       2
       3
       2
       2
       1
       1
       1
       1
       3
       4
       1
       2
       1
       2
       1
       1
       0
       2
       1
       1
       1
       2
       1
       2
       3
       4
       2
       3
       6
       2
       1
       5
       0
       2
       4
       5
       0
       2
       0
       1
       3
       2
       2
       2
       3
       4
       1
       0
       0
       1
       2
       1
       2
       0
       1
       0
       0
       1
       0
       0
       1
       1
       0
       0
       0
       0
       0
$ROI:
2
3 3
788 1029
$PRESETS:
Live Time
1036800
0
$ENER_FIT:
-37.406231 1.986979
$MCA_CAL:
3
-3.740623E+001 1.986979E+000 0.000000E+000 keV
$SHAPE_CAL:
3
0.000000E+000 0.000000E+000 0.000000E+000
