$SPEC_ID:
This is sample 082.
$SPEC_REM:
DET# 1
DETDESC# DIP1456 PCI-Trump SN 253
AP# Maestro Version 7.01
$DATE_MEA:
01/11/2025 19:50:07
$MEAS_TIM:
1000 1028
$DATA:
0 2047
       0
       0
       0
       0
       0
       0
       0
       0
       0
       0
       0
       0
       0
       0
       0
       0
       0
       0
       0
       0
       0
       0
       0
       0
       0
       0
       0
       0
       0
       0
       0
       0
       0
       0
       0
       0
       0
       0
       0
       0
       0
       0
       0
       0
       0
       0
       0
       0
       0
       0
       0
       0
       0
       0
       6
      12
      15
      11
       7
      10
      19
      13
      20
      12
      13
      11
      17
      13
      11
      20
      13
      12
      14
      12
      12
       6
      16
      16
      14
      13
      12
      19
      12
      17
      11
      19
      15
      13
      16
      15
      12
       9
      15
      11
      13
      13
      15
      19
      18
      18
      22
      17
      17
      22
      20
      14
      17
       9
      17
      12
      18
       9
      18
      26
      23
       6
      17
      15
      16
      15
      13
      11
      22
      18
      17
      19
      17
      25
      19
      14
      18
      16
      20
      20
      18
       8
      15
      27
      14
      15
      18
      13
      14
      10
       9
      24
      23
      14
      16
      12
      16
      16
      11
      13
      19
      17
      16
      12
      12
      12
       8
      20
      14
      15
      21
      22
      11
      19
      23
      16
      15
      10
      17
      14
      19
      11
      15
      15
      14
      16
      23
      11
      22
      17
      18
      17
      18
      13
      11
      21
      25
      15
      20
      14
      18
      18
       9
      14
      15
      20
      23
      12
      11
      24
      19
      22
      13
      21
      14
      17
      19
      15
      19
       8
      21
      22
      14
      13
      18
      21
      17
      22
      23
      17
      17
      16
      15
      12
      16
      21
      19
      22
      12
       9
      16
      13
      25
      16
      17
       9
      14
      21
      20
      12
      18
      20
      23
      17
      12
      14
      15
      13
      16
      15
      19
      14
      12
      13
      14
      10
      14
      17
      12
      13
      21
      25
      18
      13
      13
      20
      15
      13
      18
      15
      14
      17
      18
      15
       7
      12
      20
      20
      20
      16
      19
      21
      17
      17
      18
      19
      11
      25
      10
      18
      13
      13
      19
      19
      17
      10
      17
      19
      14
      16
      11
      11
      17
      14
      25
      14
      17
      13
      17
      14
      21
      17
      15
      13
      13
      13
      11
      18
      11
      16
      19
      15
      19
      18
      10
      16
      13
      15
      18
      14
      21
      19
      16
      16
      19
      13
      14
      11
      14
      21
      21
      19
      22
      11
      17
      14
      23
      14
      14
      17
      14
      19
      22
      14
      17
      15
      13
      22
      20
      21
      17
      23
      17
      19
      24
      12
      13
      15
      10
      10
      28
      12
      14
      22
      22
      18
      10
      16
      18
      19
      16
      11
      10
      12
      16
      12
      15
      19
      20
      18
      16
      11
      14
      13
      10
      22
      15
      17
      14
      13
      26
      20
      17
      16
      14
      12
      17
      26
      19
      21
      18
      17
      11
      23
      13
      13
      16
      11
      13
      18
      24
      23
      14
      12
      26
      11
      21
      19
      24
      20
      16
      15
      14
      18
      18
      16
      18
      22
      16
      14
      17
      21
      14
      17
      13
      13
      22
      15
      21
      12
      11
      19
      19
      14
      21
      17
      13
       9
      16
      20
      14
      14
      15
      16
      23
      16
      16
      18
      13
      17
      20
      17
      24
      14
      17
      14
      14
      15
      12
      22
      22
      25
      12
      19
      17
      25
      22
      18
      15
      15
      14
      19
      23
      12
      18
      10
      19
      20
      11
      16
      16
      17
      10
      12
      17
      17
      18
      12
      25
      16
      14
      21
      16
      24
      15
      19
      22
      24
      19
      21
      21
      19
      15
      19
      16
      17
      22
      20
      18
      14
      24
      10
      15
      26
      18
      18
      18
      23
      19
      16
      16
      17
      19
      12
      23
      14
      18
      20
      17
      18
      11
      19
      18
      15
      19
      15
      22
      19
      24
      24
      11
      15
      14
      21
      13
      15
      20
      17
      15
      21
      22
      26
      11
      12
      19
      13
      14
      29
      24
      20
      20
       9
      16
      15
      16
      15
      18
      19
      18
      18
      17
      13
      26
      19
      13
      17
      15
      13
      15
      16
      11
      16
      32
      20
      19
      18
      22
      16
      15
      22
      16
      13
      19
      14
      13
      25
      28
      17
      15
      18
      13
      13
      21
      19
      17
       4
      12
      17
      16
      16
      13
      21
      13
      15
      15
      14
      19
      24
      20
      21
      23
      17
      16
      19
      15
      20
      17
      17
      17
      25
      14
      11
      14
      11
      12
      13
      22
      11
      14
      14
      19
      15
      19
      18
      15
      15
      12
      14
      19
      19
      14
      15
      17
       9
      12
      12
      11
      13
      13
      13
      19
      19
      10
      17
      15
      12
      17
       8
      21
      10
      16
      12
      20
      11
      19
      18
      15
      20
      17
      19
      15
      17
      14
      19
      15
      16
      21
      13
      20
      16
      12
      18
      14
      17
      25
      12
      16
      21
      17
      20
      11
       9
      14
      24
      11
      18
      24
      12
      17
      13
      16
      17
      14
      14
      14
      17
      17
      23
      11
      12
      16
      10
      16
      18
      13
      17
      18
      12
      20
      16
      20
      14
      20
      20
      12
      15
      20
      16
      17
      11
      15
      14
      14
      20
      12
      10
      19
      13
      16
      23
      12
      21
      15
      16
      22
      17
      17
      22
      21
      15
      12
      19
      15
      14
      12
      24
      22
      17
      16
      21
      26
      14
      21
      21
      23
      20
       8
      13
      15
      13
      18
      19
      15
      17
      25
      24
      21
      20
      21
      15
      29
      14
      15
      14
      24
      21
      14
      17
      20
      19
      12
      18
      15
      18
      17
      18
      10
      13
      20
      19
      18
      13
      18
      16
      14
      25
      12
      12
      14
      21
      15
      14
      15
      16
      26
      17
      14
      23
      21
      13
      17
      10
      15
      19
      15
      14
      21
      17
      14
      13
      14
      18
      16
      17
      14
      15
      16
      27
      11
      17
      24
      17
      26
      15
      16
      23
      13
       9
      24
      25
      19
      18
      16
      21
      14
      15
      17
      18
      16
      12
      16
       8
      19
      16
      15
      12
      24
      20
      15
      21
      14
      18
      17
      21
      19
      15
      13
      15
      18
      22
      19
      13
      12
      26
      15
      17
      13
      15
      24
      19
       9
      18
      18
      20
      15
      14
      13
      16
      13
      12
      15
      21
      16
       5
      19
      11
       9
      13
       5
      12
       8
      13
      12
      10
       8
      11
       8
       9
      17
       6
      10
      18
      14
       9
      10
       9
      13
       9
       7
       7
      15
      10
       6
       7
      11
       8
       7
       5
       7
       7
       6
       7
      10
       3
       9
       4
       8
       2
       5
       3
       9
       9
       4
       6
       2
       6
       3
       3
       2
       5
       6
       6
       3
       6
       4
       5
       6
       6
       4
       2
       4
       3
       2
       9
       6
       4
       5
       4
       1
       1
       3
       3
       2
       2
       3
       3
       5
       6
       7
       3
       3
       6
       3
       3
       7
       2
       4
       3
       1
       1
       4
       5
       3
       4
       4
       4
       7
       4
       5
       4
       2
       3
       1
       1
       2
       7
       3
       2
       3
       6
       5
       1
       2
       3
       2
       1
       4
       2
       3
       3
       5
       2
       3
       2
       0
       3
       1
       2
       2
       2
       0
       2
       1
       6
       3
       1
       2
       1
       0
       1
       2
       1
       5
       2
       0
       2
       1
       1
       2
       0
       5
       2
       1
       1
       1
       3
       0
       0
       5
       6
       1
       3
       4
       3
       1
       3
       0
       1
       1
       0
       4
       0
       2
       1
       1
       1
       1
       1
       4
       1
       2
       0
       0
       0
       0
       2
       3
       2
       0
       0
       2
       2
       2
       1
       4
       4
       1
       0
       2
       1
       1
       3
       2
       0
       3
       3
       4
       1
       2
       0
       2
       1
       0
       0
       3
       0
       3
       0
       1
       1
       1
       0
       3
       0
       3
       0
       0
       2
       0
       1
       0
       0
       2
       1
       2
       1
       0
       2
       1
       3
       2
       0
       3
       2
       0
       3
       0
       0
       1
       1
       4
       1
       1
       2
       2
       3
       1
       0
       2
       1
       3
       0
       2
       0
       2
       1
       1
       1
       1
       1
       2
       1
       1
       3
       1
       0
       0
       2
       2
       1
       1
       1
       5
       0
       1
       2
       2
       1
       4
       3
       3
       1
       0
       2
       2
       3
       0
       0
       0
       3
       1
       1
       1
       0
       3
       3
       1
       1
       0
       0
       2
       1
       4
       1
       1
       3
       4
       0
       1
       1
       2
       3
       0
       0
       0
       4
       3
       3
       1
       1
       1
       0
       5
       3
       1
       4
       1
       1
       2
       1
       1
       2
       1
       0
       2
       3
       1
       1
       5
       0
       2
       3
       3
       2
       0
       2
       1
       4
       1
       2
       4
       3
       4
       1
       2
       3
       4
       2
       3
       2
       5
       1
       3
       1
       3
       2
       2
       4
       4
       4
       5
       7
       6
       1
       4
       4
       6
       3
       6
       5
       6
       5
      10
       5
       7
      15
      11
       9
      10
      16
       3
       8
      19
      10
      10
      15
      18
      16
      15
      12
      21
      20
      19
      17
      23
      22
      29
      24
      33
      38
      23
      35
      33
      46
      37
      41
      49
      51
      48
      65
      43
      44
      60
      61
      63
      80
      71
      71
      57
      82
     105
      76
      88
      82
      92
      90
      77
      83
      99
     121
     117
     100
     120
     121
     115
     103
     130
     126
     147
     149
     134
     134
     126
     143
     182
     156
     153
     165
     175
     175
     172
     177
     212
     158
     168
     162
     208
     199
     190
     193
     208
     201
     192
     220
     226
     218
     229
     209
     220
     246
     221
     214
     223
     239
     239
     254
     247
     259
     268
     254
     250
     234
     258
     242
     260
     256
     251
     250
     253
     286
     306
     284
     250
     256
     287
     237
     264
     245
     243
     246
     274
     250
     220
     243
     234
     238
     236
     244
     249
     231
     257
     246
     236
     261
     199
     232
     221
     229
     214
     204
     219
     200
     189
     193
     206
     174
     181
     150
     167
     166
     163
     170
     155
     162
     160
     156
     146
     153
     138
     141
     125
     127
     123
     126
     109
     122
     115
      94
      97
      87
     100
     114
      92
      77
      99
      73
      66
      65
      67
      74
      60
      58
      58
      57
      69
      53
      61
      54
      49
      45
      52
      41
      39
      44
      37
      38
      36
      33
      35
      37
      28
      19
      22
      23
      22
      23
      27
      20
      16
      13
      19
      22
      16
      18
       7
      15
      14
      15
      12
       9
      10
      11
      15
       8
       4
      10
      10
       9
       6
       2
       5
       5
       1
       3
       4
       7
       5
       2
       0
       3
       3
       1
       9
       4
       2
       2
       1
       2
       4
       2
       1
       2
       3
       0
       3
       1
       1
       3
       1
       1
       2
       3
       0
       2
       1
       2
       2
       1
       1
       1
       1
       0
       2
       0
       0
       0
       0
       0
       0
       1
       1
       2
       0
       1
       1
       1
       0
       1
       0
       1
       0
       0
       0
       0
       0
       0
       0
       2
       0
       0
       0
       1
       0
       1
       1
       0
       1
       1
       0
       1
       0
       0
       0
       1
       0
       1
       0
       1
       1
       0
       0
       1
       0
       2
       0
       1
       1
       1
       0
       0
       1
       1
       0
       1
       0
       2
       0
       0
       1
       0
       0
       0
       1
       1
       0
       0
       1
       0
       0
       1
       2
       0
       1
       0
       1
       1
       0
       2
       1
       0
       1
       0
       0
       0
       0
       2
       2
       0
       0
       0
       0
       0
       3
       0
       1
       0
       0
       1
       1
       0
       0
       1
       2
       0
       0
       1
       1
       0
       1
       0
       0
       0
       1
       0
       0
       0
       0
       0
       0
       1
       0
       1
       0
       0
       1
       0
       0
       1
       1
       1
       1
       1
       0
       0
       0
       0
       0
       1
       2
       0
       0
       0
       1
       0
       0
       0
       1
       0
       1
       0
       0
       0
       0
       1
       0
       0
       0
       0
       2
       1
       0
       2
       0
       0
       0
       0
       1
       0
       0
       0
       0
       0
       0
       1
       0
       1
       0
       0
       1
       0
       0
       0
       0
       0
       1
       2
       0
       1
       1
       2
       1
       0
       1
       0
       1
       0
       1
       0
       1
       0
       0
       1
       1
       0
       0
       0
       1
       1
       0
       1
       0
       0
       0
       0
       0
       0
       0
       0
       0
       1
       0
       0
       0
       0
       0
       0
       0
       0
       0
       0
       1
       1
       1
       0
       0
       0
       0
       0
       1
       0
       1
       0
       0
       0
       0
       1
       0
       1
       0
       0
       1
       0
       1
       0
       0
       0
       0
       0
       0
       1
       0
       0
       3
       1
       1
       0
       0
       0
       1
       0
       0
       0
       0
       0
       1
       0
       0
       0
       0
       0
       1
       0
       1
       0
       1
       1
       1
       0
       0
       1
       1
       0
       1
       1
       0
       0
       0
       0
       1
       1
       0
       0
       2
       0
       0
       0
       0
       0
       3
       0
       0
       0
       1
       0
       0
       1
       0
       0
       1
       0
       1
       1
       0
       1
       0
       0
       1
       0
       0
       1
       0
       1
       0
       0
       0
       1
       1
       0
       1
       1
       0
       0
       1
       0
       0
       0
       0
       1
       0
       0
       0
       0
       0
       1
       0
       1
       0
       0
       3
       0
       0
       0
       0
       1
       0
       1
       3
       0
       0
       0
       0
       0
       0
       0
       0
       0
       0
       1
       0
       0
       1
       0
       0
       0
       0
       0
       0
       0
       0
       1
       1
       0
       0
       1
       0
       0
       0
       1
       1
       0
       0
       0
       0
       0
       0
       0
       0
       0
       0
       0
       0
       0
       0
       0
       0
       0
       0
       0
       0
       1
       0
       0
       0
       0
$ROI:
1
1331 1635
$PRESETS:
Live Time
1000
0
$ENER_FIT:
-37.406231 1.986979
$MCA_CAL:
3
-3.740623E+001 1.986979E+000 0.000000E+000 keV
$SHAPE_CAL:
3
0.000000E+000 0.000000E+000 0.000000E+000
