$SPEC_ID:
This is sample 256.
$SPEC_REM:
DET# 1
DETDESC# DIP1456 PCI-Trump SN 253
AP# Maestro Version 7.01
$DATE_MEA:
01/14/2025 02:24:11
$MEAS_TIM:
1000 1028
$DATA:
0 2047
       0
       0
       0
       0
       0
       0
       0
       0
       0
       0
       0
       0
       0
       0
       0
       0
       0
       0
       0
       0
       0
       0
       0
       0
       0
       0
       0
       0
       0
       0
       0
       0
       0
       0
       0
       0
       0
       0
       0
       0
       0
       0
       0
       0
       0
       0
       0
       0
       0
       0
       0
       0
       0
       1
      11
      13
      14
      17
       3
      13
      12
      12
      13
      18
      12
      14
      13
      15
      13
      14
      10
      17
      14
      16
      16
      12
       8
      12
       4
      16
      14
      15
      23
      19
      17
      13
      19
       9
      18
      15
      18
      16
       3
      13
      17
      13
      15
      16
      11
      18
      19
      12
      11
      16
      14
      11
      17
      13
       8
       9
      11
      15
      14
      15
      13
      20
      15
      17
      12
      18
      15
      18
      15
      11
      15
      17
      19
      15
      16
      20
      15
      11
      14
      13
      12
      17
      22
      12
      13
      12
      22
      19
      14
      27
      16
       8
       9
      16
      16
      17
      11
      18
      13
      22
      17
      18
       9
      15
      21
      11
      20
      11
      12
      15
      16
      13
      17
      12
      18
      15
      11
      20
      15
      17
      10
      19
      17
      17
      18
      21
      19
      11
      10
      24
      13
      16
      19
      15
      18
      15
      16
      15
      14
      21
      18
      21
      14
      17
      12
      20
      24
      13
      12
      14
      17
      11
      15
       7
      21
      22
      14
      20
      18
       9
      14
      22
      19
      12
      20
      17
      13
      14
      23
      15
      17
      19
      13
      14
      11
      15
      26
      20
      19
      17
       9
      15
      18
      11
      15
      10
      22
      11
      13
      16
      19
      26
      20
      15
      15
      20
      12
      15
      17
      12
      20
      15
      18
      12
      19
      15
      13
      14
      16
      12
      14
      18
      20
      10
      15
      24
      14
      23
      16
      13
      15
      17
      12
      14
      14
      18
      13
      11
      13
      21
      25
      18
      17
      12
      24
      28
      11
      18
      14
      12
      14
      21
      20
      21
      12
      17
      14
      19
      18
      11
      14
      17
      14
      15
      17
      19
      21
      18
      21
      14
      13
      14
      15
      18
      17
      18
      15
       7
      15
      25
      13
      15
      11
      15
      14
      17
      12
      11
      16
      15
      24
      18
      11
      13
      12
      18
      15
      15
      17
      13
      18
      14
      18
      15
      21
      19
      19
      19
      15
      10
      19
      15
      11
      18
      17
      17
      20
      14
      22
      13
      16
      20
      13
      20
      14
      22
      15
      22
      16
      21
      21
      17
      15
      17
      24
      24
      21
      22
      18
      15
      17
      22
      25
      13
      26
      24
      16
      20
      14
      15
      13
      20
      17
      19
      15
      23
      14
      19
      21
      23
      24
      15
       9
      12
      20
      24
      24
      14
      16
       8
      13
      11
       9
      17
      21
      23
      17
      14
      14
      17
      24
      20
      17
      15
      11
      12
      16
      25
       9
      13
      21
      14
      15
      19
      17
      13
       7
      27
      16
      19
      15
      18
      16
      13
      17
      18
      15
      11
      14
      17
      16
      12
      22
      14
      13
      15
      14
      23
      19
      16
       9
      17
      20
      16
      21
      13
      14
      15
      16
      11
      15
      21
      22
      12
      15
      16
      10
      15
      17
      23
      13
      13
      12
      20
      17
      15
      20
      11
      12
      23
      18
      13
      24
      19
      14
      22
      16
      15
      24
       8
      10
      13
      16
      14
      14
       8
      13
      24
      13
      23
      22
      16
      14
      18
      14
      18
      19
      12
      10
      18
      18
      17
      12
      16
      21
      15
      19
      25
      14
      19
      19
       8
      27
      29
      17
      17
      18
      11
      20
      15
      20
      15
      23
      16
      17
      10
      13
       7
      16
      13
      16
      15
      22
       9
      12
      14
      14
      20
      13
       8
      22
      14
      14
      19
      23
      12
      14
      10
      20
      16
      12
      17
      19
      27
      14
      12
      25
      16
      17
      12
      18
      15
      18
      14
      17
      18
      14
      26
      18
      16
      12
      18
      22
      18
      15
      18
      14
      19
      17
      19
      20
      13
      19
      20
      11
      17
      17
      16
      24
      15
      14
      24
      25
      25
      15
      12
      12
      19
      17
      20
      12
      20
      14
      13
      13
      11
      16
      16
      21
      18
      16
      21
      15
      14
      12
      17
      11
      14
      18
      14
      21
      11
      16
      17
      18
      13
      13
      12
      20
      17
      11
      17
      10
      17
      18
      10
      14
      14
      17
      20
      12
      18
      13
      18
       9
       9
      18
      17
      20
      14
      13
      18
      20
      26
      15
      12
      14
      19
      14
      14
      21
      13
      14
      12
       9
      23
      14
      19
      12
      13
      18
      15
      15
      17
      17
      11
      13
      19
       8
      17
      11
      15
      18
      26
      18
      11
      12
      16
      14
      17
      18
      16
      17
      15
      13
      22
      14
      12
      16
      14
      17
      19
      19
      18
       8
      10
      15
       8
      13
      27
      17
      20
       9
      18
      12
      19
      16
      15
      17
      17
      25
      14
      17
      16
      23
      15
      16
      16
      20
      14
      21
      11
      19
      21
      14
      10
      16
      19
      14
      26
      18
      16
      14
      14
      15
      18
      14
      12
      10
      19
      10
      15
      17
      16
      18
      17
      15
      17
      13
      14
      22
      13
      19
      15
      21
      16
      19
      18
      17
      16
      19
      16
      15
      18
      17
      13
      19
      14
      17
      15
      19
      23
      12
      11
      15
      12
      19
      10
      21
      14
      17
      18
      13
      22
      19
      23
      22
      14
      20
      17
      14
      11
      25
      20
      19
      14
      23
      16
      16
      13
      15
      16
      19
      15
      16
      21
      15
      16
      14
      23
      12
      15
      14
      14
      16
      17
      13
       9
      21
      25
      21
      19
      17
      22
      21
      12
      19
      17
      14
      24
      22
      27
      14
      21
      22
      21
      18
      18
      18
      23
      17
      13
      25
      19
      13
      12
      16
      18
      16
      19
      21
      21
      15
      21
       9
      14
      13
      21
      22
      16
      18
      22
      15
      18
      30
      20
      20
      15
      23
      16
      17
      17
      13
      24
      29
      17
      14
      15
      15
      10
       9
      12
      14
      23
      17
      17
      13
      13
      16
      17
      21
      11
      18
      13
      16
      13
      16
      12
      15
      13
      14
      13
      18
       8
      10
      12
       7
      16
       9
      12
       9
      10
       9
      16
       9
       7
      10
       6
       9
       7
       8
       7
       9
      10
       4
       9
       8
       7
      11
      10
       7
       9
      13
      10
       7
       6
      12
      16
       6
       4
       2
      11
       7
       5
       6
       8
       6
       8
      11
       8
      11
      10
       9
       6
       5
       6
       4
       3
       6
       8
       6
       7
       3
       4
       5
       4
       5
       4
       8
       2
       3
       4
       7
       1
       8
       3
       5
       4
       2
       2
       4
       4
       5
       3
       6
       4
       2
       4
       6
       1
       3
       5
       3
       2
       4
       7
       4
       4
       4
       3
       6
       3
       1
       1
       3
       3
       3
       2
       1
       4
       3
       5
       2
       6
       0
       3
       3
       1
       2
       2
       2
       1
       1
       4
       3
       4
       3
       3
       5
       1
       2
       2
       1
       3
       5
       6
       2
       2
       0
       5
       4
       1
       3
       3
       2
       2
       1
       1
       5
       2
       1
       3
       3
       4
       4
       4
       1
       1
       0
       4
       1
       1
       2
       2
       0
       0
       1
       3
       0
       2
       1
       3
       5
       4
       2
       0
       2
       0
       1
       2
       2
       2
       1
       2
       3
       0
       0
       0
       1
       4
       3
       1
       2
       3
       0
       3
       2
       2
       0
       1
       0
       2
       1
       4
       0
       2
       2
       3
       0
       2
       0
       2
       2
       2
       1
       1
       2
       1
       0
       0
       2
       3
       2
       0
       2
       1
       2
       0
       1
       1
       1
       0
       2
       2
       3
       2
       0
       2
       2
       1
       1
       1
       3
       0
       2
       2
       2
       1
       0
       3
       0
       1
       0
       3
       3
       1
       0
       2
       0
       1
       1
       1
       1
       2
       2
       0
       3
       0
       0
       1
       0
       2
       2
       2
       2
       1
       0
       2
       2
       1
       0
       0
       2
       0
       1
       4
       1
       2
       1
       1
       0
       1
       1
       4
       3
       1
       2
       1
       0
       2
       2
       1
       1
       0
       2
       3
       1
       1
       1
       1
       1
       1
       2
       1
       1
       4
       2
       0
       1
       2
       2
       0
       2
       0
       0
       2
       1
       1
       1
       1
       1
       2
       2
       2
       2
       1
       4
       4
       1
       0
       3
       2
       3
       3
       3
       4
       3
       5
       2
       1
       2
       1
       1
       2
       5
       1
       3
       1
       0
       1
       1
       4
       2
       3
       0
       1
       1
       1
       1
       2
       4
       2
       0
       1
       1
       2
       0
       7
       3
       2
       5
       1
       4
       2
       4
       7
       2
       3
       6
       4
       2
       7
       8
       2
       3
       2
       5
       5
       3
       4
       6
       5
       8
       9
       6
      11
       9
      11
      13
      16
      11
      16
       8
      13
       5
      16
      17
      15
      16
      25
      26
      26
      16
      22
      25
      32
      27
      27
      29
      32
      32
      39
      43
      51
      27
      41
      48
      40
      40
      45
      47
      49
      60
      47
      52
      68
      73
      75
      63
      91
      82
      79
      86
      92
      90
     101
     102
     107
     100
      95
     100
     122
     119
     112
     133
     123
     128
     112
     131
     117
     124
     128
     136
     153
     178
     161
     149
     168
     152
     162
     172
     207
     182
     176
     205
     180
     192
     225
     198
     202
     210
     210
     195
     224
     220
     213
     239
     217
     246
     229
     234
     256
     226
     255
     220
     204
     225
     254
     254
     269
     238
     250
     254
     255
     272
     268
     251
     265
     270
     254
     243
     241
     292
     275
     247
     251
     265
     256
     255
     256
     258
     245
     234
     222
     255
     274
     225
     280
     222
     215
     281
     236
     222
     217
     212
     224
     209
     222
     203
     223
     191
     198
     200
     180
     186
     226
     184
     188
     171
     198
     173
     165
     153
     142
     166
     127
     153
     137
     129
     159
     145
     141
     105
     111
     135
     121
      81
     131
     114
      91
     100
     113
      83
      97
      86
      81
      78
      76
      70
      66
      71
      70
      74
      58
      61
      47
      54
      59
      48
      50
      50
      60
      33
      46
      32
      31
      30
      29
      32
      32
      34
      28
      23
      25
      25
      19
      25
      18
      10
      11
      16
      19
      14
       8
      11
      16
      15
      10
       4
      11
      14
      13
       8
      11
      10
       8
       7
       7
       4
      10
       4
       8
       7
       6
       4
       5
       7
       2
       5
       2
       5
       0
       1
       3
       1
       3
       2
       1
       1
       0
       3
       1
       0
       2
       0
       2
       5
       1
       0
       0
       2
       1
       1
       1
       3
       0
       2
       0
       0
       0
       0
       1
       1
       0
       0
       0
       0
       1
       0
       0
       0
       0
       1
       0
       2
       1
       0
       1
       0
       3
       0
       2
       0
       0
       3
       2
       0
       2
       0
       1
       1
       1
       1
       1
       0
       1
       0
       0
       0
       0
       0
       0
       0
       0
       0
       0
       0
       0
       0
       0
       1
       1
       1
       0
       1
       1
       0
       1
       0
       0
       0
       0
       0
       0
       2
       1
       0
       1
       0
       1
       1
       0
       0
       0
       0
       2
       1
       1
       0
       0
       0
       0
       1
       0
       1
       0
       0
       0
       0
       1
       2
       0
       0
       0
       0
       0
       2
       0
       0
       0
       1
       1
       1
       1
       1
       0
       1
       0
       1
       1
       1
       0
       1
       0
       0
       2
       0
       0
       0
       1
       0
       0
       0
       0
       0
       2
       0
       0
       0
       0
       0
       0
       0
       0
       0
       3
       1
       1
       0
       1
       0
       0
       0
       0
       1
       0
       1
       0
       0
       0
       0
       2
       0
       0
       0
       1
       1
       2
       0
       0
       0
       1
       0
       1
       0
       2
       0
       1
       0
       0
       0
       0
       1
       0
       0
       2
       0
       0
       0
       0
       1
       0
       0
       1
       0
       0
       1
       0
       0
       1
       2
       0
       1
       1
       0
       0
       0
       0
       0
       0
       1
       0
       2
       0
       2
       0
       0
       1
       0
       1
       0
       0
       0
       0
       0
       0
       0
       1
       1
       0
       0
       2
       0
       0
       0
       0
       0
       1
       1
       0
       1
       1
       2
       0
       0
       1
       0
       0
       0
       0
       0
       1
       0
       0
       1
       0
       0
       0
       1
       0
       0
       0
       1
       1
       1
       0
       0
       0
       2
       0
       0
       0
       0
       0
       2
       1
       0
       0
       2
       2
       0
       0
       1
       0
       0
       0
       2
       0
       0
       1
       0
       0
       1
       0
       1
       0
       0
       0
       0
       1
       0
       0
       1
       0
       0
       0
       1
       2
       0
       1
       1
       1
       0
       1
       1
       0
       0
       0
       0
       0
       0
       0
       1
       1
       1
       0
       1
       1
       0
       1
       0
       0
       1
       1
       0
       0
       0
       1
       0
       1
       1
       0
       0
       2
       0
       0
       0
       0
       0
       0
       1
       1
       0
       1
       0
       0
       0
       0
       0
       0
       0
       0
       1
       1
       0
       0
       0
       0
       0
       0
       2
       0
       0
       0
       0
       0
       0
       0
       0
       1
       0
       0
       1
       0
       0
       0
       0
       0
       0
       0
       0
       1
       1
       0
       0
       0
       0
       0
       0
       0
       0
       1
       0
       0
       0
       0
       1
       0
       0
       0
       1
       0
       0
       0
       1
       1
       1
       0
       0
       1
       0
       0
       0
       0
       1
       0
       1
       0
       0
       0
       0
       0
       0
       0
       0
       0
       0
       0
       0
       0
       0
       0
       0
       0
$ROI:
1
1331 1635
$PRESETS:
Live Time
1000
0
$ENER_FIT:
-37.406231 1.986979
$MCA_CAL:
3
-3.740623E+001 1.986979E+000 0.000000E+000 keV
$SHAPE_CAL:
3
0.000000E+000 0.000000E+000 0.000000E+000
