$SPEC_ID:
This is sample 163.
$SPEC_REM:
DET# 1
DETDESC# DIP1456 PCI-Trump SN 253
AP# Maestro Version 7.01
$DATE_MEA:
01/12/2025 21:14:14
$MEAS_TIM:
1000 1028
$DATA:
0 2047
       0
       0
       0
       0
       0
       0
       0
       0
       0
       0
       0
       0
       0
       0
       0
       0
       0
       0
       0
       0
       0
       0
       0
       0
       0
       0
       0
       0
       0
       0
       0
       0
       0
       0
       0
       0
       0
       0
       0
       0
       0
       0
       0
       0
       0
       0
       0
       0
       0
       0
       0
       0
       0
       1
       8
      11
      16
      16
      17
      20
      10
       7
      18
      15
      10
      12
      16
      15
      19
      16
      12
      21
      10
      13
      10
      17
       7
      13
      13
      16
      12
      10
      20
       9
      12
      22
      16
      11
      16
      14
      19
      18
      17
      13
      14
      20
      12
      17
      18
       8
      17
      10
      14
      13
      13
      10
      10
      16
      13
      15
      13
      15
      20
      18
      12
       8
      14
      15
      12
      16
      14
      11
      13
      10
      19
      17
      12
      16
      16
      22
      22
      17
      19
      15
      12
      19
      13
      25
      16
      15
      14
       8
      12
      15
      16
      10
       9
      15
      10
      15
      12
      23
      21
      16
      15
       9
      16
      11
       9
      16
      13
      16
      14
      12
      23
      20
      10
      14
      14
      15
      16
      13
      18
       8
      12
      15
      14
       9
      22
      15
      18
      12
      12
      14
      11
      21
      22
      27
      13
      14
      28
      13
      14
      16
      16
       8
      23
      22
      18
      16
      12
      15
      11
      11
      13
      17
      15
      15
      18
      18
      12
      21
      10
      15
      18
      25
      19
      16
      16
      12
      16
      18
      16
      18
      10
      15
      18
      14
      16
      18
      12
      16
      19
       9
      20
      13
      16
      18
      21
      20
      13
      12
      14
      15
      12
      15
      20
      20
      17
      18
      14
      17
      17
      14
      17
      15
      17
      16
      15
      19
      14
      10
       9
      18
      11
      21
      15
      10
      17
      23
      19
      16
      11
      19
      25
      13
      29
      15
      20
      14
      12
      18
      23
      14
      20
      18
      12
      17
      14
      19
      11
       7
      16
      19
       7
      15
      12
      19
      20
      20
      21
      12
      20
      20
      15
      19
      15
      19
      19
      22
      12
      13
       9
      20
      15
      11
      11
      12
      14
       9
      18
      19
      17
      15
      18
      12
      26
      16
      18
      20
      13
      14
      22
      15
      14
      16
      18
      11
      18
      13
      14
      20
      19
      14
      16
      20
      15
      15
      15
      10
      27
      18
      13
      14
      16
      16
      21
      23
      11
      20
      19
      20
      17
      21
      16
      21
      22
      19
      13
      15
      18
       9
      24
      13
      14
      19
      13
      12
      17
      19
      15
      17
      11
      13
      10
      17
      13
      17
      15
      20
      22
      11
      21
      16
      13
      18
      14
      17
      14
      15
      20
      22
      18
      20
      18
      14
      21
      15
      20
      20
      14
      20
      11
      17
      15
      11
      14
      15
      10
      14
      14
      10
      10
       9
      17
       8
      11
      21
      15
      27
      23
      17
      18
      18
      10
      17
      20
      10
      15
      11
      15
      13
      19
      19
      16
      13
      12
      19
      30
      13
      15
      14
      11
      11
      22
      12
      15
      19
      19
      13
      21
      15
      20
      27
       9
      16
      18
      16
      14
      13
      21
      16
      16
      19
      10
      13
      14
      13
      16
      19
      19
      27
      14
      20
      17
      18
      15
      17
      14
      20
      18
      18
      21
      25
      17
      21
      30
      16
      19
      20
      28
      11
      20
      20
      14
      16
      17
      15
      10
      12
       8
      14
      16
      14
      13
      14
      18
      20
       8
      17
      17
      20
      23
      13
      25
      20
      12
      22
      18
      13
      22
      13
      15
      23
      21
      15
      20
      22
      20
      23
      20
      20
      24
      20
      21
      25
      16
      16
      17
      20
      14
      14
      20
      22
      15
      11
      13
      16
      22
      14
      17
      16
      15
      14
      14
      25
      12
      16
      17
      18
      11
      14
      14
      21
      15
      15
      17
      19
      14
      17
      18
      15
      14
      20
      16
      25
      15
      20
      15
      10
      21
      13
      14
      16
      13
       8
      16
      26
      12
      14
      17
      12
      10
      17
      11
      17
      18
      20
      16
      16
      18
      17
      20
      19
      11
      14
      12
      19
      23
      11
      13
      21
       8
      17
      19
      16
      14
       9
      19
      22
      23
      13
      18
       8
      20
      11
       8
      18
      20
      18
      14
      14
      18
      14
       9
      23
      10
      13
      13
      11
      18
      14
      14
      18
      15
      26
      13
      20
      23
      12
      17
      11
      10
      21
      18
      15
      16
      16
      14
      10
      20
      12
      28
      12
      14
      17
      11
      19
      22
      12
      17
      10
      16
      20
      14
      10
      24
      15
      11
      16
      16
      11
      10
      10
      20
      21
      13
      18
      12
      12
      16
      13
      18
      21
      12
      12
      15
      14
      20
      15
      12
      15
      19
       9
      19
      14
      19
      17
      18
       9
      14
      16
      19
      16
      13
      16
      13
      13
      17
      14
      16
      15
      18
      12
      14
      11
      16
      15
      11
      15
      13
      20
      14
      15
      21
      15
      20
      17
      18
      22
      11
      22
      20
      19
      18
      16
      12
      20
       8
      21
      16
      19
      19
      15
      16
      18
      13
       8
       9
      21
      19
      18
      26
      19
       9
      14
      10
      16
      11
      11
      12
      15
      12
      12
      23
      22
      14
      22
      19
      25
      12
      16
      16
      22
      12
      11
      21
      13
      13
      25
      21
      13
      17
      21
      16
      18
      20
      14
      16
      19
      14
      24
      15
      21
      16
      24
      21
      17
      17
      14
      14
      18
      22
      13
      17
      19
      16
      17
      17
      10
      18
      20
      18
      15
      13
      16
      19
      17
      16
      17
      20
      18
      21
      16
      21
      23
      17
      12
      13
      19
      19
      21
      19
      18
      27
       9
      16
      16
      18
      23
      27
      14
      11
      22
      22
      15
      15
      18
      17
      11
      11
      23
      20
      20
      23
      10
      25
      16
      14
      15
      16
      13
      16
      15
      14
      19
      12
      28
      14
      13
      17
      20
      14
      26
      16
      17
      23
      19
      19
      16
      15
      23
      15
      17
      19
      17
      19
      20
      16
      20
      18
      17
      11
      10
      15
      10
      20
      17
      15
      14
      12
      19
      15
      14
      15
      18
      14
      13
      19
      12
      12
      13
       9
      15
      17
      12
       9
       9
      12
      11
      16
       7
      16
      19
      13
      11
       9
      20
       6
      14
      14
      13
      10
       5
       7
       8
       9
       9
       9
       7
      12
       7
       6
      11
       7
      10
       8
      14
       3
       7
       6
       9
      10
      12
       6
       8
       8
      11
       2
       7
       1
       4
       3
       9
       7
       1
       6
       8
       7
       6
       6
       6
       3
       4
       2
       6
      10
       6
       6
       4
       3
       6
       6
       2
       6
       2
       4
       5
       7
       3
       7
       2
       9
       7
       5
       1
       2
       6
       5
       3
       3
       3
       5
       3
       4
       5
       2
       6
       5
       1
       1
       1
       3
       3
       3
       4
       4
       8
       4
       5
       2
       1
       3
       3
       4
       1
       1
       4
       2
       4
       1
       3
       1
       3
       2
       3
       4
       6
       0
       2
       4
       4
       1
       4
       4
       5
       4
       1
       3
       1
       2
       2
       5
       2
       2
       0
       4
       1
       1
       2
       2
       3
       5
       0
       2
       6
       5
       2
       4
       1
       3
       1
       1
       4
       1
       0
       3
       2
       2
       4
       2
       2
       3
       3
       3
       1
       1
       3
       1
       2
       1
       0
       1
       3
       2
       4
       2
       2
       0
       3
       2
       3
       1
       0
       2
       1
       3
       6
       1
       3
       2
       0
       1
       3
       3
       0
       1
       1
       3
       4
       3
       1
       3
       2
       1
       0
       3
       1
       2
       0
       2
       3
       2
       0
       1
       2
       1
       1
       0
       3
       0
       3
       7
       2
       3
       1
       2
       2
       1
       1
       2
       1
       0
       1
       3
       2
       1
       2
       3
       0
       2
       0
       3
       0
       1
       3
       0
       3
       2
       1
       2
       0
       2
       0
       1
       3
       0
       1
       0
       1
       3
       1
       4
       1
       1
       1
       0
       0
       0
       0
       3
       3
       2
       2
       1
       1
       2
       0
       2
       0
       1
       0
       1
       0
       4
       1
       2
       1
       3
       2
       2
       2
       3
       1
       2
       0
       2
       0
       4
       1
       1
       0
       1
       1
       5
       4
       2
       1
       2
       2
       2
       2
       3
       2
       2
       3
       2
       2
       2
       3
       0
       0
       2
       1
       3
       0
       2
       1
       4
       2
       0
       2
       1
       3
       0
       2
       1
       2
       4
       1
       3
       3
       0
       1
       2
       2
       1
       1
       1
       0
       3
       1
       2
       0
       1
       1
       0
       4
       0
       0
       2
       3
       3
       1
       4
       0
       1
       3
       0
       0
       3
       5
       5
       1
       3
       2
       2
       2
       2
       7
       4
       3
       3
       2
       4
       4
       2
       3
       3
       5
       4
       3
       4
       6
       4
       3
       5
       3
       6
      12
       4
       5
      15
      10
      14
       9
      15
      12
      11
      14
      13
      11
      12
      19
      14
      17
      20
      23
      25
      20
      29
      34
      29
      40
      32
      23
      33
      28
      35
      50
      43
      42
      39
      41
      51
      47
      54
      41
      62
      54
      63
      51
      75
      63
      72
      51
      87
      78
      81
      86
     100
      86
     109
      85
      90
     105
      92
     112
     116
     122
     105
     107
     124
     113
     119
     124
     134
     131
     118
     139
     142
     164
     142
     148
     184
     186
     195
     190
     167
     177
     171
     159
     168
     181
     168
     181
     179
     217
     223
     193
     221
     213
     229
     214
     233
     261
     261
     230
     238
     238
     231
     257
     236
     256
     261
     238
     218
     242
     236
     276
     256
     253
     236
     265
     271
     275
     267
     245
     284
     249
     244
     225
     273
     253
     237
     269
     227
     259
     210
     243
     223
     248
     234
     249
     257
     258
     218
     225
     206
     223
     229
     231
     208
     213
     206
     192
     218
     187
     199
     177
     171
     188
     190
     180
     179
     168
     169
     140
     180
     180
     157
     148
     137
     164
     135
     121
     128
     130
     121
     125
     116
     116
      86
     103
     110
     127
     119
      87
      76
     104
      85
      63
      77
      87
      68
      74
      78
      75
      68
      54
      53
      51
      48
      58
      47
      35
      35
      39
      46
      41
      42
      32
      39
      33
      26
      24
      27
      26
      19
      20
      22
      21
      11
      22
      20
      13
      23
      15
      19
      14
      14
      10
       8
       6
      15
       7
      13
      10
       7
       9
       7
       7
       6
       3
       5
       6
       5
       2
       4
       8
       9
       3
       3
       2
       3
       1
       3
       3
       4
       3
       1
       2
       2
       4
       0
       2
       1
       1
       0
       2
       2
       0
       0
       2
       1
       2
       1
       0
       0
       0
       4
       3
       1
       2
       1
       0
       1
       1
       0
       1
       0
       0
       0
       2
       1
       0
       1
       0
       0
       0
       0
       1
       1
       1
       0
       1
       1
       0
       1
       2
       0
       0
       0
       1
       0
       0
       1
       1
       1
       0
       0
       0
       0
       0
       0
       1
       0
       0
       0
       0
       0
       0
       2
       1
       2
       0
       2
       1
       0
       0
       0
       0
       0
       0
       0
       0
       0
       1
       1
       0
       0
       0
       0
       1
       0
       1
       1
       0
       0
       0
       0
       1
       1
       0
       1
       0
       0
       0
       0
       0
       0
       2
       1
       1
       1
       0
       1
       2
       1
       0
       1
       1
       1
       1
       0
       1
       0
       1
       0
       0
       1
       0
       0
       0
       1
       0
       0
       1
       0
       0
       1
       0
       0
       0
       1
       0
       0
       1
       1
       0
       0
       0
       1
       1
       0
       1
       1
       1
       1
       0
       0
       0
       2
       1
       1
       0
       0
       0
       0
       1
       1
       0
       1
       0
       0
       1
       0
       1
       0
       1
       1
       1
       1
       1
       2
       0
       0
       1
       1
       1
       0
       0
       0
       1
       0
       0
       0
       0
       0
       0
       0
       0
       1
       1
       0
       2
       0
       0
       0
       0
       0
       0
       0
       0
       0
       0
       0
       1
       1
       0
       0
       0
       1
       0
       1
       0
       0
       1
       2
       0
       0
       0
       1
       1
       0
       1
       0
       0
       0
       0
       0
       0
       1
       0
       0
       1
       1
       1
       1
       0
       0
       2
       0
       0
       0
       1
       0
       0
       0
       1
       0
       1
       0
       0
       1
       0
       0
       0
       0
       0
       0
       1
       0
       3
       0
       0
       0
       0
       1
       0
       0
       0
       0
       0
       0
       0
       0
       1
       1
       1
       1
       0
       0
       1
       0
       0
       1
       0
       0
       0
       0
       1
       1
       0
       0
       1
       0
       0
       0
       0
       0
       0
       1
       1
       1
       0
       0
       0
       0
       0
       1
       1
       0
       0
       0
       0
       0
       0
       0
       0
       0
       0
       0
       0
       0
       0
       0
       0
       0
       1
       1
       0
       1
       0
       0
       0
       1
       0
       0
       0
       1
       0
       2
       0
       0
       0
       0
       0
       1
       2
       2
       0
       0
       0
       0
       2
       1
       2
       0
       1
       0
       0
       0
       0
       0
       0
       1
       0
       0
       1
       0
       2
       0
       0
       0
       1
       0
       0
       0
       0
       0
       1
       0
       1
       0
       0
       0
       0
       0
       0
       0
       1
       0
       2
       0
       1
       1
       1
       0
       0
       0
       0
       0
       2
       0
       1
       0
       1
       4
       0
       0
       0
       1
       0
       1
       1
       0
       0
       1
       0
       0
       0
       0
       1
       0
       0
       0
       2
       0
       1
       0
       0
       0
       0
       0
       1
       0
       0
       0
       0
       0
       0
       0
       0
       0
       0
       0
       0
$ROI:
1
1331 1635
$PRESETS:
Live Time
1000
0
$ENER_FIT:
-37.406231 1.986979
$MCA_CAL:
3
-3.740623E+001 1.986979E+000 0.000000E+000 keV
$SHAPE_CAL:
3
0.000000E+000 0.000000E+000 0.000000E+000
