$SPEC_ID:
This is sample 118.
$SPEC_REM:
DET# 1
DETDESC# DIP1456 PCI-Trump SN 253
AP# Maestro Version 7.01
$DATE_MEA:
01/12/2025 07:07:31
$MEAS_TIM:
1000 1028
$DATA:
0 2047
       0
       0
       0
       0
       0
       0
       0
       0
       0
       0
       0
       0
       0
       0
       0
       0
       0
       0
       0
       0
       0
       0
       0
       0
       0
       0
       0
       0
       0
       0
       0
       0
       0
       0
       0
       0
       0
       0
       0
       0
       0
       0
       0
       0
       0
       0
       0
       0
       0
       0
       0
       0
       0
       1
       9
      14
      13
      19
      11
      11
      16
      10
       5
      13
      14
      15
      13
      17
       9
      16
      10
      10
      26
      18
      22
      15
      21
      13
      10
      14
      10
      11
      20
      14
      20
      17
      12
      16
      11
      18
      16
      11
      16
      15
      13
      13
       9
      16
       9
      15
      14
      14
      17
      12
      14
       7
      10
      23
      16
       9
      25
      14
      14
      17
      15
      12
      16
      12
      14
      14
      17
      19
      19
      14
      15
      17
      11
      16
      12
      17
      18
      14
      15
      20
      19
      11
      12
      14
      16
      20
      16
      17
      18
      14
      17
       9
      17
      11
      17
      16
      18
      11
      19
       9
      15
      14
      18
      21
      22
      13
      16
      18
      19
      18
      10
      16
      12
      19
      19
      23
      15
      20
      12
       7
      20
      18
      15
      27
      15
      16
      14
      15
      18
      18
      13
      18
      16
      16
      23
      15
      11
      17
      14
      11
      19
      11
      26
      23
      19
      11
      19
      13
      19
      10
      17
      18
      13
      14
      17
      21
      12
       6
      19
      19
      16
      14
      17
      26
      18
      23
      11
      19
      18
      19
      11
      15
      19
      13
      19
      20
      14
      16
       9
      21
      18
      20
      19
      16
      10
      20
      16
      12
      14
      11
      17
      24
      15
      14
      18
      15
      17
      11
      16
      19
      11
      14
      19
      19
      17
      18
      19
      18
      14
       8
      19
      11
      11
      26
      22
      16
       8
      15
      21
      11
      15
      12
      22
       5
      13
      22
      11
      16
      19
      17
      16
      23
      18
      11
      10
      19
      17
      13
      23
      11
      14
      24
      15
      10
      14
      21
      20
      15
      11
      16
      15
      15
      18
      13
      17
      17
      21
      13
      13
      15
      16
       7
      18
      18
      14
      17
      20
      20
      15
      13
      14
      19
      20
      13
      14
      16
       9
      17
      13
      15
      13
      16
      17
      15
      14
      20
      19
      16
      13
      18
      14
      18
      12
      21
      22
      12
      27
      15
      19
      12
      11
      16
      14
      17
      14
      18
      15
      11
      21
      12
      14
       7
      16
      12
      12
      21
      12
      19
      19
      23
      15
      12
      14
      22
      17
      17
      22
      19
      17
      22
      15
      20
      10
      19
      16
      26
      17
      15
      20
      19
      10
      14
      22
      18
      16
      14
      21
      11
      13
      17
      14
      17
      14
      13
      16
      18
      10
      15
      18
      18
      15
      22
      16
      22
      12
      17
      20
      25
      11
      14
      13
      14
      17
      16
      20
      16
      14
      18
       9
      13
      11
      23
      14
      12
      10
      21
      27
      11
      17
      15
      14
      15
      15
      14
      19
      21
      15
      14
      10
      20
      19
       9
      12
      25
      13
      21
      25
      22
      15
      15
      14
      12
      11
      18
      15
      19
      11
      15
      19
      17
      12
      24
      15
      17
      17
      19
      15
      20
      15
      21
       9
      21
      18
      14
      15
      11
      17
       8
      13
      17
      13
      19
      23
      15
      22
      21
      15
      15
      15
      22
      20
      10
      15
      14
      22
      18
      23
      16
      18
      12
      12
      14
      24
      16
      17
      11
      17
      17
      17
      23
      20
      18
      19
      15
      17
      10
      16
      25
      16
      23
      14
      18
      14
      17
      24
      16
      17
      15
      24
      16
      22
      16
      16
      10
      17
      14
      23
      16
      13
      19
      12
      21
      16
      19
      19
      18
      11
      24
      13
      13
      20
      21
      18
      16
      18
      27
      21
      22
      18
      14
      12
      25
      16
      19
      10
      20
      12
      20
      20
      28
      14
      10
      11
      23
      20
      19
      16
      18
      10
      15
      19
      10
      16
      14
      16
       4
      16
      14
      17
      21
      14
      15
      18
      16
      16
      17
      17
      19
      14
      14
      19
      26
      15
      11
      15
       8
      27
      12
      18
      21
      17
      17
      18
      11
      18
      13
      19
      23
      19
      15
      15
      15
      19
      19
      23
      17
      12
      17
      16
       7
      16
      19
      14
      24
      14
      14
      16
      13
      20
      15
      17
      19
      13
      20
      10
      12
      25
      15
      13
      19
      15
      13
      19
      20
      20
      19
      23
      22
      17
      21
      16
      18
       9
      13
      15
      20
      16
      21
      15
      13
      12
      18
      17
      17
      15
      13
      18
      14
      15
      15
      17
      15
      10
      25
      15
      13
      19
      20
      10
      18
      18
      18
      14
      18
      18
      10
       6
      14
      28
      11
      18
      21
      18
      17
      13
      23
      13
      10
      17
      16
       8
      16
      11
      11
      14
      20
      15
      13
      14
      18
      30
      18
       8
      16
      20
      13
      18
      23
      14
      17
      16
      16
      15
      12
      22
      14
      12
      20
      17
      17
      16
      16
      19
      18
      16
      22
      21
      17
      14
      11
      16
      19
      23
      18
      21
      14
       9
      14
      25
      11
      22
      16
      12
      16
      16
      14
      14
      24
      12
      16
      14
      16
      23
      14
      15
      18
      15
      18
      16
      13
      14
      16
      11
      21
       8
      12
      15
      17
      13
      19
      12
      18
      20
      20
      19
      15
      21
      23
      19
      13
      20
      20
      20
      20
      20
      16
      20
      19
      17
      19
      13
      17
      11
      25
      10
      10
      19
      12
      19
      19
      16
      14
      17
      13
      19
      18
      13
      15
      11
      19
      15
      25
      23
      11
      14
      13
      20
      12
      23
      22
      23
      23
      21
      19
      21
      21
      22
      22
      16
      14
      23
      16
      13
      19
       9
      14
      21
      24
      25
      16
      18
      17
      15
      18
      13
      20
      18
      16
      15
       9
      20
      10
      22
      16
      18
      30
      16
      28
      18
      18
      14
      21
      31
      17
      20
      20
      24
      13
      18
      18
      12
      12
      10
      11
      17
      12
      18
      14
      16
      16
      15
      13
      14
      11
      21
      21
      14
      13
      14
      13
      19
      12
      16
      11
      13
      10
      11
      15
      10
      11
      15
      13
      11
      13
      14
       8
       6
      11
      16
       7
      11
      11
       6
      11
      10
      11
       5
       8
      13
       8
      12
       5
       6
       9
      11
      10
      10
       6
       4
       9
       5
       6
       8
       4
       7
       8
      11
      11
      12
       5
       8
       4
       8
      14
       1
       6
       7
       4
       5
       7
       9
       7
       4
       7
       8
       4
       6
       6
       8
       7
       8
       6
       5
       3
       3
       5
       3
       6
       6
       2
       6
      10
       6
       5
       8
       4
       5
       2
       4
       3
       4
       6
       5
       5
       5
       8
       2
       7
       2
       7
       2
       2
       8
       4
       4
       5
       5
       1
       5
       4
       1
       3
       1
       3
       4
       3
       1
       1
       5
       4
       7
       2
       0
       4
       4
       1
       2
       5
       2
       2
       2
       3
       1
       3
       2
       7
       2
       1
       2
       4
       1
       7
       2
       7
       2
       3
       3
       2
       2
       4
       3
       3
       1
       2
       1
       1
       0
       5
       3
       5
       1
       2
       1
       1
       3
       1
       4
       1
       0
       1
       2
       1
       1
       1
       2
       1
       3
       0
       3
       2
       0
       2
       1
       1
       2
       2
       0
       1
       1
       1
       2
       2
       4
       1
       3
       1
       2
       1
       3
       1
       2
       1
       2
       2
       1
       1
       3
       4
       2
       2
       1
       2
       4
       3
       3
       1
       1
       5
       0
       3
       3
       1
       0
       6
       1
       1
       3
       0
       2
       1
       1
       0
       2
       4
       4
       0
       2
       4
       2
       2
       0
       2
       5
       0
       0
       2
       0
       2
       3
       3
       0
       1
       2
       1
       0
       2
       1
       1
       0
       0
       2
       2
       1
       1
       1
       2
       3
       2
       0
       0
       1
       0
       1
       3
       2
       1
       2
       1
       0
       2
       2
       1
       2
       0
       1
       2
       0
       3
       0
       0
       0
       1
       1
       3
       1
       2
       1
       0
       1
       3
       0
       2
       0
       2
       3
       3
       2
       3
       1
       0
       1
       1
       0
       1
       1
       1
       0
       2
       1
       0
       0
       1
       1
       1
       0
       3
       1
       2
       2
       2
       0
       3
       3
       3
       2
       2
       2
       1
       2
       1
       2
       0
       1
       3
       1
       1
       1
       3
       1
       0
       3
       1
       2
       1
       1
       2
       3
       2
       2
       1
       2
       0
       1
       5
       3
       4
       2
       1
       0
       1
       1
       0
       3
       0
       4
       0
       3
       2
       0
       1
       1
       1
       3
       4
       1
       2
       2
       2
       1
       4
       5
       0
       3
       2
       2
       2
       2
       2
       4
       8
       4
       2
       5
       3
       1
       3
       5
       9
       5
       7
       8
       1
       4
      16
       6
      13
       2
       6
       8
       3
       2
       8
      14
      10
       9
      18
      18
      18
      19
      20
      19
      26
      18
      17
      15
      22
      24
      24
      33
      27
      26
      41
      29
      26
      27
      41
      46
      43
      34
      42
      44
      49
      52
      46
      53
      60
      62
      63
      60
      59
      79
      60
      64
      72
      65
      70
      97
      72
      78
     105
      95
      98
     113
      96
     110
     107
     117
     120
     118
     127
     135
     147
     134
     143
     162
     122
     149
     154
     122
     159
     144
     160
     176
     152
     201
     165
     191
     206
     192
     204
     197
     199
     203
     195
     226
     235
     216
     228
     220
     197
     215
     213
     197
     209
     229
     215
     223
     243
     235
     236
     256
     235
     253
     255
     240
     266
     252
     254
     260
     275
     236
     230
     231
     258
     267
     256
     262
     276
     254
     267
     274
     229
     257
     242
     254
     261
     272
     256
     241
     275
     233
     244
     223
     255
     205
     199
     228
     223
     213
     225
     215
     196
     215
     204
     222
     181
     202
     177
     187
     184
     180
     152
     183
     167
     175
     161
     167
     175
     156
     153
     145
     123
     143
     144
     132
     125
     102
     107
     109
     113
     126
     101
      95
     100
      97
      92
     101
      84
      85
      71
      76
      74
      72
      69
      79
      70
      72
      51
      69
      63
      62
      48
      35
      37
      44
      36
      46
      39
      32
      30
      34
      29
      34
      31
      26
      29
      25
      28
      23
      31
      20
      18
      15
      14
      25
      21
      10
      14
       9
      16
      17
      13
      13
       7
       8
      10
       7
       8
       8
       8
       4
       1
       2
       6
       8
       5
       5
       3
       3
       5
       3
       3
       5
       4
       2
       2
       2
       6
       4
       2
       1
       2
       0
       1
       2
       1
       0
       0
       1
       0
       2
       0
       0
       0
       1
       0
       0
       2
       2
       1
       0
       2
       1
       1
       1
       0
       1
       1
       0
       0
       1
       0
       0
       2
       1
       1
       0
       1
       0
       2
       1
       0
       2
       0
       0
       1
       1
       0
       3
       2
       0
       1
       2
       0
       0
       1
       0
       1
       0
       0
       0
       0
       0
       0
       0
       0
       0
       0
       1
       0
       1
       1
       1
       0
       1
       1
       0
       0
       0
       0
       0
       1
       1
       0
       0
       1
       0
       0
       0
       1
       0
       1
       0
       0
       0
       1
       1
       0
       0
       1
       0
       1
       2
       1
       1
       1
       1
       1
       1
       1
       0
       1
       0
       0
       0
       0
       1
       1
       1
       2
       0
       1
       1
       0
       1
       0
       0
       0
       3
       0
       1
       0
       0
       2
       0
       0
       1
       1
       0
       0
       0
       0
       2
       3
       0
       1
       1
       0
       0
       0
       0
       0
       0
       1
       1
       1
       0
       2
       0
       2
       0
       0
       1
       0
       2
       1
       0
       0
       0
       0
       0
       0
       1
       0
       0
       0
       0
       1
       0
       1
       0
       0
       1
       0
       0
       0
       1
       0
       0
       0
       1
       1
       0
       0
       0
       0
       0
       0
       0
       0
       1
       1
       0
       0
       0
       1
       0
       0
       0
       1
       0
       1
       0
       0
       0
       0
       1
       0
       1
       0
       0
       1
       0
       1
       0
       1
       0
       0
       0
       1
       0
       0
       1
       0
       1
       0
       0
       0
       0
       1
       1
       1
       0
       0
       0
       0
       0
       1
       0
       0
       0
       1
       0
       1
       1
       0
       0
       0
       0
       0
       0
       0
       1
       0
       2
       0
       0
       2
       0
       0
       0
       0
       2
       0
       0
       1
       0
       0
       1
       0
       0
       1
       1
       0
       0
       0
       1
       0
       0
       0
       0
       2
       1
       0
       0
       0
       0
       1
       2
       1
       1
       0
       0
       0
       0
       0
       0
       1
       1
       1
       0
       0
       0
       0
       1
       1
       0
       1
       0
       0
       0
       1
       0
       0
       2
       1
       0
       0
       0
       1
       0
       0
       0
       0
       1
       1
       0
       1
       1
       0
       1
       0
       0
       0
       0
       0
       0
       0
       0
       1
       1
       0
       0
       0
       1
       0
       1
       2
       1
       0
       0
       0
       0
       0
       0
       0
       0
       0
       0
       0
       0
       0
       2
       0
       0
       0
       0
       1
       1
       0
       0
       0
       0
       1
       1
       0
       0
       0
       0
       1
       0
       0
       0
       0
       0
       1
       2
       0
       0
       0
       1
       0
       2
       0
       0
       0
       0
       1
       0
       0
       0
       0
       0
       0
       0
       2
       1
       0
       1
       0
       0
       2
       0
       0
       0
       0
       0
       0
       0
       0
       0
       0
       1
       0
       0
       1
       0
       0
       0
       0
       0
       0
       0
       0
       0
       0
       0
       0
       0
       0
       0
       0
       0
       0
$ROI:
1
1331 1635
$PRESETS:
Live Time
1000
0
$ENER_FIT:
-37.406231 1.986979
$MCA_CAL:
3
-3.740623E+001 1.986979E+000 0.000000E+000 keV
$SHAPE_CAL:
3
0.000000E+000 0.000000E+000 0.000000E+000
