$SPEC_ID:
This is sample 232.
$SPEC_REM:
DET# 1
DETDESC# DIP1456 PCI-Trump SN 253
AP# Maestro Version 7.01
$DATE_MEA:
01/13/2025 18:52:35
$MEAS_TIM:
1000 1028
$DATA:
0 2047
       0
       0
       0
       0
       0
       0
       0
       0
       0
       0
       0
       0
       0
       0
       0
       0
       0
       0
       0
       0
       0
       0
       0
       0
       0
       0
       0
       0
       0
       0
       0
       0
       0
       0
       0
       0
       0
       0
       0
       0
       0
       0
       0
       0
       0
       0
       0
       0
       0
       0
       0
       0
       0
       3
      12
      17
      10
      11
      13
      16
      10
       9
      19
      16
      12
      19
      14
      13
      16
       6
      21
      14
      13
      12
      14
      11
      13
      14
      14
      16
      12
      10
      17
      21
      15
      11
      15
      16
      10
      13
      18
      17
      21
      13
      19
      13
      13
      11
      10
      14
      13
      13
      18
      21
      13
      21
      14
      15
      12
      16
      10
      14
      12
      23
      19
      19
      13
      12
      17
      13
      13
      21
      17
      19
      13
      16
      17
      15
      15
      17
      14
      15
      15
      19
      16
      16
      20
      11
      20
      18
      14
      16
      10
      13
       9
       8
       9
      16
      24
      11
      13
      12
      22
      24
      17
      10
      17
      14
      16
      12
      23
      21
      14
      18
      12
      13
      15
      28
      13
      12
      21
      16
      12
      18
      10
      11
      14
      18
      17
      20
      17
      16
      10
      16
      18
      14
       9
      19
      22
      16
      10
      18
      16
      17
      21
      19
      10
      18
      17
      19
      17
      15
      18
      16
      14
      20
      20
      14
      19
      13
      14
      19
       8
      17
      16
      18
      20
      12
      16
      21
      19
      10
      21
      12
      11
      14
      20
      16
      18
      16
      17
      15
      13
      16
      16
      19
      18
      14
      17
      15
      17
      11
      14
      18
      19
       9
      17
      20
      14
      18
      14
      12
      22
      10
      17
      26
      20
      13
      11
      16
      11
      13
      21
      15
      14
      13
      14
      11
      14
      20
      14
      12
      13
      18
      18
      19
      17
      16
      20
      13
      18
      17
      18
      20
      14
      18
      14
      21
      11
      15
      17
      18
      13
      15
      13
      15
      16
      12
      19
      17
      16
      17
      13
      24
      13
      21
       5
      19
      17
      21
      21
      13
      14
      10
      12
      16
      18
      24
      16
      23
      16
      16
       9
      17
      13
      21
      16
      14
      19
      18
      11
      20
      11
      13
      12
       8
      15
      12
      12
      17
      10
      18
      20
      22
      19
      22
      15
      20
      20
      18
      17
      16
      21
      18
      14
      10
      16
      13
      19
      20
      12
      16
      13
      19
      19
      17
      18
      16
      21
      18
      15
      13
      23
      15
      15
      15
      16
      19
      13
      19
      18
      12
      21
      17
      11
      21
      13
      12
      19
      10
      19
      22
      11
      24
      13
      13
      16
      21
      20
      16
      16
      20
      18
      13
      11
      16
      10
      23
      16
      18
      21
      15
      17
       5
      18
      23
      17
      16
      15
      14
      10
      14
       9
      14
      14
      20
      14
      23
      20
      18
      16
      18
      13
      20
      18
      23
      15
      16
      14
      18
      13
      13
      13
      26
      16
      16
      16
      14
      18
      20
      19
      17
      13
      15
      16
      13
      18
      17
      16
      14
      14
      11
      21
      24
      20
      19
      20
      11
      15
      23
      19
      19
      22
      15
      15
      14
      17
      17
      16
      16
      18
      16
      12
      12
      14
      19
      16
      12
      16
      14
      12
      27
      15
      17
      10
      15
      19
      19
      14
      14
      23
      18
      15
      27
      14
      19
      18
      15
      20
      20
      23
      21
      18
      19
      12
      27
      14
      19
      12
      16
      21
      23
      25
      26
      19
      25
      18
      24
      12
      20
      24
       8
      15
      20
      19
       9
      15
      19
      15
      18
      16
      17
      17
      16
      17
      26
      16
      18
      16
      16
      21
      23
      20
      18
      17
      15
      20
      12
      21
      18
      17
      25
      12
      16
      20
      24
       9
      13
      12
      22
      21
      20
      17
      18
      13
      14
      17
      17
      24
      13
      14
      17
      19
      20
      12
      17
      13
      15
      18
      17
      16
      16
      18
      16
      21
      13
      11
      18
      19
      17
      13
      14
      17
      15
      18
      17
      13
      16
      17
      19
      21
      21
      14
      18
      25
      14
      12
      20
      15
      22
      17
      19
      25
      21
      10
      11
      19
      14
       8
      15
      15
      16
      14
      25
      19
      13
      11
      21
      20
      10
      17
      16
      18
      15
      14
      14
      13
      18
       9
      19
      16
      16
      11
      21
      13
      14
      12
      20
      15
      17
      13
      17
      12
       8
      15
      17
      17
      20
      15
      22
      19
      12
      10
      11
      15
      28
      11
      14
      15
      15
      17
      18
      16
      16
      15
      19
      12
      19
      14
      16
      10
       9
      11
      16
      15
      11
      20
      17
      18
      17
      12
      20
      16
      16
      29
      10
      15
      14
      17
      15
      17
      12
      16
      15
      18
      16
       9
      15
      23
      11
      20
      18
      18
      17
      17
      15
      11
      13
      12
      10
      20
      14
      10
      21
      20
      15
      19
      18
      18
      16
      11
      24
      14
      16
      17
      11
      20
      20
      10
      15
      17
      16
      18
      13
      18
      22
      16
      18
      14
      36
      19
      22
      23
      21
      17
      18
      19
      14
      13
      21
      23
      12
      12
      15
      17
      11
      12
      15
      10
      18
       9
      22
      13
      16
      14
      24
      17
      21
      27
      20
      14
      15
      13
      19
      21
      20
      12
      21
      30
      14
      12
      14
      12
      20
      15
      17
      15
      22
      19
      17
      22
      20
      22
      20
      19
      10
      16
      16
      21
      18
      19
      17
      18
      13
      23
      13
      14
      25
      18
      15
      21
      25
      20
      22
      15
      14
      20
      17
      14
      15
      21
      17
      18
      10
      16
      15
      23
      22
      26
      27
      21
      14
      24
      25
      12
      13
      15
      21
      11
      22
      21
      27
      12
      17
      20
      22
      16
       9
      20
      13
      13
      26
      10
      21
      13
      20
      10
      18
      23
      17
      27
      19
      24
      20
      23
      15
      19
      20
      23
      16
      15
      17
      18
      16
      23
      12
      20
      18
      18
      19
      25
      22
      11
      22
      12
      19
      16
      18
      19
      13
      24
      17
      22
      14
      19
      13
      12
      20
      10
      11
      13
      17
      19
      16
      14
      17
      19
      16
       8
      13
      15
      21
      11
      14
      10
      10
       8
      10
      18
       6
       5
       8
      12
      17
       9
      16
      15
       7
      10
      13
       9
       8
      15
       7
      10
       8
       8
      10
       9
      11
       8
       7
       4
      11
       7
      11
      11
       6
      13
       5
       7
       9
       4
      10
       6
       7
       7
       7
       8
       3
       8
       7
       8
       2
       5
       9
       4
       7
       6
       6
       5
       7
       6
       2
       6
       4
       8
       3
       4
       4
       8
       3
       6
       4
       3
       7
       8
       5
       3
       2
       3
       3
       2
       2
       4
       8
       2
       3
       6
       2
       2
       3
       6
       4
       2
       5
       5
       2
       3
       3
       4
       2
       5
       4
       3
       4
       3
       5
       6
       2
       4
       3
       5
       2
       2
       2
       0
       3
       1
       5
       2
       2
       4
       3
       6
       2
       2
       3
       3
       3
       0
       1
       1
       4
       2
       3
       3
       5
       3
       2
       2
       2
       2
       3
       2
       3
       2
       2
       1
       5
       1
       2
       2
       1
       2
       6
       1
       1
       1
       4
       1
       2
       1
       4
       2
       5
       1
       4
       2
       1
       2
       1
       4
       2
       1
       0
       1
       2
       2
       2
       3
       1
       1
       2
       2
       3
       0
       1
       1
       0
       2
       2
       2
       3
       1
       0
       3
       2
       0
       0
       1
       2
       0
       1
       1
       0
       4
       1
       0
       2
       2
       0
       0
       3
       1
       2
       0
       0
       1
       0
       5
       0
       0
       1
       2
       1
       5
       0
       5
       3
       1
       2
       0
       1
       1
       3
       1
       2
       1
       1
       2
       0
       1
       4
       3
       1
       1
       1
       1
       3
       1
       2
       1
       2
       3
       1
       1
       0
       1
       1
       1
       2
       0
       1
       0
       4
       2
       1
       0
       1
       1
       1
       4
       1
       0
       1
       2
       1
       1
       0
       0
       1
       1
       2
       3
       1
       4
       4
       3
       1
       1
       1
       1
       2
       2
       2
       4
       0
       1
       1
       1
       2
       1
       2
       3
       1
       3
       1
       1
       1
       1
       1
       3
       1
       2
       3
       2
       2
       4
       0
       1
       0
       0
       1
       1
       2
       1
       2
       0
       2
       1
       0
       2
       2
       0
       0
       2
       2
       5
       2
       0
       5
       0
       0
       1
       2
       1
       3
       1
       0
       1
       2
       1
       0
       3
       5
       1
       2
       3
       0
       2
       0
       2
       0
       1
       4
       2
       3
       1
       1
       2
       2
       1
       4
       1
       2
       1
       4
       3
       4
       0
       4
       3
       2
       2
       7
       1
       3
       2
       3
       4
       1
       4
       7
       6
       5
       1
       8
       7
       6
       3
       7
       4
       5
       9
      10
      16
      10
       8
       7
      15
      12
      20
      19
      14
      13
       9
      17
      19
      25
      21
      25
      18
      21
      23
      23
      27
      16
      30
      34
      30
      33
      33
      46
      35
      44
      34
      50
      40
      43
      50
      54
      45
      47
      70
      57
      78
      59
      77
      72
      70
      69
      86
      89
      92
      94
      94
      88
     127
      90
     108
      99
     108
      96
     112
     109
     152
     119
     126
     124
     124
     145
     133
     162
     167
     176
     142
     160
     180
     157
     147
     169
     177
     168
     181
     187
     183
     187
     206
     205
     198
     215
     204
     216
     190
     199
     202
     195
     230
     217
     220
     244
     196
     210
     235
     258
     218
     258
     249
     229
     209
     232
     258
     262
     265
     272
     249
     262
     285
     257
     248
     248
     230
     268
     218
     247
     283
     244
     260
     252
     250
     273
     256
     232
     255
     244
     276
     260
     264
     229
     238
     222
     242
     236
     212
     219
     221
     243
     206
     207
     226
     198
     185
     217
     210
     185
     205
     181
     161
     201
     178
     170
     181
     167
     154
     147
     157
     133
     146
     138
     124
     133
     128
     110
     122
     118
     124
     120
     110
     104
     100
     100
      96
      81
      94
      84
      87
      63
      76
      68
      67
      72
      65
      73
      58
      68
      51
      51
      54
      51
      64
      45
      42
      51
      43
      37
      40
      31
      25
      33
      39
      32
      32
      30
      36
      30
      20
      30
      21
      17
      20
      13
      12
      21
      14
       9
      12
       8
      13
      16
       7
      12
      13
       9
       7
       9
       5
       9
      13
       4
       5
       8
       3
       3
       2
       5
       7
       3
       2
       4
       3
       1
       5
       5
       3
       2
       1
       3
       1
       2
       1
       2
       3
       1
       2
       0
       1
       2
       1
       2
       4
       2
       2
       1
       2
       1
       0
       0
       1
       0
       0
       2
       0
       1
       1
       0
       0
       2
       1
       2
       1
       0
       1
       1
       2
       0
       2
       0
       0
       1
       1
       0
       0
       0
       1
       1
       0
       0
       0
       0
       2
       0
       0
       0
       2
       0
       1
       0
       0
       0
       1
       0
       1
       1
       1
       3
       1
       0
       0
       0
       1
       1
       0
       0
       1
       0
       1
       0
       1
       1
       0
       1
       0
       1
       2
       1
       1
       0
       0
       0
       0
       0
       0
       1
       0
       1
       0
       1
       1
       2
       0
       0
       0
       0
       1
       0
       1
       0
       0
       0
       0
       0
       0
       0
       1
       3
       0
       0
       1
       1
       2
       1
       0
       0
       0
       1
       1
       0
       1
       2
       0
       1
       0
       1
       0
       2
       1
       3
       4
       2
       0
       1
       0
       0
       1
       1
       0
       0
       1
       1
       0
       1
       1
       0
       0
       0
       0
       2
       0
       0
       1
       0
       1
       0
       2
       0
       1
       0
       0
       0
       1
       0
       0
       0
       1
       0
       1
       2
       0
       0
       1
       0
       0
       0
       0
       0
       0
       1
       1
       1
       0
       0
       1
       3
       1
       0
       2
       1
       0
       0
       0
       0
       0
       1
       0
       0
       0
       1
       1
       2
       1
       1
       0
       1
       0
       0
       0
       0
       0
       2
       0
       0
       2
       0
       1
       0
       1
       0
       0
       0
       1
       0
       1
       1
       2
       0
       2
       1
       0
       0
       1
       1
       1
       2
       1
       0
       0
       0
       0
       1
       0
       0
       0
       0
       0
       0
       1
       1
       2
       2
       1
       0
       2
       0
       0
       0
       0
       1
       0
       2
       1
       1
       0
       1
       2
       0
       2
       0
       1
       1
       0
       1
       1
       0
       1
       0
       0
       0
       2
       1
       0
       0
       1
       0
       0
       0
       0
       1
       0
       0
       0
       0
       1
       1
       3
       0
       0
       1
       0
       0
       0
       1
       0
       0
       0
       0
       0
       0
       1
       0
       0
       0
       1
       0
       0
       1
       1
       0
       0
       0
       1
       0
       0
       0
       0
       0
       0
       1
       0
       0
       2
       0
       0
       0
       0
       1
       0
       0
       2
       1
       2
       0
       0
       0
       0
       0
       0
       1
       0
       0
       1
       0
       0
       0
       0
       0
       1
       1
       0
       0
       0
       0
       0
       0
       0
       0
       1
       0
       0
       0
       2
       1
       0
       0
       1
       1
       0
       0
       0
       0
       0
       0
       0
       0
       0
       0
       1
       0
       0
       0
       0
       1
       0
       1
       0
       0
       0
       1
       2
       1
       0
       2
       1
       0
       1
       1
       2
       0
       1
       0
       0
       0
       1
       0
       0
       0
       0
       0
       0
       0
       0
       1
       0
       0
       0
       0
       0
       0
       0
       0
       0
       0
       0
       0
       0
       0
       0
       0
       0
       0
       0
       0
       0
       0
       0
       0
       0
       0
$ROI:
1
1331 1635
$PRESETS:
Live Time
1000
0
$ENER_FIT:
-37.406231 1.986979
$MCA_CAL:
3
-3.740623E+001 1.986979E+000 0.000000E+000 keV
$SHAPE_CAL:
3
0.000000E+000 0.000000E+000 0.000000E+000
