$SPEC_ID:
This is sample 006.
$SPEC_REM:
DET# 1
DETDESC# DIP1456 PCI-Trump SN 253
AP# Maestro Version 7.01
$DATE_MEA:
01/10/2025 20:00:05
$MEAS_TIM:
1000 1028
$DATA:
0 2047
       0
       0
       0
       0
       0
       0
       0
       0
       0
       0
       0
       0
       0
       0
       0
       0
       0
       0
       0
       0
       0
       0
       0
       0
       0
       0
       0
       0
       0
       0
       0
       0
       0
       0
       0
       0
       0
       0
       0
       0
       0
       0
       0
       0
       0
       0
       0
       0
       0
       0
       0
       0
       0
       1
      11
      23
      13
      18
      14
      11
      12
      23
      13
      10
      16
       8
      12
      17
      18
      16
      15
      11
      11
       9
      19
       8
      19
      13
      15
      18
      12
       9
      10
      14
      20
      14
      16
      17
      17
      15
      20
      16
      12
      13
      19
      15
      11
      17
      15
      16
      24
      23
      11
      14
      14
      18
      19
      17
      14
      14
      13
      17
      18
      11
      21
      12
       9
      11
      20
      20
      13
      14
      22
      10
      22
      13
      18
      12
      10
      18
      14
      17
      20
      16
       9
      18
      19
      17
      11
      21
      17
      22
      21
      21
      20
      21
      18
      15
      15
      22
      19
      15
      14
      26
      21
      15
      18
      20
      10
      20
      10
       8
      18
      10
       7
      25
      12
      13
      16
      11
      19
      21
      13
      13
      17
      17
      18
      17
      18
      15
      13
      14
      18
      14
       8
      14
      12
      13
      16
      27
      17
      18
      13
      18
      16
      11
      24
      12
      15
      13
      17
      11
      11
      20
      16
      16
      13
      14
      17
      20
      13
      15
      16
      17
      19
      15
      16
      14
      28
      10
      15
      18
      13
      20
      15
      14
      19
      19
      14
      19
      16
      17
      14
      25
      20
      16
      18
      21
      15
      12
      16
      22
      15
      15
      16
      20
      16
      15
      18
      13
      16
      14
      15
      11
      17
      20
      20
       9
       9
      24
      22
      18
      22
      20
      15
      15
      16
      16
      13
       9
      15
      20
      15
      21
      13
      20
      18
      23
      13
      17
      13
      27
      21
      10
      12
      10
      24
      14
      11
      20
      13
      21
      11
      14
      14
      14
      14
      12
      24
      18
      12
      16
      23
      14
      14
      15
      16
      16
      18
      10
      17
      14
      16
      20
      12
      17
      13
      10
      16
      22
      17
      19
      21
      12
      17
      18
      14
      14
      18
      16
      20
      19
      12
      16
      12
      14
      20
       8
      12
      10
      15
      16
      15
      11
       9
      12
      18
      18
      24
      24
      16
      11
      11
      18
      21
       8
      15
      13
      13
      13
      18
      19
      19
      19
      14
      16
      25
      12
      19
      17
      13
      24
      15
      17
      16
      18
      21
      13
      20
      17
      18
      15
      18
      26
      17
      19
      15
      15
      17
      14
      13
      17
      21
      14
      20
      15
      11
      22
      16
      19
      17
      16
       9
      11
      12
      19
      18
      13
      22
      17
      19
      17
      21
      13
      17
      12
      14
      20
      22
      25
      16
      21
      18
      12
      16
      13
      16
      13
      16
      10
      17
      12
      21
      25
      19
      12
      11
      12
      17
      12
      13
      20
      10
      11
      15
      12
      17
      23
      19
      12
      21
      20
      18
      13
      20
      16
      12
      15
      20
      21
      13
      14
      19
      13
      16
      16
      11
      10
      15
      22
      17
       7
      16
      22
      12
       9
      20
      19
      15
      17
      16
      27
      14
      21
      13
      17
      20
      16
      21
      28
      14
       9
      16
       9
      16
      18
      17
      16
      19
      18
      14
      19
      17
      17
      17
      15
      13
      21
      11
      19
      13
      11
      25
      15
      16
       8
      22
      26
      18
      18
      18
      17
      24
      17
      22
      11
      18
      18
      18
      15
      19
      15
      23
      15
      17
      30
      14
      21
      16
      19
      17
      21
      21
      20
      13
      21
      15
      21
      19
      17
      19
      18
      13
      13
      22
      24
      10
      18
      17
       9
      21
      19
      13
      14
      22
      14
      21
      13
      16
      24
      12
      15
      22
      18
      20
      16
      14
      17
      15
      12
      13
      15
      19
      24
      24
      15
      18
      12
      17
      13
      20
      25
      20
      13
      16
      12
      27
      23
      16
      23
      19
      21
      20
      18
      15
      21
       8
      16
      11
      20
      21
      18
      13
      19
      13
      20
      24
      21
      10
      15
      13
      15
      20
       9
      20
      16
      23
      17
      21
      17
      16
      13
      16
      21
      15
      16
      14
      15
      11
      25
      21
      19
      17
      18
      21
      12
      10
      16
      17
      14
      14
      14
      15
      14
      15
      12
      12
      16
      16
      13
      17
      31
      15
      17
      16
      12
       9
      19
      12
      14
      13
      19
       9
      15
      13
      18
       9
      19
       8
      17
       9
      18
      10
       6
      18
      12
      19
      15
      13
      14
      13
      21
      12
      12
      11
      23
      13
      16
      11
      24
      20
      14
       9
      21
      11
      21
      14
      17
      17
      16
      18
      13
      14
      15
      21
      16
      20
      18
      11
      12
      17
      19
      23
      15
      10
      10
      15
      18
      15
      13
      15
      12
      19
      23
      16
      16
      18
      12
      10
      18
      16
      18
      14
      22
      18
      16
      21
      17
      16
      14
      15
      18
      16
      14
      23
      17
      18
      17
      17
      12
      20
      11
      16
      16
      18
      11
      16
      17
      15
      12
      16
      16
      15
      20
      16
      19
      18
      19
      17
      17
      10
      13
      18
      16
       9
       9
      18
      20
      12
      11
      19
      22
      17
      11
      16
      17
      19
      23
      28
      11
      15
      22
      20
      11
      20
      15
      16
      12
      21
      19
      17
      14
      21
      19
      23
      20
      15
      18
      13
      14
      18
      14
      16
      28
      23
      15
      12
      20
      11
      14
      15
      22
      20
      16
      18
      18
      20
      14
      18
      23
      21
      14
      28
      14
      20
      18
      23
      11
      20
      13
      18
      30
      20
      17
      22
      15
      26
      17
      21
      14
       7
      24
      20
      19
      20
      19
      23
      19
      12
      18
      23
      22
      25
      20
      27
      19
      16
      18
      20
      17
      25
      21
      17
      26
      25
      11
      20
      16
      20
      15
      19
      16
      26
      25
      18
      17
      14
      25
      15
      20
      18
      20
      20
      20
      22
      18
      16
      20
      19
       9
      11
      19
      19
      19
      12
      13
      13
      24
      15
      20
      22
      20
      14
      15
      26
      18
      16
      13
      25
      12
      10
      18
      15
      10
      13
       9
      20
      12
      16
      20
      12
      16
      12
      10
      19
      10
      14
      11
      12
      12
       9
       9
       6
      10
       5
      13
      15
       7
       8
      12
       9
       9
      12
       8
       9
       7
       8
       5
      11
       4
       6
      13
      10
       8
       4
       8
       5
       5
       4
       8
       6
       6
       7
      10
       4
       3
       4
       6
      10
       3
       4
       4
      10
       3
      10
       5
       8
       4
       6
       3
       5
       6
       6
       4
       3
       4
       4
       5
       7
       2
       6
       1
       6
       5
       3
       8
       0
       2
       8
       2
       1
       6
       6
       4
       3
       3
       4
       6
       0
       0
       3
       3
       4
       8
       4
       3
       3
       3
       6
       4
      11
       1
       3
       2
       2
       1
       5
       4
       1
       1
       2
       4
       4
       2
       2
       3
       3
       1
       2
       2
       2
       2
       0
       3
       6
       2
       5
       3
       4
       3
       1
       1
       2
       3
       4
       1
       1
       2
       4
       1
       3
       1
       5
       8
       1
       4
       2
       2
       1
       2
       2
       3
       2
       2
       4
       0
       3
       1
       2
       1
       3
       4
       0
       1
       0
       3
       0
       1
       6
       0
       2
       2
       3
       3
       1
       4
       0
       4
       0
       0
       4
       0
       2
       0
       1
       4
       1
       2
       5
       2
       2
       1
       2
       2
       2
       3
       0
       2
       4
       2
       0
       1
       5
       0
       2
       1
       2
       1
       6
       5
       1
       3
       0
       0
       1
       1
       4
       3
       1
       4
       1
       0
       0
       2
       1
       0
       1
       0
       0
       0
       1
       0
       2
       0
       1
       1
       2
       1
       1
       1
       1
       2
       2
       0
       1
       0
       0
       1
       0
       4
       1
       0
       3
       0
       1
       3
       2
       1
       1
       0
       2
       0
       1
       3
       3
       2
       3
       0
       1
       1
       1
       3
       1
       1
       3
       2
       0
       2
       1
       2
       1
       1
       3
       1
       0
       0
       2
       1
       2
       0
       3
       2
       1
       1
       0
       3
       1
       4
       2
       0
       4
       2
       0
       1
       0
       2
       4
       2
       2
       0
       1
       2
       2
       2
       3
       0
       1
       2
       4
       0
       1
       0
       0
       2
       0
       1
       2
       0
       1
       3
       4
       2
       1
       3
       1
       2
       1
       0
       2
       2
       0
       1
       1
       1
       0
       2
       1
       1
       0
       2
       2
       2
       3
       1
       2
       2
       1
       3
       2
       1
       1
       2
       3
       1
       1
       2
       1
       2
       3
       2
       1
       1
       3
       3
       1
       2
       2
       3
       7
       2
       0
       1
       2
       6
       3
       3
       2
       4
       4
       8
       5
       8
       8
       4
       5
      11
      12
       9
       9
      10
      10
       5
      13
      10
      14
      15
      18
      16
      17
      12
      18
      14
      14
      13
      18
      21
      24
      26
      26
      26
      27
      22
      39
      36
      38
      37
      33
      49
      44
      43
      50
      53
      64
      51
      57
      69
      47
      76
      53
      61
      73
      73
      69
      63
      79
      82
      98
      76
      90
      91
      89
     100
     102
     108
     102
     108
     112
     114
     120
     131
     124
     139
     120
     155
     150
     160
     138
     149
     156
     165
     166
     151
     172
     167
     166
     166
     194
     206
     184
     176
     174
     171
     226
     207
     190
     218
     208
     234
     203
     234
     218
     244
     220
     240
     276
     246
     269
     243
     242
     260
     255
     256
     261
     270
     262
     273
     248
     275
     251
     276
     246
     251
     297
     280
     255
     264
     245
     266
     251
     257
     257
     222
     294
     253
     257
     247
     234
     224
     226
     229
     248
     238
     257
     264
     214
     255
     239
     194
     205
     195
     241
     232
     204
     232
     212
     197
     193
     172
     191
     164
     192
     149
     169
     168
     167
     150
     164
     162
     146
     157
     147
     135
     133
     140
     124
     130
     103
      92
     116
     118
     134
      98
      96
     102
      98
      84
      94
      90
      75
      77
      96
      73
      69
      79
      59
      60
      66
      75
      68
      69
      58
      42
      43
      40
      57
      44
      38
      49
      43
      32
      36
      42
      41
      26
      31
      36
      30
      28
      19
      19
      14
      19
      22
      21
      24
      19
      18
      12
      15
      14
      13
       8
       8
       8
       5
       9
       5
      10
       6
      11
       4
       5
      10
       5
       7
       6
       4
       5
       2
       3
       3
       3
       5
       7
       2
       3
       4
       2
       1
       4
       1
       2
       4
       1
       1
       0
       0
       0
       3
       2
       1
       0
       1
       2
       0
       0
       2
       2
       3
       2
       0
       1
       1
       1
       0
       0
       0
       0
       0
       1
       1
       4
       1
       0
       1
       0
       0
       1
       1
       1
       0
       1
       2
       0
       0
       1
       1
       1
       0
       1
       0
       0
       1
       0
       0
       0
       0
       0
       0
       0
       0
       1
       0
       1
       0
       1
       0
       0
       0
       3
       0
       0
       0
       0
       0
       0
       1
       0
       0
       0
       0
       2
       0
       1
       1
       1
       0
       0
       0
       0
       1
       0
       0
       0
       1
       0
       2
       0
       1
       0
       0
       0
       1
       0
       2
       2
       2
       0
       0
       2
       0
       1
       1
       0
       0
       2
       0
       0
       2
       0
       1
       1
       0
       0
       0
       1
       0
       0
       2
       0
       1
       2
       0
       0
       0
       0
       0
       1
       0
       0
       0
       0
       1
       0
       0
       0
       0
       0
       0
       0
       1
       0
       1
       0
       1
       1
       0
       1
       1
       0
       0
       0
       1
       0
       0
       1
       1
       0
       0
       0
       1
       0
       1
       0
       2
       0
       0
       0
       0
       1
       0
       2
       1
       1
       1
       1
       1
       0
       0
       1
       0
       1
       0
       0
       4
       1
       0
       1
       0
       0
       0
       0
       0
       2
       1
       0
       1
       0
       0
       0
       2
       0
       2
       0
       0
       0
       0
       1
       1
       1
       2
       0
       0
       0
       1
       0
       0
       0
       0
       0
       1
       1
       0
       0
       2
       0
       1
       0
       0
       1
       0
       0
       0
       1
       1
       0
       0
       1
       0
       1
       0
       0
       1
       0
       1
       0
       0
       0
       0
       0
       0
       1
       1
       0
       0
       1
       3
       0
       1
       0
       1
       0
       0
       0
       0
       0
       0
       0
       1
       0
       2
       0
       0
       0
       0
       0
       1
       0
       0
       0
       0
       1
       1
       0
       0
       0
       1
       0
       1
       0
       0
       0
       0
       1
       0
       0
       0
       0
       0
       0
       2
       0
       0
       0
       0
       0
       2
       3
       0
       0
       0
       1
       0
       1
       0
       0
       0
       0
       1
       0
       2
       1
       1
       0
       1
       0
       0
       0
       0
       0
       1
       1
       1
       1
       0
       0
       0
       1
       1
       0
       0
       1
       1
       0
       1
       0
       1
       0
       1
       0
       0
       1
       1
       1
       0
       0
       0
       0
       0
       1
       0
       0
       1
       0
       1
       0
       1
       0
       0
       0
       0
       2
       1
       1
       0
       0
       0
       1
       0
       1
       0
       0
       0
       0
       0
       0
       0
       0
       0
       2
       1
       0
       0
       0
       0
       1
       1
       0
       0
       0
       0
       0
       1
       0
       0
       0
       0
       0
       0
       1
       2
       0
       0
       1
       3
       0
       0
       1
       0
       0
       0
       0
       0
       0
       0
       1
       0
       0
       0
       0
       0
       0
       0
       0
       0
       0
       0
       0
       0
       0
       0
       0
       0
       0
       0
       0
       0
       0
$ROI:
1
1331 1635
$PRESETS:
Live Time
1000
0
$ENER_FIT:
-37.406231 1.986979
$MCA_CAL:
3
-3.740623E+001 1.986979E+000 0.000000E+000 keV
$SHAPE_CAL:
3
0.000000E+000 0.000000E+000 0.000000E+000
