$SPEC_ID:
This is sample 346.
$SPEC_REM:
DET# 1
DETDESC# DIP1456 PCI-Trump SN 253
AP# Maestro Version 7.01
$DATE_MEA:
01/15/2025 06:37:37
$MEAS_TIM:
1000 1028
$DATA:
0 2047
       0
       0
       0
       0
       0
       0
       0
       0
       0
       0
       0
       0
       0
       0
       0
       0
       0
       0
       0
       0
       0
       0
       0
       0
       0
       0
       0
       0
       0
       0
       0
       0
       0
       0
       0
       0
       0
       0
       0
       0
       0
       0
       0
       0
       0
       0
       0
       0
       0
       0
       0
       0
       0
       0
      14
      10
      17
       9
      17
      17
       8
      11
       9
      12
      17
      16
      12
      18
      19
       8
      21
      11
      11
      16
      18
      14
      18
      16
      16
      11
       6
      16
       8
      21
      17
      10
      18
      10
      19
      16
      23
      10
      14
      13
      13
      23
      17
      16
      17
      16
      23
      15
      15
      12
      14
      20
      13
      12
      26
      21
      14
       6
      18
      15
      15
      25
       8
      21
      16
      16
      19
      14
      16
      18
      15
      22
      13
      17
      15
      15
      11
      15
      18
      16
      12
      14
      17
      18
      17
      18
      13
      12
      11
      17
      15
      23
      11
      17
      19
      16
      21
      16
      16
      12
      17
      19
      16
       8
      17
      20
      15
      14
      17
      11
      21
      19
      20
      19
      10
      15
      15
      15
      18
      17
      18
      14
      16
      12
      21
      13
      17
      16
      12
      12
       9
      15
      15
      13
      15
      18
      17
      21
      15
      12
      17
      19
      20
      15
      17
      14
      16
      10
      17
       9
      14
      18
      14
      14
      19
      11
      22
      13
      14
      21
       7
      15
      15
      13
      10
      15
      12
      16
      15
      19
      17
      15
      23
      13
      11
      15
      11
      21
      18
      20
      17
      16
      14
      14
      20
       8
      21
      17
      11
      18
      15
      17
      21
      12
      23
      20
      20
      14
      21
      19
      10
      11
      13
       8
      22
      11
      14
      17
      17
      15
      17
      11
      12
      14
      17
      13
      21
      13
      18
      27
      17
      17
      13
      19
      14
      21
      16
      20
      17
      17
      19
      15
      20
      12
      14
      16
      11
       9
      14
      22
      23
      14
      11
      10
      19
      27
       6
      11
      19
      21
      18
      13
      15
      18
      23
      16
      17
      15
      13
      25
      11
      12
      11
      19
      15
      13
      19
       7
      20
      23
      18
      18
      15
      14
      26
      20
      15
      17
      16
       6
      13
      16
       8
      12
      19
      12
      23
      12
      11
      20
      20
      15
      22
      19
      23
      19
      18
      20
      19
      11
      18
      12
      14
      15
      12
      15
      18
      14
      17
      15
      13
      14
      16
      18
      20
      21
       9
      16
      22
      17
      23
      14
      24
      15
      15
      14
      12
      19
      22
      13
      15
      16
      11
      12
      21
      13
      14
      17
      20
      17
      12
      16
      14
      10
      12
      16
       7
      21
      12
      11
      18
      27
      24
      16
      17
      13
      14
       7
      17
      19
      13
      18
      13
      15
      18
      21
      15
      20
      16
      15
      15
      14
      11
      16
      15
      17
      15
      15
       9
       9
      14
      19
       5
      14
      16
      15
      13
      16
      18
      13
      20
      12
      16
      13
      17
      20
      19
       8
      11
      17
      11
      11
      17
      22
      18
      19
      17
      22
      18
      19
      11
      20
      18
      18
      14
      13
      16
      23
      19
      12
      16
      13
      14
      21
      14
      21
      13
      15
      20
       9
      19
      18
      19
      13
      16
      13
      18
      15
      21
      17
      19
      15
      11
      10
      25
      18
      12
      16
      16
      19
      15
      22
      19
      18
      21
      12
      20
      15
      18
      21
      19
      23
      12
      15
      15
      15
      20
      17
      23
      18
      20
      14
      19
      16
      23
      11
       9
      21
      19
      18
      13
      22
      15
      14
      15
      15
      21
      18
      16
      17
      27
      16
      26
       8
      14
      24
      17
      18
      21
      16
      19
      21
      16
      15
      15
      19
      20
      17
      19
      13
      26
      16
      15
      18
      19
      20
      17
      14
      12
      13
      20
      22
      14
      16
      19
       9
      20
      15
      13
      19
       8
      17
      14
      22
      13
      16
      24
      17
      19
      19
       7
      22
      15
      22
       7
      15
      16
      17
      18
      14
      20
      22
      13
      17
      17
      16
      17
      20
      14
      17
      23
      12
      19
      16
      18
      18
      22
      15
      14
      14
      18
      18
      14
      17
      12
      17
      20
      23
      12
      14
      11
      20
      22
      18
      20
      23
      12
      17
      12
      13
      17
      24
      23
      12
      15
      11
      14
      15
      14
      15
      20
      24
      17
      19
      13
      14
      15
      19
      14
      12
      21
      13
      18
      16
       5
      22
      24
      18
      20
      18
      16
      11
      13
      15
      18
      20
      18
      21
      20
       9
      23
      15
      14
      12
      18
      18
      19
      17
      13
      18
      14
      13
      23
      26
      20
      16
      15
      15
      20
      12
      21
       9
      13
      17
       7
      16
      13
      15
       8
      10
      16
      12
       9
      13
      20
      12
      21
      14
       9
      24
      10
      21
      13
      12
       9
      17
      25
      15
      13
      14
      18
      16
       9
      18
      12
       8
      20
      21
      17
      17
      15
      17
      16
      14
      14
      15
      14
      17
      19
      17
      16
      13
      17
      15
      18
      17
      18
      15
      18
      13
      23
      21
      15
      17
      22
      15
      21
      18
      13
      24
      18
      11
      23
      15
      14
      13
      11
      17
       9
      12
      18
      22
      27
      17
      19
      18
      12
      11
      13
      16
      11
      19
      14
      17
      11
      15
      25
      20
      14
      22
      25
      21
      12
      15
      13
      20
      14
      12
      15
      18
      13
      12
      14
      22
      18
      12
      21
      15
      19
      12
      20
      17
      13
      14
      16
      10
      15
      17
      14
      15
      21
      17
      16
      23
      22
      11
      29
      12
      23
      26
      15
      17
      19
      10
      21
      16
      23
      16
      11
      15
      11
      25
      20
       8
      23
      17
      20
      22
      15
      13
      29
      19
      21
      17
      20
      21
      20
      22
      18
      14
      10
      20
      16
      15
      20
      20
      15
      20
      21
      26
      12
      22
      10
      25
      20
      18
      19
      13
      19
      12
       9
      22
      19
      11
      11
      21
      15
      11
      12
      20
      17
      19
      16
      18
      11
      16
      19
      22
      19
      21
      19
      14
      19
      13
      17
      18
      16
      16
      11
      17
      17
      13
      15
      13
      14
      10
      13
      13
       9
      11
       8
      21
      11
      11
      12
      11
      13
      11
       4
      10
      11
      14
      12
      14
       7
       7
      12
      12
      16
       8
      10
       9
       8
      15
      12
       8
      13
       5
       6
       6
       7
      12
       5
       5
       4
       9
       6
       8
      10
       7
       5
       9
       9
       2
       3
       6
       7
       5
       8
       9
       8
       2
       2
       4
       3
       7
       9
      10
       7
       4
       3
       4
       6
       3
       5
       3
       1
       7
       7
       7
       5
       5
       4
       8
       5
       4
       9
       3
       5
       2
       5
       4
       6
       4
       4
       1
       0
       3
       5
       5
       5
       6
       6
       4
       4
       8
       2
       4
       9
       4
       4
       3
       3
       1
       2
       4
       1
       8
       2
       8
       2
       1
       3
       5
       3
       4
       1
       3
       2
       1
       4
       3
       1
       2
       4
       2
       5
       0
       4
       2
       2
       6
       1
       1
       0
       1
       6
       3
       1
       4
       1
       0
       2
       0
       2
       4
       4
       1
       1
       4
       0
       3
       2
       3
       4
       2
       2
       1
       2
       0
       0
       0
       3
       2
       1
       2
       0
       2
       3
       4
       0
       3
       4
       0
       4
       1
       2
       0
       2
       3
       2
       1
       0
       0
       2
       0
       0
       0
       0
       1
       4
       2
       0
       1
       2
       3
       1
       1
       0
       2
       3
       2
       3
       2
       3
       1
       2
       2
       1
       1
       2
       3
       2
       2
       1
       6
       1
       0
       2
       3
       2
       0
       1
       1
       0
       1
       0
       4
       1
       2
       4
       2
       1
       2
       3
       0
       1
       4
       0
       2
       1
       1
       0
       2
       1
       3
       0
       2
       1
       2
       1
       1
       0
       0
       2
       1
       1
       0
       3
       3
       1
       2
       0
       2
       0
       1
       2
       0
       1
       3
       0
       1
       0
       3
       2
       1
       1
       2
       2
       3
       1
       2
       1
       1
       3
       2
       1
       2
       3
       0
       1
       4
       1
       4
       0
       1
       0
       3
       1
       1
       0
       1
       1
       0
       0
       2
       3
       1
       0
       3
       1
       1
       0
       2
       0
       1
       0
       1
       1
       0
       1
       1
       3
       2
       1
       1
       0
       2
       1
       1
       4
       1
       2
       1
       0
       0
       3
       0
       3
       3
       2
       2
       0
       3
       1
       0
       1
       5
       2
       3
       1
       0
       1
       0
       0
       0
       2
       2
       2
       4
       0
       0
       2
       0
       2
       4
       4
       0
       1
       3
       0
       3
       0
       1
       3
       1
       3
       2
       1
       6
       1
       3
       4
       1
       3
       0
       4
       5
       1
       9
       3
       3
       5
       5
       4
       9
       4
       8
       8
       6
      10
       8
      11
      12
       3
      10
       7
       7
      15
      19
      13
      10
      17
      15
      17
      20
      25
      24
      16
      18
      29
      18
      25
      31
      21
      28
      35
      31
      45
      41
      30
      35
      39
      32
      42
      45
      51
      57
      47
      59
      33
      58
      55
      72
      63
      60
      67
      87
      71
      93
      66
      77
      95
      78
      94
      82
     105
      93
      89
      93
      98
     117
     136
     111
     135
     121
     117
     133
     136
     122
     121
     163
     144
     154
     171
     151
     180
     165
     157
     175
     176
     126
     225
     197
     179
     202
     207
     193
     223
     180
     213
     229
     199
     197
     228
     232
     233
     228
     250
     212
     265
     244
     246
     235
     231
     232
     257
     249
     263
     253
     263
     250
     241
     267
     261
     247
     241
     259
     247
     291
     255
     260
     257
     271
     245
     240
     268
     233
     234
     233
     263
     233
     240
     231
     246
     222
     234
     241
     221
     222
     213
     218
     220
     240
     209
     218
     188
     202
     202
     211
     185
     197
     200
     174
     178
     159
     199
     190
     167
     176
     151
     157
     159
     140
     138
     130
     150
     128
     142
     142
     122
     118
      91
     133
     110
      97
     120
      98
      76
      84
      94
      90
      79
      78
      84
      76
      88
      76
      69
      51
      75
      68
      55
      50
      48
      36
      50
      54
      47
      46
      36
      39
      26
      33
      43
      37
      32
      14
      27
      23
      29
      31
      25
      23
      15
      25
      23
      17
      18
      17
      18
      15
      12
      17
      15
       7
      10
      13
      11
      17
      10
       7
       9
      11
       3
       0
       6
       2
       6
       5
       5
       3
       3
       3
       5
       1
       5
       1
       4
       1
       4
       1
       4
       2
       2
       2
       3
       3
       2
       0
       1
       5
       3
       2
       2
       3
       1
       0
       1
       2
       3
       0
       0
       1
       0
       0
       1
       1
       1
       1
       0
       4
       3
       0
       0
       2
       0
       0
       3
       0
       0
       0
       2
       1
       0
       1
       0
       0
       1
       0
       0
       0
       1
       0
       0
       0
       0
       0
       0
       1
       1
       0
       2
       0
       1
       0
       2
       0
       1
       0
       0
       0
       1
       1
       0
       0
       1
       0
       1
       0
       1
       1
       0
       1
       0
       0
       2
       1
       0
       0
       0
       0
       0
       0
       1
       0
       0
       1
       0
       0
       2
       0
       0
       0
       1
       0
       0
       1
       1
       1
       0
       1
       1
       0
       0
       1
       1
       0
       1
       0
       0
       0
       0
       0
       0
       1
       1
       0
       1
       1
       1
       0
       1
       1
       1
       0
       1
       0
       1
       1
       1
       0
       2
       0
       0
       2
       2
       0
       0
       0
       0
       0
       0
       0
       1
       0
       0
       0
       0
       2
       0
       1
       1
       0
       1
       0
       0
       0
       1
       0
       2
       2
       0
       0
       1
       0
       0
       0
       0
       0
       0
       0
       0
       0
       0
       1
       0
       0
       0
       1
       0
       1
       0
       3
       0
       1
       1
       0
       0
       0
       0
       0
       0
       0
       1
       0
       0
       0
       1
       0
       1
       0
       2
       0
       1
       0
       2
       0
       0
       2
       2
       1
       0
       0
       2
       0
       0
       1
       0
       0
       0
       0
       0
       0
       0
       1
       1
       0
       0
       0
       1
       2
       0
       0
       0
       0
       1
       0
       0
       0
       1
       0
       0
       0
       1
       1
       0
       0
       0
       0
       0
       1
       0
       0
       0
       0
       0
       1
       0
       2
       0
       1
       0
       1
       0
       0
       0
       0
       3
       0
       1
       1
       0
       1
       0
       0
       0
       0
       1
       1
       0
       1
       0
       1
       0
       0
       0
       0
       0
       0
       0
       0
       0
       0
       0
       0
       1
       0
       0
       0
       0
       0
       0
       0
       0
       0
       1
       0
       0
       0
       2
       1
       1
       0
       0
       0
       0
       0
       1
       0
       1
       0
       0
       0
       0
       1
       0
       1
       1
       0
       2
       1
       1
       0
       0
       0
       0
       0
       0
       2
       0
       0
       1
       0
       0
       0
       0
       0
       0
       1
       0
       0
       0
       0
       0
       0
       0
       0
       0
       0
       0
       2
       0
       0
       0
       1
       0
       1
       1
       0
       0
       1
       1
       0
       0
       0
       0
       0
       0
       0
       0
       0
       0
       0
       0
       0
       0
       0
       1
       0
       0
       1
       0
       0
       0
       0
       1
       0
       0
       0
       0
       0
       0
       2
       0
       0
       0
       0
       1
       0
       0
       0
       0
       0
       0
       2
       0
       2
       0
       1
       1
       2
       0
       0
       1
       0
       1
       0
       0
       0
       1
       0
       0
       0
       0
       0
       1
       0
       0
       1
       0
       0
       0
       0
       0
       0
       0
       0
       1
       0
       0
       0
       0
       0
$ROI:
1
1331 1635
$PRESETS:
Live Time
1000
0
$ENER_FIT:
-37.406231 1.986979
$MCA_CAL:
3
-3.740623E+001 1.986979E+000 0.000000E+000 keV
$SHAPE_CAL:
3
0.000000E+000 0.000000E+000 0.000000E+000
