$SPEC_ID:
This is sample 257.
$SPEC_REM:
DET# 1
DETDESC# DIP1456 PCI-Trump SN 253
AP# Maestro Version 7.01
$DATE_MEA:
01/14/2025 02:43:00
$MEAS_TIM:
1000 1028
$DATA:
0 2047
       0
       0
       0
       0
       0
       0
       0
       0
       0
       0
       0
       0
       0
       0
       0
       0
       0
       0
       0
       0
       0
       0
       0
       0
       0
       0
       0
       0
       0
       0
       0
       0
       0
       0
       0
       0
       0
       0
       0
       0
       0
       0
       0
       0
       0
       0
       0
       0
       0
       0
       0
       0
       0
       3
       7
      10
      16
       8
      15
      10
      23
      12
       9
      12
      10
      20
       9
       9
      14
      20
      14
      19
      11
      17
      10
       5
      19
      10
      12
      16
      12
      14
      14
      22
      18
       9
      13
      13
      20
      15
       8
      14
      10
      13
       9
      20
      18
      14
      14
      11
      20
      14
      10
      17
      13
      28
      10
      15
       6
      13
      14
      16
       8
      23
      11
      14
      20
      15
      10
      20
      16
      17
      18
      14
      12
      15
      16
      15
      22
      15
      21
      16
      16
      14
      22
      13
      20
       7
      13
      21
      15
      19
      13
      12
      20
      18
      11
      14
      10
      20
      16
      16
      11
      16
      17
      19
      15
      13
      18
      16
       8
      14
      14
      15
      24
      17
      16
      13
      12
      20
       9
      21
      15
       9
      14
      15
      21
      22
      12
      14
      16
      21
      14
      14
      21
      19
      17
      18
      16
      11
      14
      14
      13
      18
      10
      18
      15
      17
      14
      10
      11
      21
      10
      21
      17
      16
      15
      18
      14
      10
      18
      13
      15
      22
      15
      16
      14
      24
      18
      15
      23
      16
      21
      21
      22
      16
      14
      17
      14
       8
      20
      11
      15
      18
      13
      15
      20
      20
      17
      15
      28
      18
      20
      17
      12
      13
       8
      28
      20
      24
      13
      12
      17
      17
      15
      13
      27
      14
      11
      13
      20
      14
      18
      15
      17
      22
      14
      18
      23
      14
      20
      17
      19
      21
      15
      20
      23
      11
      20
      16
      20
      20
      13
      15
      13
      14
      22
      18
      19
      12
      22
      14
      17
      11
      25
       8
      12
      22
      10
      22
      16
      16
      11
      17
       9
      25
      21
      13
      18
      15
      14
       8
      10
      16
      19
       8
      19
      14
      19
      16
      19
      20
      19
      18
      12
      10
      15
      17
      18
      18
      14
      16
      12
      15
      12
      24
      16
      15
      12
      17
      17
      16
      17
       6
      14
      18
      13
      10
      14
       8
      16
       9
      20
      16
      15
      12
      18
      13
      10
      22
      14
      17
      18
      23
      17
      20
      17
      16
      19
      13
      18
      18
      17
      25
      20
      23
      20
      18
      18
      14
       8
      22
      18
      16
      17
      18
      21
      13
      13
      13
      13
      22
       7
      20
      15
      15
      16
      12
      19
      23
       8
      22
      14
      12
      13
      18
      16
      16
      13
      20
      13
      11
      22
      16
      22
      18
      12
      22
      19
      20
      14
      23
      13
      12
      12
      12
      17
      20
      11
      19
       9
      14
      23
      13
      19
      15
      14
      14
      10
      15
      17
      16
      16
      13
      17
      21
      21
      13
      13
      17
      19
      17
      19
      16
      22
      17
      17
      14
      13
      14
      23
      12
      19
      15
      24
      18
      16
      17
      14
      27
      15
      16
      25
      17
      19
      15
      18
      15
      22
      21
      15
      18
      10
      21
      15
      17
      23
      22
      12
       7
      14
      17
      10
      24
      22
      13
      19
      18
      21
      17
      19
      22
      18
      19
      19
      20
      21
      18
      16
      18
      19
      23
      19
      17
      22
      21
      24
      20
      12
      18
      19
      19
      23
      18
      18
      25
      13
      15
      22
      18
      22
      20
      19
      17
      22
      14
      18
      11
      24
      23
      20
      17
      19
      21
      18
      20
      14
      19
      21
      22
      17
      14
      16
      21
      15
      23
      14
      10
      15
      16
      17
      25
      20
      18
      24
      26
      12
      17
      15
      13
       9
      16
       6
      23
      12
      12
      13
      19
      26
      17
      16
      13
      18
      12
      14
      12
      18
      14
      12
      15
      10
      11
      19
      13
      20
      21
      10
      10
      22
      18
      10
      16
      24
      16
      19
      27
      18
      16
      15
      16
      20
       9
      24
      21
      14
      16
      27
      18
      18
      24
      18
      26
      17
      15
      19
      15
      14
      18
      16
      16
      11
      20
      11
      18
      15
      16
      20
      17
      26
      17
      19
      14
      14
      16
      10
      16
      16
      14
      14
      16
      24
      18
      15
      23
      18
      23
      20
      19
      12
      17
      21
      18
      20
      12
      16
      20
      21
      16
      15
      15
      14
      16
      23
      16
      18
      17
      17
      18
      25
      13
      22
      17
      12
      15
      10
      14
      18
      16
      16
      12
      16
      17
      22
      16
      18
      17
      12
      12
      21
      12
      10
      15
      17
      22
      17
      15
      10
      20
      17
      13
      10
      13
      11
      23
      12
      15
      17
       9
      21
      11
      14
      24
      18
      19
      22
      22
      14
      14
      17
      18
      11
      19
      22
      10
      13
      14
      15
      15
      13
      11
      25
      17
      23
      24
      13
      12
      16
      11
      21
      16
      15
      15
      17
      21
      22
      16
      19
      11
      17
      14
      22
      22
      17
      13
      13
      17
      16
      17
      14
      14
      16
      16
      16
      14
      15
      10
      13
      16
      19
      18
      22
      13
      17
      15
      19
      16
      16
      16
      10
      22
      18
      23
      13
      17
      14
      17
      18
      15
      14
      16
      18
      16
      10
      18
      26
      14
      17
      13
      23
      12
      17
      23
      23
      15
      17
      17
      11
      14
      19
      17
      17
      13
      17
      18
      16
      14
      14
      20
      20
      14
      26
      15
      24
      18
      28
      23
      24
      25
      15
      18
      15
      17
      27
      22
      20
      22
      16
      27
      15
      20
      17
      19
      27
      17
      19
      19
      20
      16
      21
      18
      24
      20
      19
      17
      20
      25
      14
      22
      16
      24
      26
      24
      20
      18
      14
      19
      20
      15
      15
      22
      20
      18
      19
      19
      18
      27
      26
      21
      22
      25
      24
      16
      18
      21
      16
      19
      19
      11
      20
      17
      12
      17
      19
      16
      11
      12
      13
      16
      14
      20
      10
      14
      12
      17
      21
      19
      19
      14
      10
      10
      16
      10
      23
      21
      17
      18
      14
      10
      10
      23
      14
      11
      11
      13
      15
      10
      13
      23
      14
      13
      10
      15
      11
      16
      11
      11
      13
      10
      11
      15
       8
      11
       8
      10
       8
      10
      11
      13
       6
      13
      11
       6
       5
       7
       7
       6
       8
      13
       9
      10
       7
      10
      11
       5
      12
       8
       5
       8
       4
       6
       6
       8
      12
       4
       6
       5
      10
      11
       7
       6
       7
       8
       5
       7
       8
       5
       9
       7
       4
       4
       3
       4
       4
       6
       4
       3
       4
       8
       5
       6
       1
       6
       7
       4
       2
       2
       3
       3
       2
       3
       2
       4
       6
       2
       5
       5
       2
       2
       6
       4
       2
       3
       4
       6
       3
       2
       3
       3
       2
       0
       5
       3
       3
       7
       2
       1
       3
       3
       3
       3
       3
       2
       1
       4
       3
       4
       4
       0
       1
       3
       4
       6
       1
       3
       3
       7
       1
       4
       2
       2
       2
       1
       0
       3
       0
       0
       3
       2
       0
       6
       3
       3
       2
       0
       1
       3
       2
       3
       2
       2
       1
       2
       2
       4
       2
       1
       1
       3
       1
       4
       4
       2
       0
       2
       0
       1
       2
       2
       3
       0
       0
       3
       3
       1
       2
       1
       6
       2
       2
       2
       0
       1
       0
       3
       2
       1
       2
       1
       3
       2
       3
       1
       3
       1
       1
       5
       2
       3
       1
       4
       2
       2
       1
       2
       1
       4
       0
       0
       0
       0
       0
       2
       2
       4
       4
       2
       1
       2
       2
       1
       2
       1
       3
       1
       3
       0
       1
       3
       3
       4
       0
       3
       0
       0
       2
       3
       1
       2
       3
       1
       1
       1
       0
       2
       1
       2
       2
       2
       3
       1
       2
       1
       4
       0
       0
       3
       3
       0
       0
       4
       0
       3
       2
       2
       1
       1
       1
       0
       1
       1
       2
       3
       2
       1
       2
       3
       2
       4
       2
       1
       0
       0
       2
       3
       1
       2
       2
       4
       2
       1
       1
       1
       3
       0
       1
       2
       3
       1
       2
       1
       0
       0
       2
       3
       0
       2
       4
       1
       5
       0
       2
       1
       0
       1
       2
       1
       5
       2
       2
       2
       3
       2
       1
       1
       1
       2
       2
       3
       2
       5
       0
       1
       2
       0
       1
       1
       1
       1
       0
       2
       0
       0
       2
       1
       1
       2
       0
       0
       2
       2
       0
       1
       2
       3
       0
       2
       5
       1
       3
       0
       2
       2
       1
       1
       2
       3
       1
       0
       1
       2
       1
       5
       3
       2
       4
       2
       4
       2
       1
       5
       3
       4
       3
       2
       4
       4
       4
       5
       5
       6
       7
       3
       5
       5
       7
       5
      11
      12
       8
      10
       7
       9
      11
       6
      15
      12
      16
      15
      13
      14
      13
       8
      21
      24
      17
      12
      20
      25
      34
      18
      19
      30
      27
      32
      37
      31
      30
      36
      47
      41
      52
      46
      52
      55
      56
      47
      60
      60
      55
      68
      65
      60
      69
      62
      76
      74
      66
      88
      88
      94
      97
      78
      91
     103
     109
     102
     108
     121
     127
     112
     100
     120
     136
     132
     157
     138
     133
     136
     151
     147
     153
     167
     189
     184
     172
     180
     197
     185
     185
     183
     196
     183
     185
     215
     194
     217
     215
     229
     191
     224
     234
     229
     243
     225
     226
     224
     253
     261
     232
     244
     220
     259
     249
     244
     216
     239
     253
     248
     274
     235
     290
     243
     296
     235
     227
     259
     269
     281
     276
     261
     244
     261
     262
     269
     233
     250
     260
     265
     266
     260
     238
     225
     231
     226
     231
     214
     219
     229
     242
     222
     239
     231
     213
     209
     195
     174
     196
     196
     197
     201
     183
     170
     181
     159
     149
     156
     176
     148
     151
     147
     141
     162
     147
     120
     155
     112
     131
     112
     116
     108
     115
     102
     123
      93
     118
      94
     102
     100
      94
      79
      73
      85
      75
      85
      66
      62
      61
      69
      55
      54
      55
      43
      45
      53
      46
      51
      41
      38
      31
      38
      32
      45
      31
      22
      30
      33
      28
      20
      25
      23
      23
      21
      19
      23
      15
      19
      13
      21
      18
      14
       9
       8
      11
      11
       8
      10
       6
      12
       4
       9
       3
       9
       6
       6
       6
       4
       5
       3
       6
       3
       3
       4
       2
       2
       1
       2
       1
       2
       2
       2
       2
       0
       2
       1
       1
       2
       1
       1
       0
       0
       0
       0
       1
       1
       2
       1
       1
       2
       1
       0
       2
       1
       1
       2
       2
       0
       0
       1
       0
       1
       1
       0
       2
       1
       0
       1
       0
       0
       2
       3
       0
       1
       0
       0
       0
       2
       0
       0
       0
       0
       1
       1
       2
       2
       1
       0
       4
       1
       0
       0
       0
       1
       0
       1
       0
       0
       2
       0
       0
       1
       0
       0
       0
       2
       0
       2
       0
       0
       1
       0
       0
       0
       0
       0
       1
       0
       0
       0
       0
       0
       0
       1
       1
       2
       0
       0
       1
       1
       1
       0
       0
       1
       0
       0
       0
       0
       1
       1
       1
       1
       0
       1
       1
       0
       0
       0
       0
       1
       1
       0
       2
       0
       1
       1
       1
       1
       0
       1
       2
       1
       1
       0
       1
       0
       1
       0
       1
       0
       1
       0
       0
       0
       2
       0
       0
       0
       0
       0
       0
       0
       0
       0
       0
       2
       1
       1
       2
       1
       1
       0
       1
       0
       0
       0
       0
       0
       0
       0
       0
       0
       0
       1
       0
       0
       0
       0
       0
       2
       0
       1
       0
       1
       1
       1
       0
       3
       1
       2
       0
       0
       0
       0
       0
       1
       1
       1
       0
       0
       0
       1
       1
       0
       0
       0
       0
       0
       3
       2
       1
       0
       0
       1
       1
       0
       0
       1
       0
       0
       0
       0
       1
       3
       1
       0
       0
       0
       0
       0
       0
       1
       0
       1
       1
       0
       0
       1
       1
       0
       0
       0
       0
       0
       0
       0
       1
       0
       0
       1
       1
       1
       0
       1
       0
       0
       0
       1
       0
       1
       0
       0
       0
       0
       1
       0
       0
       0
       0
       0
       1
       1
       0
       1
       0
       1
       0
       0
       0
       0
       0
       0
       0
       0
       0
       1
       2
       0
       0
       0
       0
       1
       0
       1
       1
       0
       0
       0
       0
       2
       2
       0
       0
       1
       1
       2
       1
       0
       0
       0
       0
       2
       1
       0
       2
       0
       0
       0
       0
       0
       0
       0
       0
       1
       0
       1
       0
       1
       0
       1
       0
       1
       1
       0
       0
       0
       0
       0
       0
       2
       1
       1
       1
       0
       0
       0
       0
       0
       1
       0
       1
       0
       0
       0
       1
       0
       1
       1
       1
       0
       0
       0
       0
       0
       0
       0
       0
       1
       1
       0
       0
       0
       0
       0
       0
       0
       0
       2
       0
       0
       0
       2
       0
       1
       1
       0
       1
       0
       0
       0
       1
       0
       0
       0
       2
       0
       0
       1
       0
       0
       0
       0
       0
       0
       1
       1
       0
       0
       1
       0
       0
       0
       0
       0
       1
       2
       0
       1
       1
       2
       1
       0
       0
       1
       0
       0
       0
       0
       0
       1
       1
       2
       0
       2
       0
       0
       0
       0
       0
       0
       1
       0
       0
       0
       0
       0
       0
       0
       0
       1
       0
       0
       0
       0
       1
       0
       0
       0
       0
       0
$ROI:
1
1331 1635
$PRESETS:
Live Time
1000
0
$ENER_FIT:
-37.406231 1.986979
$MCA_CAL:
3
-3.740623E+001 1.986979E+000 0.000000E+000 keV
$SHAPE_CAL:
3
0.000000E+000 0.000000E+000 0.000000E+000
