$SPEC_ID:
This is sample 005.
$SPEC_REM:
DET# 1
DETDESC# DIP1456 PCI-Trump SN 253
AP# Maestro Version 7.01
$DATE_MEA:
01/10/2025 19:41:16
$MEAS_TIM:
1000 1028
$DATA:
0 2047
       0
       0
       0
       0
       0
       0
       0
       0
       0
       0
       0
       0
       0
       0
       0
       0
       0
       0
       0
       0
       0
       0
       0
       0
       0
       0
       0
       0
       0
       0
       0
       0
       0
       0
       0
       0
       0
       0
       0
       0
       0
       0
       0
       0
       0
       0
       0
       0
       0
       0
       0
       0
       0
       1
      24
      14
      16
      10
      14
      15
      16
       9
       9
      13
      15
      11
      12
      21
      17
      18
       7
      14
      10
       6
      18
      19
      13
      13
      21
      13
       8
      17
      16
      17
      14
      19
      13
      16
      16
      25
      17
      11
      13
      12
      14
      16
      11
      14
      13
      14
      14
      13
      16
      15
      17
      13
      11
      19
      14
      12
      13
      22
      17
      22
      18
      13
      12
      16
      14
      20
      16
      17
      18
      14
      19
      19
      16
      14
      16
      17
      17
      15
      23
      15
      18
      18
      19
      11
      16
      14
      11
      18
      13
      13
      14
      19
      11
      12
      15
      21
      15
      18
      22
      27
      17
      13
      18
      18
      17
      21
      13
      13
      13
      12
      22
      15
      13
      11
      12
      23
      20
      12
      18
      18
      19
      17
      19
      17
      14
      12
      15
      19
      22
      17
      13
      12
      12
      12
      15
      17
      13
      18
      10
      15
       9
      16
      22
      19
      12
      20
       6
       7
      14
      19
      10
      17
      15
      14
      14
      24
      10
      19
      16
      19
      17
      22
      18
      20
      12
      16
      14
      19
      16
      26
      16
      19
      20
      20
      15
      14
      22
      16
      16
      11
      20
      12
      11
      16
      22
      19
      12
      14
      16
      19
      15
      27
      22
      13
       7
      30
      19
      20
      17
      20
      17
      17
      16
      11
      13
      18
      20
      16
      10
      18
      22
      20
      21
      17
      21
      15
      23
      14
      14
      16
      29
       9
      16
       7
      18
      18
      18
      12
      20
      13
      13
      20
      18
      13
      19
      12
      17
      15
      13
      12
      11
      13
      25
      18
      16
      11
      19
      19
      18
      15
      15
      15
      17
      21
      15
      26
      18
      24
      18
      16
      17
      14
      14
      11
      24
      18
      16
      11
       9
      17
      18
      15
      17
      19
      11
      12
      11
      15
      25
      19
      22
      18
      16
      14
      21
       9
      17
      20
      21
      12
      16
      11
      17
      10
      16
      21
      18
      17
      14
      10
      15
      18
      16
      12
      26
      21
      22
      19
      16
      15
      24
      13
      19
      10
      12
      13
      16
      22
      20
      18
      13
      15
      30
      22
      15
      22
      19
      23
      14
      18
      19
      11
      13
      16
      16
      15
      10
      17
      21
       8
      10
      16
      21
      24
      13
      14
      10
      11
       9
      20
      19
      18
      14
      17
      24
      22
      22
      15
      28
      12
      21
      18
      15
      13
      17
      14
      19
      11
      20
      16
      11
      16
      15
      10
      24
      18
      19
      11
      17
      13
      13
      12
      16
      26
      20
      17
      12
      10
      19
      20
       9
      19
      14
      21
      20
      29
      16
      14
      12
      16
      16
      21
      17
      28
      13
      14
      17
      16
      13
      13
      15
      25
      28
      14
      14
      17
      13
      28
      14
      18
      13
      15
      14
      12
      15
      15
      28
      18
      16
      14
      13
      19
      20
      14
      29
      15
      19
      13
      16
      20
      16
      16
      14
      12
      16
      11
      16
      25
      24
      21
      12
      36
      21
      14
      21
      18
      16
      18
      21
      16
      22
      22
      19
      20
      15
      10
      23
      18
      29
      18
       9
      13
      15
      20
      21
      19
      14
      23
      14
      13
      18
      14
      12
      21
      12
      16
      14
      18
      20
      21
      10
      18
      20
      10
      17
      24
      13
      15
      15
      16
      17
      19
      16
      22
      11
      14
      12
      15
      22
      17
      16
      13
      14
      19
      21
      15
      12
      24
      18
      20
       9
      16
       9
      16
      12
      15
      13
      16
      11
      11
      16
      23
      13
      24
       9
      18
      14
      22
      23
      17
      22
      24
      28
       8
      19
      12
      17
      11
      17
      22
       8
      13
      19
      20
      21
      16
      11
      18
      23
      19
      18
      26
      27
      16
      15
      28
      11
      18
      17
      19
      14
      16
      13
       7
      16
      23
      19
      20
       8
      22
      14
      18
      12
      14
      22
      13
      18
      18
      20
      21
      17
      20
      26
      19
      19
      15
      20
      18
      21
      16
      19
      16
      14
      23
      18
      16
      17
      16
      12
      19
      21
      14
      12
      21
      14
      14
      19
      12
      12
      15
      20
      19
      24
      13
      21
      16
      12
      27
      18
       9
      16
      16
      14
      16
      20
      11
      13
      15
      10
      20
      18
      10
      16
       8
      18
      17
      12
      19
       8
      17
      13
      13
      16
      16
      12
      13
      15
      19
      18
      21
      12
      16
      15
      15
       7
      17
      13
      10
      19
      13
      25
      16
      11
      13
      16
      13
      14
      14
      15
      18
      23
      16
      14
      16
      19
      23
      13
      15
      16
      23
      17
      17
      17
      14
      24
      18
      18
      16
      19
      15
      15
      13
      25
      11
      19
      13
      21
      21
      24
      23
      20
      12
      23
      21
      15
      16
      15
       9
      12
      13
      16
      13
      15
      20
      17
      13
      25
      19
      10
      11
      18
      22
      21
      17
      10
      23
      21
      17
      13
      15
      20
      18
      12
      29
      19
      15
      27
      11
      23
      20
      16
      23
      15
      15
      14
      16
      15
      16
      18
      15
      24
      20
      17
      14
      25
      15
      17
      12
      12
      18
      21
      15
      17
      16
      15
      12
      24
      11
      18
      19
      21
      22
      14
      16
      14
      13
      17
      13
      19
      19
      17
      22
      16
      20
      20
      17
      25
      20
      21
      21
      18
      21
      22
      20
      21
      19
      22
      22
      28
      16
      19
      22
      15
      14
       9
      19
      14
      12
      20
      18
      23
      13
      15
      13
      22
      22
      17
      17
      16
      18
      12
      15
      16
      18
      16
      21
      17
      14
      22
      20
      24
      18
      13
      10
      17
      18
      21
      17
      17
      11
      22
      21
      19
      12
      15
      21
      13
      17
      18
      15
      12
      17
      10
      22
      11
      16
      11
      13
      13
      16
      14
      24
      10
      17
      14
      13
      12
      17
      14
      14
      16
      15
      12
       7
       8
       9
       9
      10
      12
      14
      13
       8
      15
       8
      14
      11
       9
      11
       5
       9
      14
       8
       7
       6
       7
      11
      10
       8
      12
       8
      11
       6
       9
       9
       9
       6
       8
      10
       4
       6
       7
       5
       6
       8
       6
       5
       7
       6
       3
      10
       4
       3
       7
       8
       4
       4
       5
       2
       3
       6
       6
       6
       3
       4
       6
       1
       2
       1
       3
       7
       5
       4
       5
       3
       5
       3
       3
      12
       4
       4
       1
       7
       7
       3
       4
       1
       2
       6
       6
       2
       4
       1
       7
       3
       4
       5
       4
       1
       2
       3
       1
       6
       6
       1
       1
       3
       2
       5
       3
       4
       2
       3
       5
       0
       8
       4
       4
       1
       2
       2
       2
       4
       1
       4
       3
       4
       2
       1
       3
       1
       4
       3
       1
       0
       4
       5
       2
       2
       1
       3
       1
       2
       3
       3
       3
       1
       5
       0
       0
       2
       3
       5
       2
       4
       3
       1
       2
       2
       2
       2
       2
       2
       1
       2
       1
       2
       1
       1
       2
       3
       1
       1
       3
       4
       1
       2
       3
       1
       3
       0
       1
       2
       0
       1
       3
       1
       2
       1
       3
       0
       2
       0
       1
       2
       1
       1
       3
       1
       0
       2
       0
       5
       0
       1
       3
       3
       4
       1
       2
       4
       0
       2
       2
       2
       2
       1
       2
       0
       2
       0
       1
       1
       1
       2
       0
       0
       2
       0
       2
       1
       3
       1
       0
       1
       4
       1
       1
       2
       0
       2
       1
       1
       2
       1
       2
       0
       3
       2
       2
       0
       1
       0
       1
       2
       1
       0
       1
       0
       1
       0
       1
       1
       1
       1
       1
       0
       1
       0
       1
       2
       3
       1
       1
       2
       2
       1
       2
       1
       1
       4
       2
       3
       1
       1
       1
       4
       2
       4
       1
       2
       1
       1
       0
       0
       3
       1
       1
       0
       0
       1
       2
       0
       2
       0
       1
       0
       2
       2
       1
       1
       2
       1
       1
       1
       1
       1
       0
       1
       1
       3
       1
       1
       1
       4
       0
       3
       2
       1
       2
       2
       3
       3
       0
       2
       1
       0
       0
       0
       2
       1
       2
       1
       1
       2
       2
       2
       3
       3
       0
       0
       2
       4
       0
       0
       1
       4
       3
       0
       2
       1
       1
       2
       2
       0
       1
       1
       2
       0
       1
       0
       1
       1
       0
       2
       4
       1
       2
       1
       2
       0
       6
       1
       3
       3
       5
       1
       4
       3
       7
       7
       8
       4
       3
       8
       6
       5
      13
       9
       4
      15
       7
       8
       9
       6
       7
      10
       8
      14
       9
      15
      18
      23
      18
      17
      20
      18
      21
      24
      19
      21
      24
      34
      21
      34
      26
      26
      28
      29
      37
      40
      45
      34
      32
      37
      50
      41
      47
      56
      52
      52
      38
      45
      57
      71
      63
      68
      57
      63
      82
      88
      87
      82
      92
      84
     112
      93
      92
     110
     113
     119
     100
     117
     113
     116
     125
     112
     139
     128
     138
     146
     163
     148
     153
     142
     138
     172
     137
     189
     176
     168
     185
     166
     195
     188
     185
     181
     212
     183
     214
     221
     212
     213
     217
     243
     248
     226
     235
     229
     225
     235
     260
     238
     253
     259
     239
     243
     246
     237
     253
     253
     247
     247
     262
     270
     266
     239
     280
     247
     253
     268
     269
     287
     236
     267
     271
     257
     238
     263
     257
     262
     259
     264
     256
     271
     260
     214
     244
     248
     244
     220
     214
     226
     226
     190
     231
     203
     204
     235
     221
     188
     196
     182
     162
     181
     183
     177
     169
     175
     175
     172
     147
     159
     188
     140
     171
     140
     133
     139
     136
     131
     138
     141
     116
     115
     117
     117
      96
     111
     103
      78
      92
      81
      91
      82
      70
      70
      72
      75
      64
      77
      60
      60
      63
      47
      60
      56
      50
      60
      30
      43
      56
      44
      39
      30
      25
      38
      33
      35
      31
      30
      25
      19
      25
      16
      12
      17
      21
      18
      19
      17
      21
      14
      11
      13
      18
      11
      15
       9
      10
       4
       7
       6
       5
      13
      10
       8
       4
       2
       8
       5
       5
       6
       3
       5
       2
       1
       8
       3
       2
       5
       2
       2
       4
       2
       2
       1
       3
       3
       2
       2
       2
       0
       2
       1
       0
       1
       2
       1
       1
       1
       2
       1
       1
       0
       0
       0
       1
       0
       3
       0
       2
       0
       1
       0
       1
       0
       2
       0
       0
       0
       0
       0
       0
       1
       0
       0
       0
       0
       2
       1
       0
       1
       1
       0
       1
       0
       0
       0
       1
       0
       0
       0
       1
       1
       2
       0
       0
       0
       2
       2
       1
       1
       0
       1
       0
       0
       1
       1
       2
       1
       1
       0
       0
       1
       1
       1
       1
       0
       0
       0
       0
       0
       0
       1
       1
       1
       0
       1
       0
       0
       0
       2
       0
       0
       0
       1
       2
       0
       0
       1
       0
       0
       1
       1
       0
       1
       1
       0
       2
       0
       1
       0
       0
       1
       0
       0
       0
       0
       0
       1
       1
       0
       0
       1
       0
       0
       1
       1
       0
       1
       0
       0
       1
       1
       0
       1
       0
       0
       1
       0
       3
       0
       1
       1
       1
       2
       0
       0
       1
       0
       1
       1
       1
       0
       1
       1
       0
       0
       0
       0
       1
       0
       1
       0
       1
       1
       0
       1
       1
       1
       2
       0
       1
       0
       1
       0
       0
       2
       2
       0
       0
       0
       0
       1
       0
       1
       0
       2
       0
       0
       0
       0
       0
       1
       0
       1
       0
       0
       2
       2
       0
       1
       0
       2
       1
       0
       0
       0
       0
       0
       2
       0
       0
       0
       1
       1
       0
       1
       1
       1
       1
       0
       0
       0
       0
       0
       0
       0
       0
       0
       2
       0
       0
       1
       0
       0
       2
       2
       0
       1
       0
       0
       0
       1
       0
       1
       1
       0
       0
       0
       0
       1
       0
       1
       1
       0
       1
       0
       0
       0
       0
       0
       1
       1
       0
       0
       0
       0
       0
       1
       0
       0
       0
       0
       0
       0
       0
       0
       0
       0
       0
       0
       0
       0
       0
       0
       1
       1
       0
       0
       1
       1
       1
       1
       2
       0
       0
       0
       0
       0
       0
       1
       1
       0
       2
       1
       0
       0
       0
       1
       0
       0
       0
       1
       0
       0
       2
       0
       1
       0
       0
       0
       0
       0
       0
       1
       0
       0
       0
       1
       0
       1
       0
       0
       1
       0
       0
       1
       0
       0
       0
       2
       0
       1
       1
       0
       1
       0
       1
       1
       1
       0
       1
       0
       1
       0
       0
       0
       0
       0
       0
       0
       0
       0
       0
       0
       0
       0
       0
       0
       0
       0
       2
       0
       0
       1
       0
       0
       0
       0
       0
       2
       1
       0
       0
       0
       0
       0
       0
       0
       0
       0
       0
       0
       0
       0
       0
       1
       0
       1
       0
       2
       0
       0
       0
       0
       1
       0
       0
       0
       1
       0
       0
       0
       2
       0
       0
       0
       0
       0
       1
       0
       1
       0
       0
       0
       1
       0
       1
       0
       0
       0
       0
       1
       0
       0
       0
       0
       0
       0
       0
       0
       0
       0
       0
       0
       0
       0
       0
       0
       0
       0
       0
       0
$ROI:
1
1331 1635
$PRESETS:
Live Time
1000
0
$ENER_FIT:
-37.406231 1.986979
$MCA_CAL:
3
-3.740623E+001 1.986979E+000 0.000000E+000 keV
$SHAPE_CAL:
3
0.000000E+000 0.000000E+000 0.000000E+000
