$SPEC_ID:
This is sample 331.
$SPEC_REM:
DET# 1
DETDESC# DIP1456 PCI-Trump SN 253
AP# Maestro Version 7.01
$DATE_MEA:
01/15/2025 01:55:22
$MEAS_TIM:
1000 1028
$DATA:
0 2047
       0
       0
       0
       0
       0
       0
       0
       0
       0
       0
       0
       0
       0
       0
       0
       0
       0
       0
       0
       0
       0
       0
       0
       0
       0
       0
       0
       0
       0
       0
       0
       0
       0
       0
       0
       0
       0
       0
       0
       0
       0
       0
       0
       0
       0
       0
       0
       0
       0
       0
       0
       0
       1
       0
      14
      16
      20
      17
      17
      14
      15
      16
       9
      14
      18
      10
      16
      17
      16
       9
      14
      22
      19
      10
      12
      10
      14
      18
      15
      23
      11
      13
      14
      10
       8
      19
      14
      17
      15
      12
      12
      13
       9
      18
      16
       8
      20
      12
      17
      16
      22
      19
      16
      11
      17
      17
      27
      14
      18
       8
      14
      14
      17
      25
      22
      17
      17
      21
      15
      18
      21
      17
      14
      15
      11
      12
      13
      21
      18
      22
      16
      15
      13
      19
      13
      13
      19
      19
      17
      22
      17
      12
      20
      16
      19
      18
      15
      19
      18
      10
      21
      15
      17
      26
      16
       7
      10
      10
      17
      19
      19
      20
      19
      21
      15
      18
      11
      13
      25
      19
      23
      17
      13
      20
      14
      12
      19
      14
      10
      23
      20
      23
      16
      19
      10
      13
      12
      11
      19
      19
      16
      16
      11
      19
      14
      18
      18
      15
      12
      11
      17
       9
      18
      12
      13
      12
      19
      16
      13
      10
      15
      14
      18
      26
      16
      18
      11
      15
      14
      24
      20
      15
      11
       6
      20
      20
      20
      13
      10
      11
      19
      20
      18
      13
      16
      11
      21
      13
      18
      15
      13
      16
      11
      19
      11
      24
      13
      19
      14
      18
      10
      13
      11
      18
      18
      13
      13
      21
      16
      21
      21
      19
      22
       8
      21
       9
      17
      18
      16
      17
      17
      21
      15
      19
      10
      15
      11
      18
      13
      18
      18
      22
      21
      18
      12
      14
       9
      18
      16
      21
      13
      11
      15
      13
      15
      23
      15
      15
      25
      18
      18
      14
      23
      13
      18
      13
      15
      18
      14
      13
      17
      16
       9
      17
      14
       7
      21
      11
      23
      17
      18
      12
      21
      14
      13
      24
      15
      21
      20
      18
      12
      16
      16
      14
      18
      18
      13
      13
      19
      15
      15
      24
      15
      14
      23
      15
      13
      18
      15
      14
      10
      14
      17
      14
      25
      11
      15
      13
      12
      23
      15
      15
      18
      20
      19
      10
      13
      22
      16
      10
      21
      18
      12
      12
      18
      17
       8
      17
      20
      22
      10
      13
      22
      20
      17
      17
      13
      18
      14
      14
      20
      14
      18
      24
      18
      18
      21
      18
      17
      12
      18
      22
       9
      15
      15
      17
      18
      13
      12
      18
       7
      26
      20
      14
      10
      14
      21
      12
      17
      14
      18
      19
      13
      18
      16
      18
      20
      15
      13
      21
      12
      12
      21
      16
      17
      10
      18
      16
      15
      23
      18
      16
      18
      17
      17
      13
      22
      15
      20
      16
      16
      15
      20
      11
      18
      16
      20
      21
      20
      25
      22
      17
      16
      25
      17
      19
      19
      14
      25
      23
      17
      25
      10
      16
       9
      15
      16
      20
      15
      15
      20
      22
      13
      14
      21
      22
      15
      17
      12
      14
      11
      17
      22
      11
      18
      15
      23
      20
      15
      21
      20
      15
      11
      17
      14
      17
      15
      20
      18
      14
      14
      17
      20
      18
      14
      21
      12
      20
      22
      12
      25
      17
      23
      20
      18
      21
      15
      10
      23
      12
      22
      13
      24
      24
      13
      16
      15
      17
      18
      15
      23
      16
      13
      27
      18
      13
      14
      26
      26
      16
      20
      15
      18
      23
      17
      18
      22
      14
      18
      18
      19
      11
      14
      19
      13
      16
      23
      14
      21
       8
      14
      19
      13
      17
      20
      11
      20
      21
      16
      11
      14
       9
      17
      25
      11
      19
      17
      10
      15
      23
      17
      27
      17
      13
      18
      18
      26
      18
      16
      11
      14
      16
      13
      26
      21
      20
      18
      22
      13
      15
      24
      19
      21
      11
      14
      11
      20
      22
      22
      15
      18
      13
      15
      16
      21
      13
      19
      22
      15
       8
      20
      18
      14
      22
      17
      13
      14
      15
      12
      17
      28
      13
      11
      16
      12
      20
      11
      16
      19
      22
      16
      16
      11
      10
      20
      15
       9
      18
      18
      18
      13
      13
      18
      25
      20
      12
      15
      14
      12
      21
      13
      10
      15
      16
      12
      13
      17
      17
      16
      15
      11
      13
      15
      22
      15
      20
      21
      14
      14
      21
      15
       7
      16
       8
      15
      17
      20
      18
      15
       5
      17
      16
      18
      13
      13
      19
      11
      17
      17
      13
      14
      19
      11
      23
      18
      14
      11
      19
      10
      15
      17
      17
      17
      20
      20
      12
      12
      15
      15
      14
      12
      11
      13
      14
      15
      15
      23
      12
      19
      23
      12
      21
      20
      17
      14
      21
      20
      15
       8
      15
      24
      19
      10
      24
      20
      18
      15
      19
      14
      15
      15
      15
      22
      14
       9
      15
      14
       6
      14
      16
      18
      18
      13
      19
      13
      17
      16
      21
      17
      14
      17
      20
      15
      17
      20
      19
      22
      25
      21
      19
      14
      37
      25
      17
      14
      11
      19
      18
      13
      16
      16
      23
      16
      19
      14
      13
      24
      16
      26
      13
      15
      20
      23
      13
      17
      21
      20
      14
      21
      19
      26
       8
      22
      15
      16
      18
      19
      22
      18
      26
      19
      15
      13
      16
      19
      14
      13
      19
      18
      19
      20
      17
      18
      17
      23
      20
      20
      21
      19
      17
      13
      16
      20
       7
      19
      14
      14
      13
      15
      24
       8
      23
      17
      10
      16
      17
      16
      22
      18
      19
      25
      15
      23
      17
      20
      19
      19
      14
      12
      10
      16
      12
      22
      25
      22
      18
      15
      18
      18
      13
      22
      10
      17
      16
      25
      13
      15
      11
      20
      20
      19
      14
      21
      18
      23
      14
      13
      14
      22
      19
      16
      16
      16
      17
      20
      16
      22
      19
      19
      16
      17
      18
      25
      15
      17
      20
      18
      11
      13
      14
      15
      13
      11
      10
      17
      10
      12
      17
       8
      15
      13
      11
      15
      11
       7
      11
      12
      18
       6
      10
       7
       5
       6
       9
       5
      10
       7
      10
       7
      10
       6
       8
       8
       9
      12
      18
       3
      12
       9
       7
       8
       8
       8
       1
       4
       4
       8
       9
       5
      11
       8
       5
       5
       4
       8
       9
       9
       6
       4
       6
       3
       4
       6
       6
       6
       3
       5
       7
       7
       5
       6
       8
       7
       2
       4
       1
       2
       6
       4
       3
       7
       3
       2
       4
       5
       5
       5
       6
       3
       5
       4
       4
       5
       7
       5
       1
       2
       6
       2
       2
       4
       7
       4
       4
       2
       4
       1
       3
       2
       1
       5
       1
       3
       5
       2
       2
       1
       1
       3
       1
       4
       0
       2
       3
       3
       1
       2
       3
       2
       2
       5
       2
       3
       6
       2
       1
       3
       6
       2
       0
       2
       3
       3
       2
       2
       1
       4
       3
       4
       0
       4
       2
       2
       2
       2
       1
       2
       6
       2
       3
       1
       1
       2
       0
       3
       1
       2
       1
       2
       2
       0
       0
       5
       2
       4
       0
       2
       0
       2
       4
       1
       1
       3
       3
       1
       0
       2
       2
       2
       1
       3
       1
       0
       1
       1
       3
       1
       2
       1
       3
       1
       3
       3
       0
       2
       3
       2
       1
       0
       2
       1
       0
       1
       1
       1
       1
       1
       0
       1
       2
       1
       3
       0
       2
       3
       3
       0
       0
       1
       0
       2
       1
       2
       2
       2
       0
       1
       1
       3
       0
       3
       0
       3
       0
       1
       1
       2
       1
       0
       2
       3
       1
       2
       2
       0
       2
       3
       1
       0
       2
       0
       1
       3
       2
       1
       1
       1
       2
       1
       2
       3
       2
       2
       0
       3
       2
       0
       0
       1
       2
       5
       1
       2
       0
       0
       2
       2
       1
       3
       0
       2
       1
       3
       1
       1
       0
       1
       1
       3
       2
       3
       3
       1
       3
       3
       2
       3
       0
       2
       1
       1
       4
       2
       2
       4
       0
       1
       0
       2
       3
       0
       1
       3
       1
       0
       4
       3
       2
       0
       3
       4
       2
       3
       0
       2
       1
       3
       1
       1
       0
       0
       1
       4
       1
       1
       1
       1
       0
       1
       2
       2
       1
       1
       0
       1
       1
       0
       2
       1
       0
       0
       1
       3
       2
       3
       1
       2
       2
       2
       2
       2
       1
       0
       2
       7
       0
       2
       3
       2
       2
       2
       2
       0
       3
       2
       3
       5
       4
       3
       4
       5
       6
       3
       3
       8
       4
       5
       3
       2
       4
       7
       5
       5
       6
       5
      12
       5
       6
       7
       7
       4
      15
      16
      12
      11
      10
      14
      16
      15
      17
      21
      20
      21
      21
      26
      20
      27
      20
      18
      30
      31
      22
      23
      38
      44
      36
      39
      39
      38
      48
      47
      56
      51
      40
      61
      59
      53
      60
      76
      67
      51
      55
      99
      73
      70
      89
      80
      86
      97
     103
     100
      98
     100
     102
     128
     124
     110
     106
     132
     129
     142
     157
     147
     153
     153
     131
     143
     173
     165
     147
     157
     188
     166
     195
     181
     170
     227
     211
     184
     204
     206
     211
     197
     225
     202
     215
     211
     221
     213
     211
     217
     216
     267
     242
     244
     231
     242
     227
     258
     246
     218
     251
     212
     253
     240
     275
     250
     263
     316
     274
     269
     262
     263
     259
     234
     296
     278
     263
     212
     241
     231
     258
     245
     261
     255
     253
     237
     250
     242
     193
     240
     217
     250
     223
     245
     219
     200
     210
     210
     192
     192
     191
     181
     205
     215
     198
     197
     170
     176
     173
     149
     171
     177
     150
     159
     161
     156
     141
     145
     125
     140
     162
     145
     127
     120
     121
     128
     114
     102
      92
     127
     110
      88
      92
      84
      93
      87
      92
      83
      91
      78
      57
      62
      64
      63
      68
      66
      63
      49
      45
      45
      58
      41
      49
      40
      39
      35
      45
      40
      36
      29
      14
      26
      24
      21
      27
      18
      28
      23
      16
      16
      17
      16
      20
      14
      14
      15
      17
       9
      12
      13
       8
      10
      15
      11
      11
       7
       9
       6
       9
       4
       3
       5
       3
       5
       3
       6
       3
       4
       3
       2
       2
       0
       2
       2
       2
       2
       2
       1
       4
       0
       0
       2
       0
       0
       2
       1
       2
       0
       0
       1
       1
       0
       1
       0
       0
       2
       2
       4
       2
       1
       0
       0
       1
       0
       1
       2
       1
       1
       1
       1
       0
       2
       0
       0
       1
       1
       0
       1
       0
       0
       0
       1
       1
       0
       1
       2
       1
       2
       0
       1
       2
       0
       0
       1
       0
       0
       0
       2
       0
       0
       2
       1
       1
       0
       0
       1
       1
       0
       0
       1
       1
       1
       0
       0
       1
       1
       1
       2
       0
       0
       1
       0
       0
       1
       2
       0
       0
       0
       1
       0
       1
       0
       1
       0
       2
       0
       0
       2
       1
       1
       0
       2
       0
       0
       0
       0
       0
       0
       0
       0
       0
       1
       0
       0
       0
       0
       1
       0
       0
       1
       0
       0
       1
       1
       0
       1
       0
       0
       0
       0
       0
       0
       0
       0
       0
       0
       0
       0
       0
       1
       1
       0
       1
       1
       2
       2
       1
       0
       1
       0
       0
       1
       1
       1
       1
       1
       0
       0
       0
       0
       0
       0
       1
       0
       1
       1
       1
       0
       2
       0
       1
       0
       1
       2
       0
       2
       0
       0
       0
       0
       0
       0
       0
       2
       0
       0
       0
       1
       0
       1
       1
       1
       0
       0
       0
       0
       1
       0
       1
       1
       0
       0
       0
       0
       0
       0
       0
       0
       1
       1
       1
       2
       0
       3
       2
       1
       0
       0
       0
       2
       0
       0
       0
       0
       0
       0
       2
       0
       0
       0
       0
       1
       0
       0
       0
       0
       1
       0
       1
       1
       0
       0
       0
       0
       1
       1
       1
       1
       1
       0
       0
       1
       0
       0
       0
       0
       0
       0
       0
       1
       0
       2
       1
       1
       0
       1
       1
       2
       0
       1
       0
       0
       0
       0
       1
       1
       1
       1
       0
       0
       0
       0
       2
       0
       0
       1
       0
       0
       0
       1
       1
       0
       0
       0
       1
       0
       0
       0
       1
       0
       1
       1
       0
       0
       0
       0
       0
       0
       0
       3
       1
       2
       0
       0
       0
       0
       1
       0
       0
       0
       1
       2
       0
       0
       0
       0
       0
       0
       1
       0
       0
       0
       0
       2
       1
       0
       0
       0
       1
       1
       0
       0
       0
       0
       1
       0
       0
       1
       0
       1
       1
       2
       0
       0
       0
       0
       0
       1
       0
       0
       0
       1
       0
       0
       0
       0
       0
       0
       0
       0
       0
       1
       0
       0
       0
       0
       0
       0
       1
       0
       2
       0
       0
       0
       0
       0
       0
       1
       0
       0
       0
       0
       0
       0
       1
       1
       0
       2
       1
       0
       0
       1
       0
       0
       1
       0
       1
       0
       0
       0
       2
       0
       0
       1
       3
       0
       0
       0
       0
       0
       0
       0
       1
       0
       2
       0
       0
       2
       1
       0
       2
       0
       0
       0
       1
       0
       1
       1
       1
       0
       0
       1
       0
       0
       0
       0
       0
       0
       0
       0
       0
       0
       1
       0
       0
       0
       0
$ROI:
1
1331 1635
$PRESETS:
Live Time
1000
0
$ENER_FIT:
-37.406231 1.986979
$MCA_CAL:
3
-3.740623E+001 1.986979E+000 0.000000E+000 keV
$SHAPE_CAL:
3
0.000000E+000 0.000000E+000 0.000000E+000
