$SPEC_ID:
This is sample 369.
$SPEC_REM:
DET# 1
DETDESC# DIP1456 PCI-Trump SN 253
AP# Maestro Version 7.01
$DATE_MEA:
01/15/2025 13:50:23
$MEAS_TIM:
1000 1028
$DATA:
0 2047
       0
       0
       0
       0
       0
       0
       0
       0
       0
       0
       0
       0
       0
       0
       0
       0
       0
       0
       0
       0
       0
       0
       0
       0
       0
       0
       0
       0
       0
       0
       0
       0
       0
       0
       0
       0
       0
       0
       0
       0
       0
       0
       0
       0
       0
       0
       0
       0
       0
       0
       0
       0
       0
       0
      10
      17
      10
      15
      17
      14
      13
      12
      11
      11
      13
      14
      13
      14
      14
      11
      16
      14
      20
      21
      10
      14
      17
      19
      12
      11
      18
      11
      12
      15
      20
      14
      16
      15
      15
      12
       4
       9
      19
      10
      10
      14
      17
      16
      15
      16
      11
      20
      15
      14
      21
      14
      14
      11
      15
       9
      13
      10
      20
      19
      15
      11
      14
      14
      28
      10
      12
      13
      15
      16
      17
      18
      10
      14
      22
      15
      13
      19
       9
      21
       9
      12
       7
      13
      14
      18
      24
      17
      14
      12
      18
      15
      19
      16
      17
      16
      13
      13
      23
      12
      10
      15
      14
      18
      10
      14
      20
      21
      12
      13
      11
      13
      22
      14
       8
      21
      17
      14
      16
      15
      13
      19
      18
      17
      16
      18
      19
      18
      21
      22
      14
      17
       8
       4
      15
      11
      20
      14
      14
      19
      22
      15
      20
      15
      17
      13
      16
      20
      18
      24
      18
      20
      15
      17
      15
      17
      11
      16
      24
      20
      13
      13
       9
      16
      19
      14
      16
      16
      18
      21
      19
      11
      18
      11
      17
      22
      10
      15
      15
      18
      17
      24
      13
      25
      28
      17
      17
      13
      18
       9
      12
      18
      16
      25
      19
      21
      22
      15
      18
      20
      15
      14
      18
      20
      15
      18
      14
      17
      18
       9
       9
      22
      25
      16
      18
      17
       8
      20
      13
      16
      13
      24
      17
      15
      16
      17
      17
      10
      15
      23
      14
      16
      19
      24
      15
       9
      15
      12
      14
      28
      19
      20
      15
      11
      21
      10
       8
      27
      12
      12
      19
      23
      19
      15
      18
      19
      17
      15
      23
      20
      22
      14
      12
      27
      23
      15
      23
      25
      13
      16
      19
      15
       8
      25
      18
      19
      19
      17
      17
      11
      14
      14
      20
      23
      18
      17
      15
      21
      15
      15
      15
      24
      11
      17
      10
      17
      13
      24
      14
      16
      12
      15
      12
      18
      16
      19
      12
      14
      15
      18
      17
      20
      18
      17
      15
      10
      17
      15
      19
      18
      17
      17
      22
      15
      16
      15
      12
      24
      13
      17
      17
      17
      22
      12
      18
      16
      18
      21
      10
      16
      14
      18
      20
      19
      19
      19
      17
      15
      10
      12
      17
      16
      13
      10
      10
      16
      23
      19
      20
       5
      18
      15
      23
      13
      21
      14
      22
      24
      26
      10
      19
      27
      18
      14
      13
      19
      11
      18
      15
      16
      17
      15
      19
      12
      21
      21
      14
      14
      20
       9
      18
      20
      14
      16
      22
      10
      20
      21
      19
      16
      15
      15
      16
      15
      24
      21
      13
       9
      17
      13
      13
      21
      17
      20
      22
      16
      22
      11
      17
      15
      19
      19
      19
      13
      13
      12
      27
      11
      20
      17
      14
      18
      14
      16
      23
      14
      25
      12
      14
      25
      19
      15
      22
      26
      18
      21
      22
      12
      25
      21
      20
      21
      21
      17
      16
      17
      15
      17
      24
      12
       8
      15
      18
      14
      14
      11
      14
      17
      16
      16
      18
      15
      12
      15
      23
      19
      26
      19
      16
      17
      17
      20
      29
      18
      22
      17
      11
      18
      15
      16
      13
      26
      14
      20
      15
      20
      24
      11
      16
      19
      20
      15
      14
      12
      16
      19
      12
      17
      17
      25
      17
      13
      28
      18
      12
      13
      20
      28
       9
      14
      16
      15
      19
      14
      15
      13
      13
      17
      17
      13
      19
      15
      16
      17
      14
      17
      27
      14
      12
      20
      15
      20
      16
       8
      20
      20
      18
      16
      17
      24
      10
      14
      18
      16
      21
      18
      13
      15
      18
      20
      19
      17
      12
      16
      28
      16
      20
      13
      12
      12
      17
      17
      17
      22
      20
      20
      12
      21
      17
      23
      20
      14
      18
      19
      18
       7
      15
      13
      18
      15
       9
      17
      15
      20
      21
      23
      13
      16
      14
      17
      20
      20
      23
      22
      12
      25
      14
      10
       9
      13
      11
      17
      16
      25
      17
       6
      18
      16
      19
      13
      17
      11
      17
      23
      10
      19
      17
      17
      13
      17
      19
      24
      17
      16
      16
      11
      16
      24
      22
      19
      17
      10
      19
      12
      21
      15
      18
      18
      21
      17
      11
      18
      11
      13
      16
      16
      13
      22
      17
      18
      16
      11
      10
      18
      21
      23
      14
      20
      16
      11
      20
      21
      18
      22
      16
       7
      29
      13
      13
      16
      18
       8
      12
      12
      17
      19
      15
      17
      13
      11
      24
      15
      14
      13
      20
      16
      19
      18
      21
      18
      14
      17
      23
      22
      24
      18
      16
      12
      20
       9
      11
      15
      15
      12
      11
      15
      18
      10
      11
      14
      16
       8
      23
      21
      18
      11
      15
      12
      12
      21
      22
      19
      18
      22
      18
      17
      14
      13
      21
      17
      11
      21
      15
      18
      14
      20
      15
      16
      12
      19
      22
      16
      21
      19
      15
      23
      26
      17
      10
      13
      20
      15
      28
      16
      12
      18
      16
      17
      14
      24
      20
      17
      31
      14
      11
      22
      17
      23
      22
      20
      16
      11
      21
      19
       9
      18
      16
      19
      31
      15
      17
      11
      20
      16
      24
      17
      13
      17
      19
      15
      15
      16
      17
      20
      19
      25
      19
      17
       8
      26
      15
      18
      17
      15
      27
      17
      21
      10
      16
      17
      26
      19
      11
      18
      16
      17
      16
      23
      19
      22
      26
      15
      22
      14
      18
      16
      17
      16
      15
      17
      12
      18
      18
      19
      15
      18
      18
      15
       9
      15
      15
      20
      19
      20
      15
      13
      16
      10
      20
      14
      20
      13
      14
      18
      22
      12
      14
       6
      20
      11
      13
      10
      15
      13
      10
      13
      10
       6
      13
      11
      16
      11
      11
       7
      10
      11
       4
      12
      12
       9
       7
      12
       9
      12
       7
       8
       4
       9
       6
      13
      12
       9
       8
       8
       4
       7
      13
      11
      12
       5
       6
       3
       6
       9
       2
       1
       5
       5
       6
       6
       8
       3
       4
       5
       5
       3
       7
       9
       5
       6
       6
       5
       5
       7
       6
      10
       3
       5
       2
       2
       3
       4
       5
       4
       3
       6
       4
       1
       6
       4
       1
       2
       3
       0
       5
       7
       2
       2
       3
       2
       3
       6
       3
       6
       5
       4
       1
       4
       5
       2
       6
       4
       5
       5
       8
       6
       2
       7
       4
       4
       2
       5
       1
       3
       4
       5
       1
       4
       1
       1
       5
       2
       1
       4
       4
       5
       0
       2
       4
       2
       1
       5
       1
       3
       4
       5
       2
       0
       3
       3
       3
       1
       7
       1
       0
       2
       1
       2
       1
       1
       0
       2
       2
       3
       2
       3
       0
       3
       1
       1
       2
       1
       1
       4
       4
       0
       0
       1
       1
       2
       2
       2
       4
       2
       1
       1
       3
       1
       3
       2
       2
       1
       3
       1
       0
       3
       1
       2
       6
       1
       3
       2
       1
       1
       4
       2
       1
       1
       4
       1
       1
       2
       0
       0
       2
       1
       1
       1
       2
       3
       3
       0
       3
       2
       2
       4
       2
       2
       0
       3
       0
       1
       0
       1
       4
       2
       2
       3
       1
       4
       2
       1
       1
       2
       3
       4
       1
       2
       4
       3
       1
       4
       1
       2
       1
       0
       3
       2
       1
       1
       1
       2
       2
       0
       3
       2
       1
       1
       4
       3
       0
       3
       2
       2
       0
       1
       1
       0
       3
       4
       1
       2
       3
       2
       0
       1
       0
       0
       1
       1
       3
       0
       0
       0
       2
       1
       0
       0
       1
       1
       0
       1
       2
       2
       1
       0
       0
       1
       0
       3
       2
       4
       2
       0
       1
       2
       0
       1
       1
       1
       1
       4
       2
       2
       0
       0
       1
       2
       0
       2
       3
       1
       2
       2
       0
       5
       2
       0
       2
       1
       1
       4
       1
       2
       2
       2
       0
       0
       0
       2
       2
       1
       3
       0
       1
       0
       0
       1
       5
       1
       3
       3
       1
       0
       1
       0
       1
       2
       2
       3
       0
       1
       1
       3
       1
       2
       1
       1
       0
       3
       4
       3
       0
       3
       2
       2
       2
       4
       0
       4
       3
       1
       1
       7
       2
       1
       3
       3
       0
       4
       5
       9
       5
       1
       8
       8
       7
       4
       5
       3
       5
       5
       5
       5
       6
      12
       5
       7
       7
      13
       6
      13
       7
      15
      22
      20
      15
      14
      19
      11
      26
      22
      22
      21
      28
      24
      30
      24
      30
      38
      39
      38
      43
      40
      33
      37
      45
      44
      48
      58
      60
      56
      55
      64
      51
      56
      74
      68
      77
      58
      76
      77
      71
      87
      93
      72
     103
      87
     108
      96
     113
      91
     124
      98
     109
     128
     122
     119
     147
     140
     154
     146
     147
     180
     143
     162
     173
     150
     178
     197
     165
     189
     202
     183
     171
     232
     172
     188
     203
     197
     205
     187
     229
     212
     215
     220
     247
     236
     234
     213
     216
     227
     221
     254
     274
     251
     241
     248
     285
     234
     267
     259
     256
     248
     266
     285
     247
     259
     264
     237
     256
     251
     220
     263
     277
     266
     259
     250
     287
     247
     246
     230
     301
     261
     224
     240
     276
     243
     248
     243
     218
     236
     254
     244
     200
     232
     199
     179
     232
     185
     208
     214
     189
     183
     188
     187
     168
     184
     154
     163
     177
     175
     174
     142
     128
     148
     140
     146
     121
     125
     131
     127
     131
     117
     125
     101
     122
     100
     113
     109
     112
      99
      94
      77
      75
      79
      67
      98
      75
      66
      64
      65
      54
      70
      48
      56
      60
      50
      59
      39
      42
      39
      40
      51
      42
      28
      38
      31
      28
      30
      25
      23
      22
      27
      16
      27
      20
      24
      22
      10
      19
      13
      16
      13
      16
       7
      15
       8
       9
       4
      10
      12
      10
       8
       8
       6
       5
       6
       7
       4
       2
       4
       4
       4
       4
       5
       0
       2
       8
       5
       3
       6
       2
       1
       2
       0
       1
       3
       2
       0
       2
       3
       0
       1
       2
       1
       2
       3
       2
       2
       0
       3
       0
       1
       2
       0
       0
       0
       0
       2
       0
       0
       0
       1
       0
       0
       0
       1
       4
       1
       0
       0
       0
       1
       1
       1
       1
       0
       0
       0
       0
       0
       0
       1
       0
       0
       3
       0
       0
       1
       0
       0
       2
       1
       0
       0
       0
       0
       1
       0
       1
       1
       0
       1
       0
       2
       1
       1
       0
       0
       0
       2
       1
       0
       2
       0
       0
       1
       0
       0
       0
       0
       1
       1
       1
       0
       0
       0
       1
       0
       2
       0
       1
       0
       0
       0
       0
       0
       1
       1
       1
       0
       2
       0
       0
       0
       0
       0
       1
       1
       1
       1
       0
       1
       1
       0
       0
       1
       4
       0
       0
       0
       1
       0
       1
       1
       1
       2
       1
       0
       0
       0
       0
       0
       0
       0
       0
       0
       0
       1
       1
       1
       1
       0
       0
       0
       0
       0
       0
       0
       0
       0
       0
       0
       0
       0
       0
       0
       1
       0
       1
       0
       1
       1
       0
       1
       1
       2
       0
       0
       2
       0
       0
       1
       1
       1
       0
       0
       0
       1
       1
       1
       0
       0
       2
       1
       1
       0
       0
       0
       0
       0
       0
       0
       1
       0
       1
       0
       0
       0
       0
       0
       0
       0
       0
       3
       0
       1
       0
       0
       2
       0
       0
       2
       0
       0
       0
       0
       0
       0
       0
       2
       0
       1
       0
       0
       0
       1
       2
       2
       0
       0
       0
       2
       1
       0
       1
       1
       0
       1
       0
       0
       1
       0
       0
       0
       1
       0
       0
       1
       0
       0
       0
       0
       0
       2
       1
       0
       1
       1
       0
       1
       1
       1
       0
       0
       0
       0
       1
       1
       0
       0
       1
       0
       0
       0
       1
       0
       0
       1
       1
       1
       0
       1
       0
       0
       0
       0
       1
       0
       0
       1
       2
       0
       2
       1
       0
       2
       0
       0
       1
       0
       1
       0
       0
       1
       0
       1
       1
       0
       0
       0
       0
       0
       1
       0
       0
       0
       0
       0
       1
       0
       1
       0
       0
       1
       0
       1
       0
       1
       1
       0
       0
       1
       0
       1
       1
       0
       1
       2
       0
       0
       0
       0
       0
       0
       0
       0
       2
       1
       0
       1
       0
       0
       0
       1
       0
       0
       1
       0
       0
       0
       0
       0
       1
       1
       0
       0
       1
       1
       0
       1
       0
       0
       0
       1
       0
       0
       2
       0
       2
       0
       0
       0
       1
       0
       0
       0
       0
       0
       0
       0
       0
       0
       1
       0
       4
       0
       0
       0
       0
       0
       1
       0
       0
       1
       1
       0
       0
       1
       2
       0
       0
       1
       1
       0
       0
       0
       2
       2
       1
       0
       1
       1
       0
       0
       1
       1
       1
       0
       1
       1
       0
       0
       0
       0
       0
       1
       0
       0
       0
       1
       1
       0
       0
       0
       0
       0
       0
       0
       0
       0
       0
       0
       0
       0
       0
       0
       0
       0
       0
       0
       0
       0
$ROI:
1
1331 1635
$PRESETS:
Live Time
1000
0
$ENER_FIT:
-37.406231 1.986979
$MCA_CAL:
3
-3.740623E+001 1.986979E+000 0.000000E+000 keV
$SHAPE_CAL:
3
0.000000E+000 0.000000E+000 0.000000E+000
