$SPEC_ID:
This is sample 272.
$SPEC_REM:
DET# 1
DETDESC# DIP1456 PCI-Trump SN 253
AP# Maestro Version 7.01
$DATE_MEA:
01/14/2025 07:25:14
$MEAS_TIM:
1000 1028
$DATA:
0 2047
       0
       0
       0
       0
       0
       0
       0
       0
       0
       0
       0
       0
       0
       0
       0
       0
       0
       0
       0
       0
       0
       0
       0
       0
       0
       0
       0
       0
       0
       0
       0
       0
       0
       0
       0
       0
       0
       0
       0
       0
       0
       0
       0
       0
       0
       0
       0
       0
       0
       0
       0
       0
       0
       2
       7
      17
      10
      12
      16
      17
      12
      14
      12
       9
      18
       9
      19
      20
      16
      16
      15
      17
      18
      13
      18
       7
      11
      16
      12
      17
      12
      12
       6
      20
      12
      15
      14
      14
      15
      11
       9
      16
      16
      14
       9
      13
      12
      12
      13
      22
      15
      24
      20
      20
      12
      12
      13
      15
      16
      12
      18
      12
      20
       9
      11
      14
      15
      17
      14
      17
      12
      12
      24
      18
      16
      10
      21
      11
      21
      20
      12
       9
      15
       9
      19
      14
      13
      14
      23
      10
      19
      18
      17
      12
      15
      14
      16
      18
      17
      15
      18
      14
      20
      23
      11
      16
      14
      16
      20
      17
      17
      13
      16
      16
      18
      13
      17
      14
      19
      15
      14
      15
      16
      12
      15
      17
      22
      14
      14
      13
      14
      16
      10
      16
      23
      14
       9
      16
       9
      13
      14
      14
      16
      12
      17
      19
      12
      19
      20
      17
      24
       7
      18
      21
      23
      15
      15
      16
      14
      20
      12
      10
      18
      17
      17
      15
      11
      13
      17
      13
      16
      16
      21
      12
      16
      21
      15
      15
      12
      25
      17
      14
      19
      16
      13
      12
      14
      20
      17
      15
      10
      15
      21
      16
      15
      11
      19
      18
      22
      18
      23
      16
      22
      14
      12
      17
      13
      18
      14
      13
      17
      15
      18
      19
      16
      14
      13
      21
       9
      21
      15
      16
      13
      17
      19
      21
      12
      18
      14
      10
      12
      14
      19
      21
      12
      18
      11
      17
      19
      15
      14
      14
      17
      10
      14
      15
      17
      16
      12
      22
      20
      13
      18
       9
      16
      18
      20
      20
      24
      13
      21
      15
      16
      14
      17
      13
      18
      15
      21
      16
      17
      12
      18
      17
      18
      21
      22
      18
      22
      15
      11
      16
      13
      12
      17
      14
      22
      18
      11
       9
      16
      21
      24
      15
      10
      17
      18
      10
      18
      17
      19
      16
      15
      21
      17
       8
      20
      15
      16
      17
      20
      19
      22
      13
      25
      14
      28
      19
      10
      11
      13
      15
      13
      13
      12
      15
      22
      21
       8
      12
      17
      16
      14
      11
      13
      15
      15
      19
      15
      11
      15
      11
      21
      14
      13
      21
      16
      16
      19
      16
      18
      19
      16
      18
      20
      10
      14
      14
      18
      13
      14
      16
      15
      15
      11
      21
      16
      16
      14
      20
      18
      11
      12
      27
      23
      18
      17
      16
       9
      17
      16
      17
      18
      17
      18
      15
      17
      20
      18
      17
      19
      15
      21
      20
      28
      12
      16
      15
      16
      16
      19
      19
      22
      12
      17
      13
      19
      11
      18
      14
      18
      12
      14
      10
      14
      21
      21
      15
      14
      21
       9
      19
      21
      21
      16
      16
      17
      22
      17
      21
      16
      18
      14
      16
      14
      17
      16
      14
      23
      14
      12
      13
      19
      17
      16
      23
      16
      21
      19
      25
      14
      13
      26
      24
      15
      15
      17
      12
      18
      18
      11
      14
      20
      12
      20
      20
      17
      18
      11
      15
      13
      10
      14
      22
       8
      16
      16
      18
      14
      17
      21
      25
      24
      21
      15
      23
      22
      18
      23
      24
      20
      20
      21
      11
      20
      19
      18
      15
      15
      12
      15
      13
      20
      13
      21
      16
      22
      15
      17
      14
      12
      14
      21
      15
      14
      11
      18
      18
      12
      19
      23
      16
      19
      22
      11
      14
      13
      26
      20
      20
      23
      15
      14
      19
      16
      14
      15
      20
      14
      17
      19
      10
      14
      14
      14
      13
      15
      12
      13
      19
      13
      16
      22
      22
      15
      11
      17
      21
      12
      16
       8
      23
      20
      26
      21
      20
      19
      13
      13
      13
      16
      27
      16
      18
      16
      18
      14
      17
      17
      10
      17
      15
      18
      14
      16
      14
      17
      18
      11
      15
      18
      21
      12
      11
      18
      18
      18
      18
      24
      13
       9
      18
      14
      13
      19
      13
      11
      14
      17
      16
      14
      13
      12
      13
      27
      16
       9
      15
      19
      19
      12
      14
      15
      12
      13
      22
      20
      21
      15
      17
      14
      18
      10
      11
      13
      20
      20
      13
      18
      15
      12
      18
      15
       8
      14
      23
      24
      16
      13
      13
      11
      20
      12
      19
      17
      13
      14
      12
      10
      21
      15
      18
      21
      14
      19
      21
      15
      14
      12
      16
      11
      20
      12
      14
      18
      17
      14
      17
      19
      16
      17
      15
       5
      19
      17
      15
      23
      18
      17
      14
      13
      13
      13
      12
      23
      17
      15
      18
      18
       9
      14
      15
      21
      31
      17
      10
      17
      16
      16
      15
      14
      27
      11
      21
      14
      20
      16
      14
      12
      12
      14
      14
      16
      16
      19
      13
      18
      13
      17
      19
      10
      20
      16
      14
      18
      14
      17
      18
      19
      17
      14
      12
      17
      16
      11
      18
      15
      16
      22
      14
      17
      20
      18
      12
      22
      19
      12
      18
      17
      17
      15
      21
      20
      11
      23
      12
      13
      19
      23
      18
      15
      18
      22
      24
      15
      18
      21
      11
      15
      19
      16
      13
      22
      13
      11
      15
      15
      17
      16
      17
      23
      21
      27
      14
      23
      16
      15
      17
      10
      19
      15
      15
      17
      17
      20
      12
      16
      23
      28
      15
      15
      18
      16
      16
      23
      23
      17
       9
      16
      20
      18
      18
      21
      14
      18
      13
      10
      19
      17
      21
      19
      18
      23
      27
      18
      17
      13
      20
      22
      14
      17
      14
      23
      16
      15
      21
      13
      17
      23
      19
      20
      15
      17
      19
      11
      22
      19
      23
      24
      20
      26
      12
      10
      17
      24
      23
      22
      17
      20
      18
       9
      17
      25
      17
      15
      16
      19
      11
      16
      13
      13
      14
      22
      15
      18
      10
      19
      13
      12
      14
      20
      12
       9
      10
      10
       9
       8
       7
       6
      16
       9
      10
      10
      17
       7
       9
       5
       9
      11
      11
      14
       8
       9
      12
       5
      11
       3
       7
       7
       9
       6
       7
       3
      10
       4
       9
       6
       7
      11
       7
       8
       7
       6
      10
       8
       6
      11
       4
       7
       7
      11
       3
       1
       3
       6
       5
       2
       4
       6
       3
       5
       3
       2
       1
       3
       3
       2
       4
      10
       2
       4
       4
       5
       2
       7
       4
       5
       3
       4
       2
       4
       4
       0
       4
       3
       1
       5
       5
       2
       5
       6
       3
       3
       2
       5
       2
       2
       3
       3
       2
       1
       2
       2
       2
       1
       3
       1
       3
       3
       5
       0
       1
       8
       3
       8
       5
       2
       1
       2
       2
       2
       3
       5
       3
       0
       0
       5
       5
       2
       5
       1
       2
       1
       2
       2
       1
       0
       4
       3
       1
       2
       1
       3
       4
       1
       3
       0
       1
       1
       1
       3
       3
       3
       2
       4
       3
       2
       1
       3
       1
       4
       8
       1
       3
       0
       5
       3
       3
       0
       2
       3
       4
       2
       0
       0
       1
       3
       1
       1
       1
       1
       2
       2
       0
       2
       2
       2
       1
       0
       1
       1
       2
       2
       1
       4
       0
       0
       2
       2
       1
       1
       0
       0
       1
       0
       1
       2
       2
       1
       1
       4
       1
       1
       2
       2
       2
       1
       0
       1
       2
       2
       3
       2
       2
       2
       0
       2
       1
       5
       0
       0
       1
       3
       1
       2
       1
       1
       0
       1
       2
       2
       1
       1
       1
       2
       3
       2
       1
       2
       1
       1
       2
       1
       1
       2
       1
       1
       2
       4
       2
       2
       3
       2
       0
       0
       1
       2
       3
       2
       0
       0
       1
       3
       4
       2
       1
       2
       1
       0
       2
       0
       0
       2
       0
       2
       2
       1
       5
       1
       1
       4
       0
       1
       1
       0
       2
       3
       0
       4
       1
       1
       1
       2
       0
       3
       4
       0
       1
       1
       1
       1
       2
       2
       0
       0
       0
       1
       2
       1
       2
       0
       3
       0
       1
       0
       0
       0
       2
       1
       1
       0
       3
       2
       1
       0
       0
       2
       1
       2
       2
       0
       1
       1
       2
       3
       3
       2
       0
       2
       0
       1
       2
       2
       1
       1
       0
       2
       1
       1
       1
       2
       2
       2
       2
       2
       1
       2
       1
       2
       2
       3
       5
       2
       0
       4
       1
       1
       4
       2
       4
       3
       3
       3
       3
       3
       5
       3
       5
       3
       1
       6
       9
       6
       9
       5
       7
       9
       8
      13
       7
      11
       8
      18
       9
      14
      11
       7
      16
      11
      18
      21
      16
      18
      27
      18
      32
      18
      27
      30
      28
      19
      37
      36
      41
      39
      38
      36
      34
      41
      49
      39
      50
      55
      45
      46
      43
      72
      54
      56
      69
      59
      66
      67
      71
      80
      58
      86
      66
      79
      80
     102
     117
      94
      77
      95
     105
      90
     135
     109
     120
     123
     117
     117
     133
     134
     148
     121
     151
     158
     150
     165
     155
     169
     161
     185
     178
     182
     185
     170
     175
     175
     186
     191
     180
     196
     212
     227
     228
     210
     208
     202
     226
     246
     224
     259
     230
     228
     239
     242
     232
     259
     257
     267
     241
     255
     239
     265
     257
     245
     244
     262
     263
     242
     263
     271
     225
     233
     247
     272
     290
     245
     306
     239
     257
     242
     236
     246
     241
     264
     237
     266
     239
     220
     240
     223
     216
     206
     211
     254
     205
     238
     201
     205
     191
     208
     190
     192
     203
     203
     190
     190
     177
     186
     167
     157
     150
     176
     156
     160
     140
     161
     138
     135
     130
     126
     132
     133
     139
      94
     116
     103
      90
     117
      95
     105
      81
      96
      79
      86
      80
      77
      63
      62
      73
      56
      63
      47
      47
      58
      59
      51
      50
      46
      47
      42
      34
      38
      45
      30
      32
      30
      37
      27
      35
      34
      21
      28
      29
      19
      21
      20
      20
      12
      26
      20
      16
      13
      15
      12
      15
       9
       8
      10
      13
       9
      11
      10
      10
       9
       8
      10
      12
       6
      15
       6
      10
       3
       3
       1
       3
       3
       4
       1
       2
       3
       2
       2
       1
       2
       1
       0
       3
       2
       1
       2
       2
       0
       2
       1
       0
       0
       1
       0
       1
       2
       0
       0
       2
       0
       1
       0
       1
       1
       0
       0
       0
       0
       0
       0
       1
       0
       0
       0
       0
       1
       0
       0
       1
       1
       1
       2
       1
       0
       2
       0
       0
       1
       2
       0
       1
       0
       0
       0
       0
       0
       0
       0
       1
       0
       0
       1
       0
       0
       2
       0
       1
       1
       0
       0
       0
       0
       1
       0
       0
       1
       1
       0
       1
       0
       1
       0
       0
       2
       0
       1
       0
       0
       1
       1
       0
       3
       2
       1
       1
       1
       0
       0
       0
       1
       1
       0
       0
       0
       0
       0
       0
       0
       1
       0
       0
       0
       1
       2
       0
       0
       0
       1
       1
       0
       0
       0
       0
       0
       0
       0
       1
       1
       1
       0
       0
       0
       0
       0
       0
       0
       0
       1
       0
       0
       1
       0
       0
       0
       2
       1
       1
       1
       0
       0
       0
       0
       2
       0
       0
       0
       3
       1
       2
       0
       0
       0
       0
       0
       1
       0
       2
       0
       0
       0
       0
       0
       1
       0
       1
       0
       0
       0
       1
       0
       0
       1
       0
       1
       0
       0
       0
       2
       0
       0
       1
       0
       1
       0
       2
       1
       0
       0
       1
       0
       1
       1
       0
       0
       1
       1
       2
       0
       1
       1
       0
       1
       0
       0
       0
       0
       0
       0
       1
       1
       0
       0
       1
       0
       0
       0
       0
       1
       2
       0
       0
       1
       0
       0
       0
       2
       0
       0
       0
       0
       1
       1
       1
       1
       1
       0
       0
       1
       2
       0
       0
       0
       0
       0
       0
       0
       2
       0
       1
       0
       0
       0
       1
       1
       2
       0
       2
       0
       3
       0
       0
       0
       1
       0
       0
       0
       0
       0
       1
       0
       1
       1
       0
       0
       0
       0
       2
       1
       1
       0
       0
       0
       1
       0
       1
       0
       0
       0
       2
       0
       0
       0
       1
       0
       1
       0
       2
       1
       1
       0
       0
       0
       0
       2
       1
       0
       1
       0
       1
       2
       0
       0
       0
       1
       0
       1
       0
       1
       0
       1
       0
       1
       1
       0
       0
       1
       0
       0
       2
       0
       0
       0
       0
       0
       2
       1
       0
       0
       0
       0
       0
       0
       0
       1
       0
       0
       0
       0
       0
       0
       1
       0
       0
       3
       1
       1
       1
       0
       0
       0
       0
       0
       0
       0
       0
       1
       1
       1
       2
       0
       3
       1
       0
       0
       1
       1
       0
       2
       0
       0
       0
       0
       0
       0
       0
       0
       0
       0
       0
       1
       0
       0
       0
       0
       1
       0
       0
       0
       1
       1
       0
       1
       0
       0
       0
       1
       2
       0
       1
       1
       1
       2
       0
       0
       0
       1
       0
       2
       1
       1
       0
       0
       1
       0
       0
       0
       0
       0
       0
       0
       0
       0
       0
       0
       0
       0
       0
       0
       0
       0
       0
       0
       0
       0
       0
       0
       0
       0
       0
$ROI:
1
1331 1635
$PRESETS:
Live Time
1000
0
$ENER_FIT:
-37.406231 1.986979
$MCA_CAL:
3
-3.740623E+001 1.986979E+000 0.000000E+000 keV
$SHAPE_CAL:
3
0.000000E+000 0.000000E+000 0.000000E+000
