$SPEC_ID:
This is sample 031.
$SPEC_REM:
DET# 1
DETDESC# DIP1456 PCI-Trump SN 253
AP# Maestro Version 7.01
$DATE_MEA:
01/11/2025 03:50:30
$MEAS_TIM:
1000 1028
$DATA:
0 2047
       0
       0
       0
       0
       0
       0
       0
       0
       0
       0
       0
       0
       0
       0
       0
       0
       0
       0
       0
       0
       0
       0
       0
       0
       0
       0
       0
       0
       0
       0
       0
       0
       0
       0
       0
       0
       0
       0
       0
       0
       0
       0
       0
       0
       0
       0
       0
       0
       0
       0
       0
       0
       0
       2
      17
      14
      13
       8
      14
      12
      18
      15
      18
      11
      17
      18
      17
      17
      23
      13
      13
      13
      23
      17
      14
      17
      12
       9
      11
      17
      14
      13
      15
      14
      13
      14
      19
      14
       9
      19
      18
      11
      11
      15
      18
      26
      17
      18
      13
       8
       9
      15
      14
      12
      12
      16
      11
      18
      14
      17
      11
      18
      20
      11
      17
      14
      15
      18
      16
      15
      19
      19
      15
      15
      15
      26
      16
      12
      14
      12
      12
      16
      17
      19
      15
      23
      15
      14
      18
      13
      13
      19
      11
      16
       8
      16
      12
      14
      19
      19
      18
      16
      10
      17
      20
      12
      18
      11
      14
      15
      17
      19
      19
      15
      17
      15
      13
      23
      17
      18
      11
      18
       7
      16
      17
      22
      12
       9
      15
      17
      15
      25
      11
      13
      14
      15
      20
      10
      12
       8
      17
      15
      14
      14
      20
      14
      15
      15
      20
      20
      16
       9
      14
      20
      16
      11
      12
      14
      16
      11
      26
      17
      18
      15
      20
      14
      19
      18
      22
      24
      19
      23
      11
      21
      19
      17
       8
      25
      16
      14
      25
      19
      11
      21
      14
      22
      12
      22
      11
      13
      22
      14
      13
      14
      12
      20
      21
      14
      19
      17
      20
      16
      19
      17
      12
      22
      12
      20
      19
      19
      19
      18
      12
      14
      15
      10
      17
      15
      14
      17
      10
      21
      16
      18
      15
      11
      19
      16
      17
      20
      19
      11
      19
      15
      13
      10
      17
      13
      27
      24
      25
      15
      19
      10
      14
      11
       9
      21
      17
      20
      21
      17
      15
      10
      18
      18
      11
      17
      18
      17
      20
      22
      23
      18
      18
      20
      15
      13
      20
      15
      14
      16
      16
      13
      15
      18
      12
      22
      13
      12
       9
      17
      17
      21
      17
      17
      15
      18
      17
      17
      21
      23
      18
      23
      20
      16
      15
      17
      20
      23
      17
      21
      11
      17
       9
      23
      18
      22
       6
      18
       9
      12
      11
      21
      23
      15
      16
      19
      13
      17
      19
      23
       9
      16
      13
      16
      24
      21
      11
      15
      18
      18
      17
      15
      16
      16
      15
      15
      18
       8
      18
      14
      16
      15
      12
      18
      16
      17
      15
      10
      19
      14
      23
      20
      10
      12
      13
      14
      19
      15
      12
      16
      14
      19
      18
      19
      19
      15
      19
      19
      14
      18
      11
      17
      14
      15
      20
      19
      14
      15
      19
      21
      21
      11
      18
      22
      17
      15
      18
      21
      17
      18
      19
      13
      20
      18
      20
      21
      16
      22
      15
      21
      21
      15
      21
      19
      16
      20
      13
      26
      12
      13
      25
      13
      15
      18
      14
      14
      13
      16
      18
      18
      15
      25
      22
      15
      19
      23
      13
      13
      18
      20
      20
      16
      17
      15
      11
      19
      10
      18
      11
      18
      26
      19
      19
      12
      10
      19
      15
      16
      16
      22
      18
      14
      14
      18
      12
      25
      18
      19
      22
      11
      13
      16
      15
      23
      18
      16
      19
      20
      20
      11
      14
      26
      19
      16
      18
      14
      26
      20
      19
      21
      19
      21
       8
      16
      18
      15
      14
      21
      19
      24
      18
      19
      19
      19
      23
      16
      17
      15
      15
      20
      17
      21
      16
      25
      20
      17
      27
      17
      31
      17
      22
      20
      12
      27
      13
      21
      17
      20
      21
      14
      19
      18
      16
      20
      12
      11
      19
      19
      19
      15
      15
      16
      18
      19
      13
      16
      17
      20
      11
      11
      23
      17
      10
      20
      15
      21
      20
      23
      25
      11
      14
      23
      19
      14
      21
      11
      14
      14
      20
      14
      13
      12
      16
      17
      19
      19
      20
      21
      15
      18
      19
      12
      16
      15
      19
      15
      22
      19
      18
      24
      16
      12
      16
      16
      13
      15
      23
      24
      13
      15
      19
      17
      15
      13
      19
      15
      14
      18
      18
      19
      20
      15
      15
      14
      20
      14
      16
      10
      20
      23
      18
      14
      20
      17
      20
      21
      16
      16
      12
      22
      19
      17
      14
      19
      11
      15
      18
      17
      18
      14
      14
      22
      20
      10
      14
      21
      20
      15
      17
      13
      18
      18
      15
      14
       9
      20
      19
      15
      20
      26
      15
      16
      24
      19
      16
      15
      10
      16
       9
      14
      14
      14
      17
      13
      15
      20
      21
      18
      14
      17
      11
      15
      11
      13
      17
      10
      13
      10
      20
      22
      18
      14
      16
      10
      12
      13
      15
      20
      12
      14
      10
      15
      16
      12
      15
      19
      21
      23
      13
      13
      23
      16
      16
      20
      19
      13
      26
      15
      12
      11
      16
      16
      18
      12
      15
      23
      15
      16
      11
      16
       9
      16
      21
      23
      15
      18
      18
      20
      18
      16
      16
      19
      19
      22
      17
      18
      18
      27
      14
      22
      18
      20
      10
      21
      17
      16
      11
      14
       9
      16
      17
      13
      13
      14
      16
      14
      18
      11
      24
      19
      15
      16
      18
      14
      22
      16
      24
      15
      17
      19
      18
      15
      20
      25
      16
      15
      11
      17
      18
      22
      28
      14
       9
      16
      25
      18
      23
      14
      23
      16
      13
      18
      11
      20
      18
      25
      14
      20
      20
      27
      17
      19
      19
      15
      25
      21
      17
      15
      22
      16
      23
      21
      18
      17
      22
      18
      18
      16
      19
      19
      20
      16
      18
      14
      24
      19
      18
      17
      13
      21
      26
      18
      15
      20
      16
      13
      16
      17
      19
      20
      16
      19
      13
      21
      24
      13
      13
      11
      15
       9
      22
      18
      17
      19
      24
      22
      18
      18
      19
      18
      16
      20
      22
      26
      18
      18
      16
      16
      14
      14
      22
      11
      15
      12
      13
      19
      14
      17
      12
       8
      18
      12
      15
      14
      15
      16
      10
      14
       5
      15
       7
      17
      15
      10
      10
       6
      12
       7
      12
      15
       9
       2
      16
       8
      13
      10
       8
       7
      13
      11
      10
       8
       8
       6
       9
       8
      11
       8
      13
      12
       3
       4
       4
       5
       7
       6
       7
       9
       6
       9
      11
       6
       6
       9
       7
       9
       4
       5
       3
       6
       7
       3
       6
       5
       5
       9
       0
       5
       6
       8
       6
       5
       3
       4
       6
       4
       4
       9
       5
       9
       5
       3
       8
       8
       2
       8
       4
       2
       4
       7
       5
       4
       3
       3
       6
       0
       5
       2
       3
       2
       1
       4
       0
       4
       3
       2
       5
       3
       4
       3
       0
       6
       3
       2
       1
       3
       4
       4
       5
       2
       1
       2
       3
       3
       1
       2
       3
       6
       2
       4
       4
       1
       1
       1
       3
       2
       2
       2
       4
       0
       3
       2
       2
       1
       1
       0
       0
       2
       1
       2
       1
       1
       2
       3
       3
       3
       1
       1
       2
       1
       4
       1
       2
       5
       3
       2
       2
       1
       0
       1
       1
       2
       1
       3
       1
       1
       1
       0
       1
       0
       2
       0
       2
       0
       1
       2
       3
       3
       2
       3
       0
       0
       1
       2
       0
       0
       2
       1
       2
       3
       1
       0
       1
       3
       3
       0
       1
       2
       1
       1
       1
       0
       1
       0
       0
       2
       1
       2
       2
       1
       1
       2
       1
       0
       2
       0
       1
       1
       1
       2
       2
       1
       0
       0
       3
       3
       0
       0
       2
       2
       1
       2
       2
       1
       2
       1
       0
       5
       0
       1
       3
       3
       0
       1
       1
       2
       2
       2
       5
       4
       2
       1
       3
       0
       2
       4
       1
       3
       2
       2
       5
       2
       1
       2
       3
       0
       1
       4
       2
       2
       5
       2
       5
       0
       2
       3
       1
       5
       1
       3
       0
       1
       1
       3
       2
       1
       3
       0
       0
       2
       0
       3
       0
       1
       4
       3
       4
       1
       3
       4
       0
       2
       1
       1
       2
       0
       0
       2
       0
       2
       0
       0
       1
       1
       1
       1
       0
       1
       2
       1
       3
       1
       2
       2
       0
       2
       3
       2
       1
       1
       0
       1
       2
       2
       1
       2
       1
       2
       2
       2
       2
       1
       0
       1
       2
       5
       2
       1
       1
       3
       1
       0
       1
       0
       3
       1
       1
       0
       3
       2
       4
       3
       0
       3
       0
       1
       1
       1
       4
       3
       2
       1
       1
       4
       1
       3
       3
       2
       3
       3
       3
       8
       4
       6
       8
       3
       4
       4
       5
       9
       8
       5
       6
       3
       8
       6
      10
       5
       8
      12
      11
      17
      10
       6
      14
      17
      14
       9
      20
      10
      22
      17
      19
      18
      29
      22
      30
      24
      26
      33
      21
      31
      32
      34
      40
      38
      37
      44
      44
      32
      36
      59
      52
      57
      53
      46
      61
      63
      68
      75
      51
      65
      78
      61
      83
     102
      94
      72
      84
      88
      96
      97
     104
     110
     111
     120
     109
     114
     122
      99
     119
     146
     132
     156
     142
     138
     155
     164
     176
     150
     186
     150
     174
     166
     155
     196
     181
     181
     203
     190
     208
     197
     209
     222
     214
     216
     203
     212
     189
     237
     211
     205
     227
     229
     254
     251
     243
     238
     247
     242
     225
     269
     246
     252
     283
     226
     258
     250
     264
     248
     278
     282
     243
     278
     273
     265
     259
     251
     256
     285
     284
     275
     263
     258
     228
     225
     286
     249
     246
     264
     249
     248
     213
     224
     224
     206
     251
     215
     231
     227
     232
     208
     236
     213
     205
     181
     215
     191
     181
     186
     197
     192
     177
     164
     167
     187
     160
     161
     141
     135
     123
     136
     182
     137
     158
     120
     140
     112
     115
     121
     109
     108
     107
      89
     113
     102
     100
     101
      75
      97
      76
      69
      80
      81
      52
      85
      75
      75
      77
      63
      57
      47
      42
      51
      42
      51
      41
      31
      29
      47
      30
      23
      34
      26
      29
      27
      20
      22
      21
      18
      22
      21
      22
      15
      15
      17
      17
      17
      13
      14
      14
      11
      13
       7
       7
       6
       9
       8
       3
       8
       6
       4
       4
       4
      11
       6
       4
       5
       7
       4
       4
       5
       2
       1
       1
       1
       3
       2
       3
       3
       2
       4
       4
       2
       1
       2
       0
       1
       1
       0
       1
       1
       1
       1
       0
       1
       2
       2
       1
       1
       0
       1
       0
       2
       0
       1
       2
       1
       0
       1
       0
       0
       0
       1
       0
       1
       0
       1
       0
       0
       0
       0
       3
       0
       0
       0
       1
       0
       0
       1
       0
       1
       1
       1
       2
       1
       1
       1
       0
       0
       0
       1
       1
       0
       0
       1
       1
       0
       0
       0
       0
       0
       0
       0
       1
       0
       1
       0
       1
       1
       1
       0
       2
       1
       0
       0
       1
       1
       0
       0
       2
       1
       1
       0
       1
       0
       0
       0
       0
       0
       0
       1
       0
       0
       0
       0
       0
       0
       1
       1
       0
       0
       0
       1
       2
       1
       1
       0
       0
       0
       0
       0
       1
       0
       2
       0
       0
       1
       0
       0
       0
       0
       0
       0
       0
       0
       0
       0
       1
       1
       1
       1
       0
       0
       1
       0
       0
       0
       0
       0
       1
       0
       0
       0
       1
       2
       0
       0
       1
       0
       0
       0
       1
       1
       2
       1
       0
       1
       0
       0
       0
       0
       1
       0
       0
       1
       1
       0
       0
       0
       0
       3
       0
       0
       0
       1
       0
       1
       0
       1
       0
       1
       2
       0
       0
       0
       1
       3
       0
       0
       0
       0
       1
       0
       0
       0
       1
       1
       0
       0
       1
       0
       0
       0
       0
       0
       0
       0
       1
       0
       1
       1
       0
       0
       0
       0
       1
       0
       1
       1
       0
       2
       0
       0
       3
       2
       0
       0
       0
       1
       0
       1
       1
       0
       0
       0
       1
       0
       2
       1
       0
       2
       0
       0
       0
       0
       0
       0
       0
       0
       0
       0
       2
       0
       1
       1
       0
       0
       0
       0
       0
       0
       0
       0
       0
       0
       0
       0
       1
       0
       1
       1
       0
       0
       1
       1
       1
       0
       1
       0
       1
       1
       0
       1
       0
       1
       0
       1
       0
       0
       0
       1
       2
       0
       0
       0
       1
       0
       0
       1
       1
       1
       0
       0
       1
       0
       1
       0
       0
       0
       0
       0
       0
       1
       0
       1
       0
       0
       0
       1
       0
       1
       0
       0
       0
       0
       1
       1
       0
       0
       0
       0
       0
       1
       0
       0
       1
       0
       0
       0
       0
       0
       0
       0
       0
       0
       1
       0
       0
       1
       0
       0
       1
       0
       0
       1
       0
       0
       1
       2
       0
       0
       1
       1
       0
       0
       0
       0
       0
       0
       1
       0
       0
       0
       0
       2
       1
       0
       0
       2
       0
       1
       1
       0
       0
       0
       0
       0
       0
       0
       1
       0
       0
       0
       0
       0
       0
       0
       0
       0
       1
       0
       1
       2
       1
       0
       0
       1
       1
       0
       1
       0
       0
       1
       1
       0
       0
       0
       0
       0
       0
       1
       2
       1
       0
       0
       0
       0
       0
       0
       1
       0
       0
       0
       0
       0
       0
       0
       0
       0
       0
       0
       0
       0
       0
       0
$ROI:
1
1331 1635
$PRESETS:
Live Time
1000
0
$ENER_FIT:
-37.406231 1.986979
$MCA_CAL:
3
-3.740623E+001 1.986979E+000 0.000000E+000 keV
$SHAPE_CAL:
3
0.000000E+000 0.000000E+000 0.000000E+000
