$SPEC_ID:
This is sample 266.
$SPEC_REM:
DET# 1
DETDESC# DIP1456 PCI-Trump SN 253
AP# Maestro Version 7.01
$DATE_MEA:
01/14/2025 05:32:20
$MEAS_TIM:
1000 1028
$DATA:
0 2047
       0
       0
       0
       0
       0
       0
       0
       0
       0
       0
       0
       0
       0
       0
       0
       0
       0
       0
       0
       0
       0
       0
       0
       0
       0
       0
       0
       0
       0
       0
       0
       0
       0
       0
       0
       0
       0
       0
       0
       0
       0
       0
       0
       0
       0
       0
       0
       0
       0
       0
       0
       0
       0
       2
      16
      11
      11
      15
      15
      21
      19
      14
      15
      16
      10
       7
      17
      14
       8
      11
      17
      11
      17
       9
      15
       9
      11
       8
      18
      11
      20
      10
      22
      17
      16
      16
      13
      11
      27
      11
      18
      13
      16
      11
      11
      20
      17
      12
      15
      15
      17
      12
      21
      21
      12
      19
       9
      12
      10
      21
      20
      18
      17
      19
      15
      17
      15
      20
      19
      17
      11
      25
      19
      19
      14
      15
      16
      23
      15
      15
      10
      14
      15
      14
      11
      18
      12
      13
      12
      19
      19
      19
      16
      16
      24
      12
      15
      13
      16
      12
      16
      22
      17
      10
      26
      16
      15
      15
      17
       9
       9
      16
      11
      16
      14
      12
      16
      14
      21
       9
      20
      14
      13
      17
      13
      19
      14
      21
      15
      19
      15
      11
      14
      14
      16
      15
       5
      16
      11
      14
      17
      12
      14
      21
      16
      15
      16
       9
      12
      15
      13
       9
      14
      16
      11
      13
      11
      14
      14
      18
      20
       6
      12
      18
      19
      19
      18
      20
      15
      16
      15
      12
      16
       8
      20
      14
      13
      21
      20
      19
      17
      21
      22
      20
      15
      18
      16
      13
      17
      17
      20
      21
       9
      22
      13
      18
      19
      16
      21
      11
      20
      18
      15
      17
      14
      23
      20
      22
       9
      10
      13
      16
      14
      18
      13
      18
      20
      21
      19
      12
      19
      17
      10
       9
      17
      19
      18
      10
      23
      18
      14
      22
      26
      10
      14
      14
      16
      14
      16
      18
      15
      19
      14
      13
      22
      20
      17
      11
      11
      17
      19
      20
      18
      20
      17
      19
      14
      16
      19
      16
       8
      17
      14
      19
      15
       9
      16
       9
      14
      20
      18
      15
      15
      17
      23
      21
      24
      16
      10
      16
      23
      21
      19
      12
      14
      16
      11
      22
      18
      20
      19
      15
      12
      15
       7
      19
      13
      20
      18
      17
      25
      10
      19
      16
      11
      13
      13
      15
      16
      13
      12
      16
      17
      11
      16
      17
      20
      16
      15
      14
      25
      12
      16
      20
      10
      18
      19
      23
      18
      16
      18
      16
      18
      13
      18
      13
      12
       9
      17
       9
      10
      20
      20
      15
      14
      19
      13
      14
      22
      15
      19
      21
      11
      11
      24
      16
      21
      16
      15
      19
      22
      17
      11
      17
      18
      10
      20
      11
       8
      20
      18
      18
      15
      14
      16
      17
      18
      13
      18
      18
      16
       8
      17
      22
      14
      16
      20
      16
      12
      14
      14
      10
      22
      20
      22
      10
      14
      19
      23
      15
      22
      10
      22
      11
      14
      16
      22
      19
      19
      12
      17
      13
      20
      22
      14
      17
      17
      22
      18
      16
      13
       8
      15
      17
      10
      18
      26
      25
      12
      19
      14
      21
      22
      18
      23
      18
      20
      19
      18
      15
      18
      17
      17
       7
      17
      18
      16
      16
      17
      12
      18
      17
      12
      25
      19
      14
      12
      20
      10
      22
      15
      20
      15
      20
      32
      15
      20
      23
      17
      18
      19
      17
      13
      14
      22
      26
      15
      14
      14
      22
      24
      19
      26
      22
      15
      11
      18
      25
      12
      10
      13
      12
      15
      18
      14
      14
      14
      22
      14
      16
       6
      15
      15
      15
       9
      15
      15
      14
      19
      11
      24
      17
      20
      15
      16
      18
      19
      23
      23
      14
      20
      11
      16
      11
      18
      15
      18
      12
      18
      20
      21
      16
      24
      12
      24
      19
      22
      15
      17
      22
      11
      15
      18
      21
      20
      20
      16
      20
      16
      13
      16
      14
      19
      17
      21
      16
      11
      14
      20
      21
      19
      12
      20
      21
      13
      14
      20
      19
      14
       8
       9
      13
      12
      15
      16
      18
      20
      15
      17
      18
      12
      16
      14
      14
      17
      12
      24
      22
      15
      15
       9
      21
      21
      11
      12
      16
      12
      20
      19
      14
      19
      15
      15
      19
      13
      15
      20
      11
      13
      18
      20
      15
      10
      23
       7
      19
      23
      15
      14
      14
      22
      21
      17
      22
       8
      13
      13
      24
      15
      15
       6
      12
      15
      15
      16
      16
      15
      19
       9
      17
      13
      21
      15
       9
      13
      11
      18
      11
      22
      20
       8
      15
      17
      18
       8
      10
      11
      15
      14
      19
       9
      18
      15
      10
      11
      17
      12
      13
      11
      10
      11
      18
      21
      16
      13
      10
      15
      14
      12
      12
      19
      18
      16
      16
      10
      23
      15
       9
      17
      17
      16
      12
      15
      19
      11
      11
      19
      12
      14
      14
      15
      12
      14
      15
      14
      23
      11
      24
      14
      14
      17
      17
      16
      15
      22
      16
      18
      15
      16
      19
      11
      21
      16
      18
      20
      22
      14
      14
      13
      20
      21
      12
      21
      19
      15
      18
      21
      14
      12
      16
      16
      16
       9
      11
      12
      12
      17
      18
      14
      12
      12
      16
      13
      15
      14
      16
      19
      26
      24
      17
      18
      18
      11
      16
      16
      23
      18
      21
      19
      13
       7
      18
      14
      14
      18
      22
      15
      11
      22
      17
      14
      19
      21
      16
      14
       9
      14
      18
      18
      17
      21
      18
      18
      21
      19
      21
      33
      19
      20
       9
      20
      23
      13
      20
      16
      19
      22
      16
      19
      18
      15
      14
      17
      15
      28
      20
      15
      25
      20
      21
      17
      13
      26
      15
      11
      13
      25
      17
      21
      14
      14
      21
      14
      19
      16
      20
      18
      16
      15
      12
      16
      15
      19
      18
      19
      15
      26
      21
      12
      17
      17
      17
      20
      15
      21
      26
      23
      17
      15
      19
      18
      16
      14
      13
      16
      15
      17
      12
      23
      21
      17
      19
      11
      12
      15
      11
       8
       8
      15
      15
      10
       8
      12
      11
      16
      16
      15
      15
      10
      12
       9
       9
      11
      12
      10
       7
      11
       6
      12
      10
      16
      10
      10
       6
       7
       4
      10
      10
       5
      12
       8
       9
       8
       3
       6
       9
       8
      10
       8
       8
      10
       1
      13
       7
       7
       6
       6
       8
       5
       6
       7
       3
       2
      11
       7
       4
      10
      11
       7
       5
       2
       2
       5
      13
       5
       4
       6
       7
       3
       5
       2
       4
       4
       3
       4
       6
       3
       5
       0
       9
       8
       4
       6
       6
       4
       3
       3
       6
       6
       1
       0
       2
       4
       5
       4
       8
       4
       8
       3
       5
       6
       1
       8
       4
       3
       3
       0
       3
       3
       2
       2
       2
       3
       3
       4
       3
       0
       5
       3
       2
       2
       1
       1
       3
       2
       1
       3
       3
       5
       1
       0
       3
       0
       3
       1
       1
       4
       3
       4
       3
       4
       3
       1
       3
       1
       2
       4
       4
       0
       0
       2
       3
       2
       5
       0
       1
       3
       2
       1
       0
       3
       3
       1
       2
       4
       1
       1
       2
       4
       1
       2
       2
       3
       2
       1
       1
       0
       3
       1
       2
       1
       1
       4
       4
       2
       1
       4
       1
       2
       2
       4
       1
       5
       2
       0
       0
       0
       1
       0
       2
       1
       1
       4
       2
       4
       2
       2
       1
       2
       0
       1
       2
       2
       3
       1
       2
       1
       0
       1
       1
       0
       1
       0
       2
       1
       2
       1
       2
       2
       1
       2
       3
       2
       1
       1
       1
       1
       2
       4
       2
       0
       0
       0
       0
       0
       2
       2
       0
       1
       1
       1
       4
       0
       1
       1
       1
       1
       0
       0
       1
       1
       1
       0
       1
       3
       0
       1
       1
       1
       3
       3
       2
       0
       1
       3
       0
       2
       1
       2
       1
       4
       0
       0
       1
       2
       4
       0
       1
       0
       0
       0
       2
       1
       6
       1
       0
       1
       3
       0
       0
       3
       1
       2
       2
       2
       4
       3
       2
       0
       2
       2
       2
       1
       1
       2
       0
       3
       0
       1
       0
       0
       4
       1
       2
       3
       2
       0
       1
       2
       1
       2
       2
       2
       0
       3
       1
       2
       2
       1
       3
       3
       1
       3
       0
       5
       0
       3
       0
       1
       5
       2
       2
       2
       2
       1
       1
       0
       2
       2
       0
       1
       1
       4
       2
       1
       1
       1
       4
       2
       0
       4
       4
       3
       2
       2
       3
       3
       1
       3
       1
       1
       2
       1
       2
       1
       3
       4
       3
       3
       2
       3
       2
       3
       4
       5
       1
       2
       4
       3
       6
       6
       5
       5
       4
       3
      14
       7
       8
       9
      13
       7
       8
      12
      12
       9
      11
      15
      10
      18
      15
       9
      18
      19
      15
      24
      17
      26
      20
      27
      16
      21
      32
      29
      38
      30
      33
      39
      39
      30
      46
      43
      41
      41
      46
      52
      53
      53
      62
      75
      63
      80
      79
      71
      81
      75
      78
      87
      89
      69
      85
      97
      96
     101
     115
      96
     102
     120
      91
     109
     112
     120
     116
     124
     141
     133
     135
     138
     125
     143
     134
     154
     137
     162
     156
     164
     184
     143
     154
     191
     210
     178
     194
     212
     199
     205
     211
     217
     211
     233
     231
     215
     210
     224
     228
     216
     229
     239
     259
     250
     220
     278
     248
     245
     224
     247
     253
     235
     276
     240
     237
     276
     246
     251
     280
     274
     236
     251
     278
     260
     237
     254
     244
     270
     259
     246
     267
     246
     238
     225
     252
     231
     224
     273
     212
     239
     218
     232
     233
     233
     187
     219
     218
     196
     216
     223
     213
     213
     191
     207
     175
     196
     197
     182
     198
     165
     161
     154
     184
     157
     157
     134
     155
     133
     144
     125
     152
     133
     117
     118
      97
     117
     100
     105
     106
     131
     109
      86
     112
      80
      80
      86
      69
      83
      76
      77
      65
      56
      71
      64
      70
      58
      60
      45
      57
      62
      39
      33
      47
      39
      46
      39
      41
      40
      26
      20
      39
      18
      20
      28
      16
      29
      19
      20
      15
      12
      16
      21
      17
      13
      11
      16
      11
       8
      17
       9
       5
       3
      11
      10
       9
       8
       8
       2
       5
       6
       3
       5
       7
      12
       5
       3
       1
       6
       3
       2
       5
       2
       5
       5
       4
       4
       4
       0
       3
       1
       0
       0
       4
       2
       2
       4
       1
       1
       0
       1
       1
       0
       0
       3
       2
       2
       1
       1
       1
       0
       1
       0
       0
       1
       2
       2
       0
       0
       0
       0
       1
       0
       1
       1
       2
       3
       0
       0
       1
       0
       1
       0
       1
       0
       0
       0
       0
       0
       1
       0
       0
       0
       0
       0
       1
       1
       0
       0
       0
       1
       0
       0
       1
       0
       1
       0
       0
       0
       2
       1
       0
       0
       2
       0
       1
       1
       2
       0
       0
       0
       1
       0
       0
       3
       1
       1
       0
       0
       1
       1
       3
       0
       1
       1
       0
       1
       1
       1
       1
       0
       1
       1
       1
       1
       0
       0
       0
       0
       0
       0
       1
       0
       1
       0
       0
       0
       1
       1
       2
       0
       0
       0
       0
       0
       0
       1
       2
       1
       0
       0
       0
       1
       0
       0
       2
       1
       0
       0
       0
       0
       0
       0
       1
       0
       0
       0
       0
       0
       3
       1
       0
       1
       1
       0
       1
       2
       0
       0
       0
       0
       1
       1
       0
       0
       1
       0
       2
       0
       0
       1
       0
       0
       0
       0
       0
       0
       1
       0
       0
       1
       0
       0
       1
       2
       0
       1
       0
       0
       0
       0
       0
       0
       0
       0
       2
       1
       0
       0
       0
       0
       0
       1
       1
       0
       1
       1
       0
       0
       0
       1
       0
       1
       0
       2
       0
       0
       0
       0
       0
       1
       0
       0
       0
       0
       0
       0
       0
       0
       0
       1
       0
       1
       0
       0
       1
       0
       0
       0
       0
       2
       0
       2
       1
       0
       0
       0
       3
       0
       2
       0
       1
       0
       1
       1
       1
       0
       1
       0
       0
       0
       0
       1
       4
       2
       2
       1
       0
       0
       0
       0
       1
       0
       3
       0
       0
       0
       1
       0
       1
       0
       0
       0
       0
       0
       0
       1
       0
       0
       0
       0
       1
       0
       0
       0
       0
       0
       0
       0
       1
       0
       0
       0
       0
       1
       0
       0
       0
       0
       0
       0
       0
       0
       0
       0
       0
       1
       1
       0
       1
       0
       2
       1
       1
       0
       0
       1
       2
       2
       0
       1
       0
       0
       0
       0
       0
       0
       0
       0
       1
       2
       0
       0
       0
       3
       0
       0
       0
       2
       0
       0
       1
       0
       0
       0
       0
       0
       1
       0
       0
       0
       0
       0
       0
       0
       0
       0
       1
       0
       0
       0
       1
       0
       0
       0
       1
       0
       0
       1
       0
       0
       1
       0
       1
       0
       0
       1
       0
       0
       1
       1
       0
       0
       0
       0
       1
       0
       1
       0
       0
       1
       1
       0
       1
       0
       0
       0
       1
       1
       0
       0
       3
       0
       1
       0
       0
       0
       1
       0
       0
       1
       1
       1
       0
       0
       0
       0
       0
       0
       0
       0
       1
       0
       0
       0
       0
       0
       1
       0
       0
       0
       0
       0
       0
       0
       0
       0
       0
       0
       0
       0
       0
       0
       0
$ROI:
1
1331 1635
$PRESETS:
Live Time
1000
0
$ENER_FIT:
-37.406231 1.986979
$MCA_CAL:
3
-3.740623E+001 1.986979E+000 0.000000E+000 keV
$SHAPE_CAL:
3
0.000000E+000 0.000000E+000 0.000000E+000
