$SPEC_ID:
This is sample 062.
$SPEC_REM:
DET# 1
DETDESC# DIP1456 PCI-Trump SN 253
AP# Maestro Version 7.01
$DATE_MEA:
01/11/2025 13:33:49
$MEAS_TIM:
1000 1028
$DATA:
0 2047
       0
       0
       0
       0
       0
       0
       0
       0
       0
       0
       0
       0
       0
       0
       0
       0
       0
       0
       0
       0
       0
       0
       0
       0
       0
       0
       0
       0
       0
       0
       0
       0
       0
       0
       0
       0
       0
       0
       0
       0
       0
       0
       0
       0
       0
       0
       0
       0
       0
       0
       0
       0
       0
       0
       8
      15
      14
      14
      18
      15
      15
      15
      12
      15
      15
      10
      12
      22
      20
      20
      15
      16
      14
      13
      18
      14
      12
      15
      24
      11
      17
      14
      16
      15
      11
      11
      12
      21
      16
      15
      17
      15
      15
      21
      14
      14
      18
      15
      11
      22
      16
      10
      11
      21
      16
      13
      16
      16
      16
      15
      10
      13
      21
       6
      14
      12
      18
      17
      15
      13
      18
      16
      14
      12
      19
      16
      10
      19
      23
      17
      19
      23
       9
      22
      15
      18
      14
      11
      14
      10
      13
      21
      23
      17
      19
      11
      13
      15
      21
      19
       9
      17
      20
      17
      14
      20
      17
      12
      12
      16
      22
      20
      15
      23
      20
      16
      14
      12
      18
      16
      15
      17
      19
      14
      17
      12
      24
      24
      15
      13
      16
      18
      21
      17
      17
       9
      20
      18
      12
      19
      23
      13
      15
      15
      15
      19
      13
      12
      26
      17
      15
      17
      20
      12
      12
      21
      20
      21
      19
      19
      10
      19
      20
      23
      15
      17
      15
      21
       7
      14
      12
      18
       7
      11
      16
      22
      14
      20
      12
      21
      12
      15
      13
      14
      12
      20
      19
      13
      18
      19
      23
      15
      11
      20
      13
      17
      15
      13
      18
       8
      11
      15
      15
      13
      15
      20
      13
      19
      17
      15
      25
      19
      17
      19
      21
      16
      16
      14
      15
      18
      26
      16
      18
      16
      15
      20
      21
      14
      15
      17
      13
      26
      16
       9
      14
      24
      20
      16
      14
      12
      11
      16
      22
      12
      17
      18
      21
      14
      29
      19
      15
      15
      17
      21
      14
      14
      17
      14
      21
      19
      12
      11
      20
      15
      19
      23
      16
      21
      14
      17
      14
      16
      10
      17
      13
      18
      13
      17
      11
      14
      22
      23
      18
      17
      15
      21
      17
      19
      14
      11
      18
      10
      19
      11
      23
      17
      14
      10
      17
       8
      14
      12
      24
      14
      20
      13
      17
      19
       8
      11
      21
      14
      13
      15
       9
      18
      18
      13
       6
      19
      17
      15
      14
      18
      24
      18
      12
      18
      14
      19
      19
      19
      14
      13
      11
      26
      19
      17
      14
      22
      20
      16
      11
      14
      18
      15
      20
      13
      19
       7
      28
      17
      18
      13
      24
      15
      19
      11
      18
      29
      16
      16
      14
      17
      21
      25
      19
      19
      17
      20
      18
      22
      15
      16
      17
      13
      21
      18
      17
      13
      19
      18
      14
      13
       7
      22
      16
      15
      19
      15
      10
      22
      16
      21
      16
      21
      19
      22
      14
      16
      16
      20
      19
      17
      10
      20
      22
      16
      14
      17
      21
      19
      18
      25
      26
      17
      15
      18
      16
      16
      20
      20
      13
      21
      13
       8
      17
      27
      15
      16
      17
      12
      15
      17
      12
      16
      20
      15
      28
      16
      21
      16
      14
      10
      17
      20
      19
      23
      16
      15
      17
      21
      19
      14
      16
      17
      21
      16
      20
      19
      10
      17
      18
      17
      14
      12
      20
      14
      20
      17
      21
      12
      16
      20
      15
      15
      15
      23
      22
      13
      13
      10
      23
      14
      20
      16
      18
      19
      20
      22
      16
      17
      20
      21
      16
      18
      20
      16
      10
      18
      24
      15
      11
      16
      17
      19
      12
      14
      19
      12
      29
      16
      22
      14
      17
      15
      21
      19
      25
      13
      25
      17
      12
      18
      19
      15
      15
      17
      17
      19
      14
      20
      15
      22
      15
      21
      21
      12
      13
      15
      19
      16
      14
      20
      18
      16
      13
      20
      11
      11
      15
      21
      16
      15
      19
      20
      22
       9
      19
      20
      10
      12
      22
      15
      14
      20
      12
      14
      13
      18
      14
      12
      30
      17
      14
      21
       9
       8
      22
      19
      16
      10
      17
      18
      12
      17
      18
      18
      19
      23
      18
      15
      13
      13
      12
      16
      17
      22
      12
      10
      13
      22
      18
      12
      20
      11
      24
      23
       8
      20
      16
      14
      16
      15
      18
      10
      20
      18
      18
      13
      12
      14
      23
      11
      19
      14
      12
      21
      13
      14
      15
      19
      23
      14
      12
      13
      14
      16
      13
       9
      23
      15
      14
      13
      15
      10
      11
      17
       8
      20
      14
      16
      17
      16
      18
      17
      15
      19
      16
       9
      16
      11
      16
      11
       9
      12
      22
      19
      18
      19
      19
      21
      13
      13
      18
      18
      12
      18
      11
      16
      23
      14
      12
      19
      11
      14
      18
      20
       8
      13
      23
      10
      13
      20
      16
      20
      11
      11
      19
      10
      25
       9
      12
      18
      17
      20
      13
      21
      22
      27
      20
       6
      12
      16
      13
      10
      10
      12
      19
      12
      10
      18
      15
      10
       9
      13
      16
      20
      12
      20
      17
       8
      18
      17
      11
      15
      26
      19
      24
      16
      21
      18
      18
      17
      17
      17
      16
      15
      12
      20
      12
      20
      15
      15
      16
      10
      17
      21
      23
      15
      14
      14
      17
      16
      15
      12
      12
      21
      22
      17
       9
       9
      13
      19
      16
      20
      17
      14
      12
      17
      13
      17
       9
      22
      28
      25
      23
      23
      14
      15
      22
      17
      13
      12
      15
      23
      17
      15
      24
      18
      19
      15
      19
      19
      23
      21
      20
      21
      18
      25
      19
      19
      19
      22
      17
      32
      17
      17
      12
      19
      14
      20
      28
      14
      23
      19
      20
      15
      20
      18
      20
      19
      18
      18
      22
      20
      19
      17
      20
      18
      27
      19
      20
      12
      21
      15
      11
      18
      15
      24
      21
      22
      11
      19
      23
      13
      17
      22
      16
      16
      22
       9
      18
      16
      11
      20
      14
      11
      18
      19
      15
      21
      12
      15
      10
      14
      16
      21
      19
      14
      13
      10
      14
      12
      10
      16
      15
       8
      18
      12
      19
       5
      13
      12
      15
       7
       9
      13
      14
      11
      14
      14
       9
      15
       8
      11
       7
      12
      12
       5
       9
       9
       6
       8
       9
      10
      11
       9
      12
       5
       4
       8
      13
       9
       4
       1
       9
       5
      11
       6
       7
       3
       4
       7
       9
       8
       2
       7
       7
       9
       3
       1
       9
       6
       3
       2
       8
       8
       4
       4
       2
       2
       8
       1
       5
       5
       4
       2
       6
       4
       5
       5
       3
       5
       6
       6
       3
       8
       3
       4
       3
       7
       3
       6
       6
       2
       4
       5
       5
       1
       4
      16
       5
       4
       2
       2
       3
       1
       4
       2
       0
       5
       0
       3
       3
       0
       4
       3
       2
       4
       7
       2
       2
       3
       5
       4
       3
       5
       1
       6
       3
       5
       2
       3
       4
       0
       3
       2
       2
       1
       2
       0
       2
       2
       5
       1
       0
       2
       5
       3
       2
       2
       1
       2
       4
       4
       3
       2
       0
       4
       1
       1
       1
       4
       2
       2
       0
       1
       3
       2
       3
       1
       1
       2
       1
       2
       3
       0
       2
       2
       0
       4
       0
       1
       3
       1
       1
       3
       1
       1
       2
       1
       0
       1
       3
       3
       4
       6
       2
       3
       1
       2
       2
       0
       4
       5
       1
       2
       3
       0
       0
       3
       0
       1
       0
       0
       2
       1
       1
       4
       0
       0
       1
       1
       1
       1
       0
       3
       3
       3
       1
       2
       2
       1
       1
       3
       1
       1
       0
       1
       3
       1
       3
       1
       1
       1
       1
       1
       2
       2
       3
       0
       4
       1
       0
       2
       2
       1
       1
       2
       1
       3
       1
       3
       2
       0
       2
       2
       1
       3
       5
       2
       0
       3
       3
       4
       2
       0
       1
       0
       2
       1
       1
       1
       1
       3
       1
       0
       1
       2
       2
       1
       1
       0
       0
       0
       0
       3
       1
       0
       1
       2
       2
       1
       1
       3
       1
       1
       2
       5
       0
       0
       1
       1
       0
       0
       3
       3
       1
       0
       1
       1
       1
       4
       3
       2
       3
       1
       2
       1
       0
       1
       0
       3
       0
       1
       0
       0
       0
       3
       2
       2
       1
       2
       1
       3
       3
       1
       3
       1
       2
       1
       3
       2
       3
       0
       1
       0
       0
       1
       2
       1
       5
       0
       3
       3
       1
       2
       2
       3
       0
       3
       4
       1
       1
       1
       0
       3
       2
       2
       2
       1
       4
       2
       3
       3
       0
       7
       1
       6
       5
       4
       1
       6
       6
       4
       3
       5
       4
       5
       8
       8
       3
       7
       6
       6
       6
       8
       4
       9
       9
       9
       9
      16
       9
      10
      11
      16
      12
      15
      17
      17
      12
      14
      21
      18
      17
      15
      21
      29
      25
      31
      32
      30
      36
      30
      34
      30
      37
      36
      39
      47
      47
      45
      43
      53
      59
      63
      61
      76
      47
      69
      80
      80
      86
      73
      72
      92
      76
      68
      96
      91
      91
     107
     103
      78
      94
     105
     115
     123
     110
     128
     130
     121
     147
     119
     143
     135
     144
     164
     142
     168
     153
     159
     173
     185
     183
     184
     155
     198
     200
     163
     225
     227
     230
     201
     198
     209
     224
     220
     219
     247
     242
     220
     208
     230
     243
     235
     218
     237
     232
     262
     248
     251
     285
     267
     263
     212
     249
     264
     263
     269
     261
     272
     272
     276
     248
     263
     260
     268
     267
     277
     256
     239
     227
     217
     226
     245
     215
     232
     225
     241
     254
     244
     218
     243
     252
     251
     239
     252
     237
     217
     204
     244
     202
     219
     173
     188
     176
     200
     199
     192
     174
     173
     170
     160
     143
     158
     164
     171
     148
     136
     146
     133
     137
     141
     121
     127
     113
     108
     136
     132
     112
     111
     109
     110
     102
      98
      95
      84
      74
      88
      69
      83
      65
      75
      70
      58
      67
      62
      62
      63
      59
      39
      43
      45
      37
      43
      42
      31
      30
      23
      37
      42
      27
      39
      33
      19
      24
      27
      26
      17
      27
      26
      27
      22
      15
      16
      11
      13
      19
      15
      12
      11
      14
      14
       3
       7
       8
       6
       9
       2
       6
       5
       6
       5
       4
       2
       6
       4
       2
       5
       2
       8
       3
       3
       6
       2
       1
       6
       1
       2
       2
       1
       3
       4
       8
       2
       2
       4
       1
       3
       2
       1
       0
       2
       2
       0
       2
       2
       0
       1
       0
       2
       0
       1
       1
       1
       0
       1
       2
       1
       1
       1
       0
       1
       2
       1
       0
       0
       0
       0
       1
       0
       0
       0
       0
       1
       0
       2
       1
       0
       0
       0
       0
       2
       0
       1
       0
       0
       0
       0
       0
       1
       1
       0
       0
       1
       0
       0
       0
       0
       1
       0
       2
       1
       0
       0
       0
       2
       0
       1
       0
       1
       0
       1
       0
       0
       0
       0
       0
       2
       0
       1
       0
       2
       2
       0
       0
       1
       1
       1
       0
       0
       1
       0
       0
       1
       0
       0
       0
       0
       1
       0
       1
       1
       0
       0
       0
       0
       1
       1
       0
       1
       1
       0
       0
       2
       1
       0
       0
       2
       2
       0
       0
       0
       0
       0
       0
       0
       0
       1
       0
       0
       1
       1
       1
       0
       1
       0
       0
       1
       2
       0
       0
       0
       0
       0
       0
       0
       1
       0
       1
       1
       1
       0
       0
       1
       0
       0
       1
       0
       0
       0
       1
       1
       0
       1
       1
       0
       2
       0
       0
       0
       1
       0
       0
       0
       1
       0
       0
       2
       1
       0
       1
       0
       1
       1
       0
       0
       0
       0
       1
       0
       0
       1
       1
       0
       1
       0
       0
       0
       1
       0
       0
       0
       1
       1
       1
       0
       0
       0
       0
       1
       2
       0
       0
       0
       0
       0
       2
       0
       0
       0
       2
       0
       0
       1
       1
       1
       0
       1
       2
       0
       1
       1
       1
       0
       1
       1
       0
       0
       0
       0
       1
       0
       0
       0
       0
       0
       1
       0
       0
       0
       0
       1
       1
       0
       0
       0
       0
       0
       0
       1
       0
       0
       0
       0
       0
       0
       0
       0
       0
       1
       0
       0
       1
       0
       0
       0
       0
       1
       1
       1
       0
       0
       0
       0
       0
       1
       0
       1
       0
       0
       0
       1
       0
       2
       2
       0
       1
       0
       0
       0
       0
       1
       2
       1
       0
       1
       0
       0
       1
       0
       0
       0
       0
       0
       0
       1
       1
       0
       0
       0
       0
       0
       0
       0
       0
       1
       0
       1
       2
       0
       0
       0
       0
       1
       0
       0
       0
       0
       0
       0
       0
       0
       0
       1
       1
       1
       0
       0
       0
       1
       1
       0
       1
       1
       0
       0
       0
       0
       0
       0
       2
       1
       0
       0
       0
       0
       0
       1
       0
       0
       0
       0
       0
       0
       0
       0
       1
       0
       0
       0
       0
       0
       0
       0
       0
       0
       0
       0
       0
       0
       0
       0
       0
       1
       1
       0
       1
       0
       0
       1
       0
       0
       1
       0
       0
       0
       0
       0
       0
       0
       0
       1
       0
       0
       0
       2
       1
       1
       1
       0
       0
       0
       0
       0
       0
       1
       0
       0
       0
       0
       0
       1
       0
       0
       0
       0
       0
       0
       0
       0
       0
       0
       0
       0
$ROI:
1
1331 1635
$PRESETS:
Live Time
1000
0
$ENER_FIT:
-37.406231 1.986979
$MCA_CAL:
3
-3.740623E+001 1.986979E+000 0.000000E+000 keV
$SHAPE_CAL:
3
0.000000E+000 0.000000E+000 0.000000E+000
