RE	sigma_RE	<E>	sigma_<E>	time
0.06785056490061114	0.0004372164838521633	1492.804471882856	0.33819513507477483	1h_000
0.06829607882635094	0.00041300786580482834	1492.4213256651062	0.33489260035820845	1h_001
0.0691071063230953	0.00042743796223117594	1492.8519092376373	0.3420614345658352	1h_002
0.06811731548831235	0.00043335224855259427	1492.9898435138152	0.3363197147470848	1h_003
0.06805218262188181	0.0004100471191514114	1492.7823251212264	0.3370361710673581	1h_004
0.06856769793109876	0.00042931245094383533	1492.2896372400658	0.33974478559930466	1h_005
0.06758156179826032	0.00041288848332060737	1493.3978046643645	0.33743433984439153	1h_006
0.06722708222113746	0.00041498242175477926	1493.6044380645762	0.336776096762672	1h_007
0.06785133613241572	0.00040932263022031826	1492.996007124386	0.33549091058829283	1h_008
0.06759278113091947	0.0004176239470067768	1492.9820542336886	0.33595613221915094	1h_009
0.06736006268395417	0.00041118136441546963	1493.0803336304239	0.33166872343851134	1h_010
0.06771716404396662	0.00041372430999925085	1492.8941478661795	0.33556982545280534	1h_011
0.06924884670368568	0.00018134262188583712	1492.4173600640797	0.14837531006192772	2h_000
0.06918477535979371	0.00017985606763320936	1492.09607317699	0.1482244713186058	2h_001
0.0689904151056168	0.00017828793662001997	1491.8053017542732	0.14756891285684906	2h_002
0.06910079677189336	0.0001782242395499356	1492.1130632215868	0.1473373501948986	2h_003
0.06901682354661529	0.0001819594631923494	1492.0191803698128	0.14734062003695	2h_004
0.06915932835620159	0.00017849976371739015	1492.1848010529598	0.14765704911079972	2h_005
0.069311575458696	0.00017776318842977658	1492.0032507989647	0.14803636761127548	2h_006
0.06933899179796385	0.00017502693750268266	1491.7924000757073	0.1474326637287021	2h_007
0.06935790169127273	0.00017907942463151348	1491.4086697276812	0.14783578333700173	2h_008
0.06914622326984221	0.0001812290300500128	1491.7393950121864	0.1478676448671181	2h_009
0.06917956521367748	0.00017645229264218803	1491.4104725308132	0.1477940911584058	2h_010
0.06925257458454802	0.00017961476098202618	1491.788461956004	0.14857039309694464	2h_011
0.06924960532018272	0.00018039450069010074	1491.2674868881072	0.14791022093821823	2h_012
0.06898067810350855	0.00017736674343840305	1491.109622871114	0.1476305465262125	2h_013
0.06946548317474407	0.0001779671628345852	1490.8402776835644	0.14806278081202268	2h_014
0.06922358789873034	0.00017980071298647705	1490.2261049846088	0.14785646246192974	2h_015
0.06890519264778978	0.00017589538390515405	1489.6611615416584	0.1469815725866819	2h_016
0.06888179515792824	0.0001773734816767177	1489.206054140013	0.14701667585186484	2h_017
0.06929036887130086	0.00017684444960209118	1488.9866839030065	0.14693853370488563	2h_018
0.06901841234508366	0.00018068629528129995	1489.0963097069439	0.14722627852512596	2h_019
0.0690958601592768	0.0001779963125450732	1489.0627572173928	0.14679333337798445	2h_020
0.06933759815634347	0.0001810953981390471	1489.0172566029134	0.14774534799410774	2h_021
0.0691369495791445	0.00017785469187061925	1489.304941237483	0.14695756515804465	2h_022
0.06956210100040142	0.00018183216749881434	1489.215879811339	0.14888614259539226	2h_023
0.06941761544393119	0.00011890619598904908	1489.5926162952428	0.09952333075803105	3h_000
0.06926956176820132	0.00012030618708247748	1489.5518122147532	0.09952477028555598	3h_001
0.0691292367070827	0.00012111607641277861	1489.8869055941445	0.09942285916451296	3h_002
0.06946314241749439	0.0001223284646390285	1490.2621560031116	0.10025164750426528	3h_003
0.0690813613991878	0.00012045114520992044	1490.282052184468	0.09938650698502749	3h_004
0.06919723794611449	0.00012229302155608004	1490.093126591821	0.09968940772204342	3h_005
0.06936861680149671	0.00012195280018887538	1490.1478762283011	0.0997963170777102	3h_006
0.0690682666457005	0.00012017464705328338	1490.0845161821123	0.09918965620885709	3h_007
0.06908443688880393	0.00011996311839202871	1490.5080177624673	0.09960848781415771	3h_008
0.06922522271465874	0.00012171106613356844	1490.4835358791586	0.09970261357743511	3h_009
0.06928330630459084	0.00012174435724719475	1490.221184856949	0.09958503171578882	3h_010
0.06931749023210018	0.0001228646632986924	1490.553866964514	0.09973576867348595	3h_011
0.0691729483240857	0.00012054631114189074	1490.9642306986198	0.09937144291313077	3h_012
0.06919767359277153	0.00012257661620170612	1492.0217722210557	0.1001398479279277	3h_013
0.06910317742644516	0.00012032191426817476	1492.055785761803	0.09957710781117214	3h_014
0.06950190525180923	0.00012138633736047072	1491.7554519576638	0.10004248815468109	3h_015
0.06938734936681544	0.00012254154131920215	1490.9300551892989	0.10005367131485879	3h_016
0.06926502579019561	0.00011983839341010232	1489.743403461564	0.09934461073554018	3h_017
0.06945544276647286	0.00012173901154174897	1487.7503496900954	0.09961320039844915	3h_018
0.06923104058197575	0.00012291106291406406	1485.5915189292214	0.09948048380910496	3h_019
0.06928325802947395	0.00011912288427460996	1484.082142364145	0.09890921840863642	3h_020
0.06916795015273068	0.00012059941282097032	1483.5823873868203	0.09900121202958373	3h_021
0.06937945969773196	0.0001229498957670899	1483.5002841297044	0.09952439735609844	3h_022
0.06933748762882534	0.0001201979499358975	1483.6688145203993	0.09907832215214216	3h_023
0.06909974926308615	0.00012125019505827446	1484.2813268429418	0.09899933572237168	3h_024
0.06919567919264277	0.00012005048737543129	1484.1671582836893	0.09887089840866813	3h_025
0.06926648391132639	0.00012323248950697855	1484.06293982557	0.09933407842520559	3h_026
0.06929533122491421	0.00012238717071209394	1484.4136090099191	0.09962215039620799	3h_027
0.0693189384537211	0.00012251817535231324	1484.1136222019247	0.09958591482657078	3h_028
0.06932723822192609	0.0001241224183200872	1482.7481243084528	0.0994805421376629	3h_029
0.069225394506721	0.00011929080897752568	1480.9724495235673	0.09893481246078724	3h_030
0.06919344109426967	0.00012006684966698998	1479.6732501300107	0.09853015275135714	3h_031
0.06918900741109085	0.00012172092127088496	1478.862122087878	0.09892403384293902	3h_032
0.06938018990927773	0.00012011860746016007	1478.7882661881683	0.09865639237545884	3h_033
0.06924784434845095	0.00012145776800612498	1478.8169636713974	0.09876307201502607	3h_034
0.06924311108843419	0.00012256459680615612	1479.360987696267	0.09883779047129734	3h_035
0.06930182263776555	0.00012254607694287768	1480.050197404971	0.0991452634607744	3h_036
0.06932516122857807	0.0001195246736705678	1480.8913414962728	0.09876317711323376	3h_037
0.06935740717463487	0.00012341215973346185	1482.057866760659	0.0991033452429308	3h_038
0.06918176977627807	0.00011899601582691669	1482.933300059146	0.09885452408760075	3h_039
0.0691463210263629	0.00012270105068987037	1483.4081495597425	0.09918576970850806	3h_040
0.06909194442678883	0.00012030766986560389	1482.4109268502582	0.09871036241685155	3h_041
0.06928429240797539	0.00012340968555723655	1480.8387267306848	0.09903579904368535	3h_042
0.0691372126289576	0.00012024402628451616	1479.1868276040298	0.09841194212363988	3h_043
0.06922691516269701	0.00012296938681814445	1478.0968925529953	0.09881167068093033	3h_044
0.06914290698004533	0.00011858724862074971	1477.6896797328943	0.09817718001696346	3h_045
0.06913552200082099	0.0001210345028944508	1478.3360270511273	0.0985288970533257	3h_046
0.06933641192157222	0.00011861898188056597	1479.4710365538026	0.09842908006682402	3h_047
0.06940493687695268	0.00012057196550760366	1480.63271874902	0.09886557549528897	3h_048
0.06940370683246629	0.0001251044887897054	1481.5703665760916	0.09915539902230627	3h_049
0.06917593606000445	0.00011819331346682192	1482.402957716486	0.09861944794592299	3h_050
0.06911018197471422	0.00011950124964894684	1483.4627217087375	0.09849342741208655	3h_051
0.06942446223584475	0.00012080508025111477	1483.541345196908	0.09925615831084944	3h_052
0.06937691511340431	0.00012052008201993599	1482.6236060494039	0.09925885526034059	3h_053
0.06927107443453671	0.0001217534398575124	1480.7590247668543	0.09886648628482345	3h_054
0.06932221965941295	0.00012084608060623307	1479.3701814949045	0.09891195131929659	3h_055
0.06913647872474121	0.00012149749692309404	1478.6647666307163	0.0985841919306626	3h_056
0.06923033628688564	0.00012129351091523932	1479.1948747582812	0.09887277632076377	3h_057
0.06926926898883673	0.00012069311249510716	1479.4596850903292	0.09878911961165543	3h_058
0.06932950865338408	0.00012060765413516661	1480.3401599077345	0.098657541754831	3h_059
0.06924938741491408	0.00012127063455698108	1481.190308210083	0.09889122745348858	3h_060
0.06922494966472129	0.00012126466313742789	1481.8058941952686	0.09883353969513915	3h_061
0.0691653862369935	0.0001208566600608668	1482.5239451841194	0.0991914637555981	3h_062
0.06911904556991082	0.00012097013494586357	1483.1339647166312	0.09894067585113826	3h_063
0.06937498180639443	0.00011930700746366224	1482.5812246728124	0.09884219343956069	3h_064
0.06931105625211115	0.00012162327449775876	1481.0576910776683	0.09882011490804783	3h_065
0.06938604400584011	0.00012176880718868231	1479.0141472939017	0.09918091601733472	3h_066
0.06942151167388835	0.0001207241485617448	1477.5220434895298	0.09891853485512718	3h_067
0.0693545961563575	0.0001222321828177676	1477.535532886471	0.09866687522912128	3h_068
0.06903844392911182	0.00011960096138010547	1477.6713284749892	0.09820336024100289	3h_069
0.06904104676226931	0.00011965043734875708	1477.9061275011227	0.09844165084672563	3h_070
0.06919386322067225	0.00012128888019059726	1478.695451813849	0.09883119837514248	3h_071
0.06922103570865197	0.00012048949556351814	1479.2850893255074	0.09866174066621318	3h_072
0.06912591925597285	0.00011935853595917354	1479.8650018873661	0.09864940654901257	3h_073
0.06926753947088668	0.00012408790184858547	1480.588967841365	0.09926638924619892	3h_074
0.06932220311079075	0.00011851528338992015	1481.001317844405	0.0985948308154793	3h_075
0.0692377354501612	0.00012165970567564769	1480.4685638021738	0.09918141819647534	3h_076
0.06933344913483427	0.0001203639762322855	1478.6370960107117	0.09872169312496383	3h_077
0.06901755494235998	0.00012230460451493724	1476.8585257979248	0.09873364049299463	3h_078
0.0692426610586575	0.0001232634700751648	1476.1598335487251	0.09873097072898977	3h_079
0.06910782542336653	0.00012131748754386512	1476.1057114388032	0.09838456581653156	3h_080
0.06899181009638576	0.000120801116829943	1476.6112204390072	0.09833315715677299	3h_081
0.06911578293849482	0.00012254735162398961	1476.8487525534315	0.09879762457838225	3h_082
0.06908205816204059	0.00012269588533959708	1477.3538780545857	0.09873877085361127	3h_083
0.06906669677027515	0.0001219786117150136	1477.9954620272883	0.09869335787636045	3h_084
0.06892028249507345	0.00012080475287552424	1478.3972428732045	0.09829805583229904	3h_085
0.06907490591960329	0.0001215423901303524	1478.9723690112894	0.09864370079918822	3h_086
0.06918197776265915	0.00012202981190392828	1478.993544534778	0.09896805321460957	3h_087
0.06907004584475072	0.00011992318412231961	1478.1092066155177	0.09853819569501145	3h_088
0.06897630607821197	0.00012178463946522296	1476.2959644557934	0.09839068179329502	3h_089
0.06918623779002585	0.00012117133535958717	1475.016705169306	0.09846092203067418	3h_090
0.06924893797448525	0.00012115129607867187	1474.7484147619782	0.09842875224796237	3h_091
0.069345598293689	0.00011936183958611561	1474.804345079739	0.09825182574391286	3h_092
0.06918593021061613	0.00012189723465588866	1475.3995101001603	0.09844741116632844	3h_093
0.06918227692098035	0.0001252747201762227	1475.5306624574687	0.09915984268404776	3h_094
0.06926035235583965	0.00012036064307036845	1476.2242974344358	0.09852551054354709	3h_095
0.06912916092647178	0.00012168640562007485	1476.3414626334998	0.09859777126883289	3h_096
0.06904054133102139	0.00012243597869296142	1476.9114137304266	0.09855406714604563	3h_097
0.06945814765387824	0.00012295941196339145	1476.7079730297824	0.09927929104006827	3h_098
0.06905638253717085	0.00012065827953699508	1476.2442811160095	0.09855063468168322	3h_099
0.06919357684567966	0.00012153085466488224	1474.4887680315117	0.09846922073597637	3h_100
0.06928569830283876	0.00011887261734191809	1472.2506831687967	0.09774128194900382	3h_101
0.06921159520128742	0.00012154562483356567	1470.528680906704	0.09814740259688498	3h_102
0.06919950608816273	0.00012254095922331843	1470.3675419162082	0.09832713995474383	3h_103
0.069294189953357	0.00012053818311137696	1470.593583774013	0.09839321799825311	3h_104
0.06918092787802602	0.00012058862558600325	1470.9883422066437	0.09807826883788152	3h_105
0.0692753355166914	0.00012354983358090437	1471.5418195257794	0.09830474115134359	3h_106
0.0693149681735293	0.00012267218451145773	1472.5054098944759	0.0989968524484772	3h_107
0.06917154953135543	0.00011886991812913435	1473.2655360780882	0.09855607271266636	3h_108
0.06926845102700581	0.00012216372262643252	1473.7174360362062	0.09868187337954025	3h_109
0.06903627306008954	0.00012091702911728993	1473.5433216107026	0.09846083576416503	3h_110
0.06912511895791505	0.00012097350230526275	1472.6067395369837	0.09838285947140026	3h_111
