Number of photons that left the target: 825378
Number of photons that interacted with the target: 635916
Number of photons that interacted with the target (2nd): 325997
Number of photons that interacted with the target (3rd): 157771
Number of photons that interacted with the target (4th): 67209
Number of photoelectric interactions: 29349
Number of photoelectric interactions (2nd): 57027
Number of photoelectric interactions (3rd): 54624
Number of photoelectric interactions (4th): 33622
Number of Compton interactions: 606567
Number of Compton interactions (2nd): 268970
Number of Compton interactions (3rd): 103147
Number of Compton interactions (4th): 33587
Number of photons that reached the detector: 480
Detected Energies:
261.50695068013067
245.34169965696645
249.99818264676225
129.48252176309515
260.18451221266207
254.05496938150773
258.75056338777983
258.22004644815195
247.07696860094913
265.84075373062507
202.3713865685884
262.1704407407405
258.5867744294564
247.9880562955362
250.57068093818933
250.54243089312413
257.6941788770557
248.51582807072086
259.6093168249927
267.3474806497012
120.05309160381385
268.2998697100306
261.6566418535618
193.81277358610615
257.07822843469893
212.63190543225858
240.01155735878754
267.5056955049351
267.3525392075946
262.1523645354502
255.75348619416405
250.78681799496312
254.24551219416804
150.7596674259867
247.7953470548425
261.41952361233206
258.203421188597
262.9679727992529
234.928706023551
252.84037915664425
253.7556981975696
162.3874541885026
128.11682081695974
125.25495031264457
184.56424233935675
106.54868221806856
258.56141350296315
248.62078897400804
252.39336832969593
252.5346298157147
262.94057638043284
253.17286602727276
256.0309394215612
257.3786838771226
255.54278148178747
130.03655796027448
255.33216004093757
261.51976232582825
257.8636457140958
252.768886534029
100.73608588601415
177.45712375108226
256.10349100857593
238.13451050204918
225.33540448204602
263.74707045225273
258.2123818460942
256.92605109597963
249.610324582506
110.86611547632502
145.35418224780426
266.2182708675008
129.083045868239
262.6443683832801
234.93861516567972
262.78785726489156
266.8817144179332
255.47905915937585
247.85059575349848
200.48943326622776
255.20108588688257
257.21097237682034
105.0832891036468
265.1116026566932
250.66653181295976
233.1561281847781
264.5484466526814
261.32781424053314
259.88797806636234
197.69145527407946
201.99310567813723
251.60664852704699
264.30652174095076
251.44543498361506
250.12921669043456
103.1622715909761
264.86457308641536
216.10516634385007
260.5240486323129
262.76442446413404
247.75773068264988
244.63161126626707
256.1024859406631
122.22459179450428
265.47812682106445
262.05947513037563
242.20502278235008
249.7294520717585
244.66510470339196
245.99837153819598
255.2852144646984
257.79674078509294
261.19673348413323
253.50578020396398
265.0457800124442
249.04507772089545
251.2014163084907
248.46891846772562
255.5169589318496
246.3732501545088
247.98022742795322
126.27154277064159
257.2222706592836
232.20445385617936
247.87967238708748
224.98977518935374
248.84640529613756
251.58619549203877
244.783491886816
261.80486385716335
252.61448438203615
253.27536149558472
246.02490107187768
146.28141433856578
264.4769433996176
213.5292431388444
221.63522663048752
259.80172381234127
257.2966997821413
260.88021523778144
247.53799056624516
243.7910378121203
250.81857710772294
251.5237372071961
252.32123861438674
214.6591953820158
260.06936638875743
155.3654192853787
253.64064258120266
249.3515818174496
263.12099049709263
249.48563900441198
251.59065761948952
200.76159551720036
254.94773154233994
262.30191343562694
267.1740306815363
254.02621173050053
256.0805718474481
255.19406130530768
157.0553382403901
257.7351361543939
253.74327537225255
267.14778578376513
249.9872852047297
256.91097392345307
255.59317252600425
259.76580077548425
246.5036375458597
261.29915531027325
249.54312852242538
253.80996398591518
264.718980047962
254.9100571541693
257.82044913714964
262.907554622974
263.92416583916577
134.5104653371492
247.24925440729325
149.4689826755232
246.34522887209107
260.65095125716334
260.57947558330915
163.41080330916415
250.2000077878903
221.60362328841683
248.0537097215046
246.08494909633504
197.81182860258554
158.7413783089477
141.5514107108634
250.42940403628302
173.07883175143485
265.6468294340859
129.41654878642274
256.0273942386623
176.24551727878807
249.46338836245698
252.5151908048556
255.05106967164144
208.591321666356
142.95586164479553
264.10857026078787
259.9561563742601
252.49576724703195
245.99714490742963
246.67120453012603
115.64504758656133
101.32808266058449
212.81790670015164
109.13452721967087
226.44462795307837
263.5704078093305
256.6223504314051
246.63184181645337
268.7116837717947
248.94323704235006
266.16708671638327
259.8500079065105
256.68585589656146
259.4947361812046
248.1159311109649
178.1386537185395
256.87532209577154
262.00583736263064
255.5371921804683
256.26797435701354
250.8398082198693
247.55916056909285
258.89972270383487
225.47026837761382
203.16701841306332
250.405307063239
128.67817179302386
264.02856263904425
256.86295246708664
253.68058006454683
181.30043515661453
168.66636029601597
241.62521708483106
245.57046211060134
259.68474674747716
262.04771806986423
257.0498621795761
250.1450799565379
118.85242618458054
246.00984370959705
258.71290683999246
258.6155228566658
258.4605852591919
260.7240735016069
264.93650349355
106.42365076711155
265.8307063560195
166.02120315173846
246.1209904392906
254.68388958499202
245.09755388170248
170.59273942669583
260.6716964774038
244.27957189675737
260.7464655972405
256.3993629160153
217.57563322185308
147.35130637301438
250.42908593148587
263.4487125510355
253.459733613186
256.08108121478176
247.11554408225862
207.5506351500486
254.72573360613575
129.07324158588074
251.60708790956338
172.57840448221026
247.83029096551442
252.4475031707762
250.4824267957218
262.7228575022918
260.750279929675
257.1537505965151
252.35728395391885
74.83886888180888
213.49655886490262
250.8405196500035
265.07043104773624
134.69468701794028
172.85596985145992
220.28794045530253
259.80328570273537
261.34603776493475
252.33697074278376
246.83443478065584
247.23303263839858
252.69301028781328
142.7188820517116
192.0963791821652
257.6147586163451
246.32791440853424
248.14893600011902
253.27252397031114
249.62156803796452
264.46581616115145
252.8830899678254
264.74340358245763
228.2357576492356
147.95483347354542
254.682897831957
253.85107870557692
255.87422789940712
252.5358775809292
264.99161224370266
260.071110862029
258.39323515566895
244.78003044491615
252.1912610341972
257.8296381714069
265.87726219053343
253.1074675184032
248.00085988710396
253.80232489433718
263.0258907720878
252.7802210191037
254.52523239370086
177.95550416377537
244.58315916970156
256.1511656816003
158.61040702914835
260.3187906966288
260.505241166074
264.63069386907506
252.33962251635432
258.2435950440202
258.891683760641
249.31547594885586
257.9554210927462
250.2544930536364
257.75317061443644
252.53863406932965
250.68009161421688
247.06082534077945
250.39735043964467
185.56501083824227
247.32069070515067
217.70279434641654
267.08822545487453
249.05667866009537
146.46782823759327
262.53400829901096
218.97713044042806
132.84270790720177
258.3022324333042
257.8849522755812
246.70830380121666
244.69708632779444
130.07557499435677
259.05371502019915
178.7413249815842
252.69692536655464
250.67630037874304
248.66946309511036
245.87478635742863
160.51316767136194
262.59250825422697
224.3512701849076
212.4362697802995
251.90610884087968
219.92106917946117
225.74383196473153
251.53308385462972
135.97689217981272
126.42038201388664
258.0160419090224
258.19732215464
251.17990820352566
250.39532930876604
119.73937543226229
251.3815728623182
226.71225730689315
231.33574010517728
204.5171858936017
182.20191465364306
247.0764022878894
261.33096010136614
254.2882585308555
259.4193582873914
261.32898712877716
250.31969529222965
214.8023532407628
253.65605305646292
256.10595093261315
254.82673682257993
260.4383478899855
140.0554743516645
261.7481514298319
248.80913552796557
219.06722371711396
257.6344660816598
249.88958628916245
264.0125775345688
129.98554233827636
246.66251745533256
254.75514498467945
258.59769178008526
258.86811203357297
260.75933687110916
253.17403696143958
255.391085213898
262.07415574459577
250.75254754625306
256.27701345379387
248.77691963977503
142.90212449818233
257.34537949204173
251.67410402320593
177.03210931520582
119.46561302055484
255.4192698570708
250.29898129918524
256.25948935228797
135.29620988339005
129.67354607255967
235.29965375821422
253.83154578461716
254.17698325363511
101.97793231654228
255.26351259670798
254.10149118999362
173.45636525398456
258.4030008827143
252.73014309575916
247.15721096458867
266.99385260247215
249.98759601040499
