Number of photons that left the target: 770257
Number of photons that interacted with the target: 763414
Number of photons that interacted with the target (2nd): 441052
Number of photons that interacted with the target (3rd): 236373
Number of photons that interacted with the target (4th): 111230
Number of photoelectric interactions: 35000
Number of photoelectric interactions (2nd): 71915
Number of photoelectric interactions (3rd): 73707
Number of photoelectric interactions (4th): 49121
Number of Compton interactions: 728414
Number of Compton interactions (2nd): 369137
Number of Compton interactions (3rd): 162666
Number of Compton interactions (4th): 62109
Number of photons that reached the detector: 934
Number of photons observed by the detector: 467
Detected Energies:
282.34011956395574
313.2147294121467
190.21060946295512
312.72404274416294
97.18249114118693
164.75159875349314
183.68939819628542
116.51539575487426
79.08427828554066
16.55575888944551
4.686126060632497
254.71904776675794
307.95673530253947
304.651491630084
166.8602127510297
309.1771879119029
312.62583597344127
318.78798347781265
287.9994967597243
43.046666154532765
0.3856670291423063
8.12883124177513
303.84455335393096
15.439682116812318
303.2431345268044
320.4214727266041
238.5903138134359
306.4625459187865
314.81254384710985
90.99045462186686
181.40718509877294
198.38040311952443
146.05481585546295
14.926183691074167
306.42793226965915
127.2114577885863
317.5362870128977
319.8369383506996
131.79414490396593
326.64918210514867
228.5945333710136
322.4262341578086
322.3668588296987
40.06403037868478
322.3034658019778
276.6425589656016
327.30736689162177
299.27414655517316
292.43140426894064
296.93178133766963
226.34356942702968
308.2371257246587
162.46925198026182
1.81389386009962
256.68057293621854
5.870360063937672
309.378375870115
172.1843595993289
307.5232884591989
303.36026849482477
38.3525241469959
144.8507358236775
291.88012485137205
218.43884115855383
319.19163024354094
249.83800578549415
307.64764175395453
166.82917045202583
0.2581785021119461
154.0780113099603
148.3956672382672
149.363773423241
305.38747455596143
303.9409898206586
152.87272984376514
294.0291198121883
305.0260888348292
304.12739026083057
2.856141556427679
18.34316068291138
316.2841254436912
144.84063757223183
139.53567194511464
312.31202141319187
311.25647037754106
318.1808286645808
60.24971352901088
157.16083621415467
138.4111293027641
311.2678959007063
163.53988375893474
164.1302870631376
86.14153796501064
302.2377191804941
157.77945449385845
319.43312419081474
309.33555767266625
4.897819351698265
310.12276515894933
160.37340680425606
317.09418531730506
234.1420299624002
200.58323865008586
290.9524771356164
156.79415148451497
246.8070069539754
295.9434357575159
301.7089534550835
307.53769344458914
263.07218534448725
150.22458040751678
311.5539424468575
313.13534896998624
29.089623953670213
262.3514956387342
265.65075690293395
245.9153693595034
16.89917433337358
312.17968966678154
286.4259253390353
300.8159054928236
292.0923448407657
9.261082350683248
307.2768062189197
309.50081011230515
116.79648982459707
289.10300759394215
119.30775633510846
23.813142893598688
16.57182094054696
140.91042787452642
79.86045398940821
314.09528493760087
324.2204394283732
52.422488245560714
144.7068684548577
173.0468940093924
34.39944525643295
164.24915965931888
141.21312455531793
5.829149442012128
3.807798084994918
176.66666373299
161.68729593021885
286.81261005953
50.60936142849043
305.22655450713313
307.16987548261943
4.365023808327007
88.58421044732735
306.9927248285228
12.333402869823507
13.466034699085396
323.72447851414364
169.75306819944836
143.86401782677746
293.5152410682812
0.19882981144655926
293.23801344508576
39.03403918851798
308.5432044747046
320.53414608988896
300.55507525106617
32.04480700079815
30.25617928016894
35.544689113218894
81.30340551452554
32.024600109464465
180.6798619556531
165.5078513410842
321.1572124847618
280.6272639395503
324.52076541582437
286.48342139923994
291.751630619887
245.82615630129575
121.5298197249413
2.476810418739352
308.44544186767854
4.655429249224436
314.1245394267967
321.3734772280503
327.9642862814766
310.8038877603463
167.39383900272895
310.9228082482116
157.14947264219987
305.8455991555572
162.94037951317765
159.26358739358005
180.35334929810165
302.45223643379734
100.3655465861787
0.05333154176689246
158.78815430805182
55.15295466050702
321.31832075540405
314.0690815562896
34.83033480796127
105.70029805510615
313.892286313853
320.6764828490751
28.308964450333573
185.5432953064983
314.44548833782795
307.4475538685314
142.07725476523578
263.3259010152405
69.36420651695441
127.40198535839501
45.19827163282778
237.45534487356468
197.9031376694735
158.37610019436028
0.5236790628813347
3.898006661436449
68.43039255574465
320.20457652701424
323.7844323751276
1.0724680681227317
264.12891419346
288.267195300011
297.076418060693
291.12756020896245
323.70400934780014
330.74998452277185
303.10197386789224
299.20827470550427
90.3473157985706
102.33944529386784
73.26732324201664
11.089801610746353
325.2253440646614
42.784032934831224
319.890354153442
312.0112321247782
74.8075340478095
334.3869621184244
199.94905686115507
153.05369636151843
295.9085637859629
172.29617832015336
167.7237003138084
1.8282812500668415
108.33703528549148
307.07003826289
133.9711145107548
137.33362667755688
315.95122815332104
279.3902042057735
45.161720329943165
19.390025181457933
316.6532775278038
166.14308117337504
136.5405444765392
323.2159687666525
300.81451138290345
318.0939052826784
304.140159247909
300.5304804078009
254.24093122797478
313.5575104249085
221.62557771346303
63.77338811946567
307.9558989310672
239.59824362528028
286.88865204503304
130.2574994763435
162.3952721662921
162.4248117491513
50.693652133564214
324.6514174516965
189.94254354711876
297.0111209724709
285.6012340334588
147.69546105608347
139.70649594302182
249.901037413696
179.3040432672539
142.00712377958808
160.6852595771454
305.67535702326086
134.32973317633338
305.9753922715463
304.8334174397867
151.79902683392538
64.90163928364605
2.156530279012132
316.37112348330834
284.5447552398601
64.15876689203068
269.0001538555785
291.9160925865245
6.1428083052511395
0.8106931534584648
319.07357739758567
294.87411285256564
145.04876887817997
294.0677241507758
39.118433533049306
271.8957784368046
306.70597337994764
9.67740169361971
20.466989098392002
170.13770496495965
147.7554158561542
324.4899883428347
25.06387130103626
228.0786243008585
8.96692878470014
177.6972181869903
324.26775186812245
69.46446358813039
164.6399086087279
7.89452269653818
308.1409642577724
216.90504891952193
17.146952062254886
78.0710012990564
296.1339879120115
290.71039141949
244.09031400767321
118.38569731281265
137.62030195335308
0.15535346436224384
4.356148182808728
314.68428483578145
305.69226023946766
298.1302143370318
238.58382755878222
142.32004004577684
311.01346075882395
164.76366565150187
0.4609757261489631
57.30667304440197
142.8467629871881
312.94451769085623
3.3862953543728773
122.9549062828783
305.7239793994184
138.41139442046395
26.52967660792085
162.65200373993682
6.045985365868781
96.36865210406187
283.6881411039264
197.66577248893068
305.98330989142386
312.7493477471759
159.12851605312684
287.2771597356947
251.84137824496582
305.8912914414995
302.53610446648116
292.22159660794944
221.46489807856724
262.0939172389026
305.65969576727457
194.95084803265667
303.00833620920156
319.36535680506097
66.64124124548043
323.4077063945178
2.5581531382401543
305.23856030654446
327.8135344038858
321.68653802693126
37.19274618668817
1.4733898470213826
164.7585522452142
135.53992807915122
304.77861320914826
2.2877001807425588
166.94090013910616
176.2694181652251
313.60118591096796
320.86055507273215
35.39103239927165
304.40748494739074
129.69443548610104
302.3634154365761
309.2849109898927
172.84168485649946
297.38526515436763
303.57165099566083
320.56342376036645
318.67214177278026
0.517285802373171
175.87502367127823
62.90301308386191
301.5967947626444
0.39592070090800735
316.59438330522994
320.65707812939627
309.7352067944625
111.10658619223958
159.81686304833187
276.90127139530597
293.4516261542147
310.40913540557966
46.17593902992786
141.63162281820422
299.75224182694006
39.73865739594672
257.95606118817403
71.23787966007025
208.54812687000316
315.93055142379103
282.58032768608865
7.542066100864022
306.9807131373144
167.86171436307848
324.1591615283287
271.19004585102283
44.93910751033699
277.65657124658503
312.85505802244853
26.207459015463126
288.9393105466163
42.65689766697541
309.6144723837505
127.3501337227685
1.2065061235729313
154.67359252734008
329.3593238440156
87.77652211737596
35.56400420473689
297.5171155922598
309.03020264186625
196.21986073009688
120.57415502417194
142.52880111594644
314.44973763096834
0.3968273730627038
322.23406720817076
237.94584276264828
23.40064587302616
298.98295989586086
66.39790012553992
307.66821514809817
163.73195567550388
330.351919114686
163.97698476169995
38.69744464699489
278.67827396257013
15.3983936192026
27.506636828528038
15.21860216966914
1.3176440053229792
254.9104603432456
121.27951978798913
142.46712855643176
45.880332446371305
284.15010398375694
320.7086397982862
30.15242315750578
66.6846653755527
146.35606118324046
289.46097414994557
297.6181109398648
178.40068474325417
287.35380220038877
83.37508778306447
275.1087103428146
102.12455072582405
312.74323330054295
6.283429669277227
True Detected Energies:
276.3763640053854
311.7792735842444
194.4587004359618
309.8530673214704
101.05836393416257
159.34973547402555
185.68209494248975
117.67660739623845
79.65938014362987
16.851808912846934
4.617678272262026
245.4647074341818
299.7990544725536
307.4950647170062
171.45142839980164
302.2125787313973
305.3826309429618
317.2455860598142
280.0020740193126
43.49968937990775
0.38912261001482307
7.81313539521193
309.0871539064026
15.02565981294515
303.7281294833501
312.8928919176166
246.68582619436873
292.341511693847
323.42633601355493
90.22930089998141
179.47734269377693
199.1371954997149
147.13603434801718
15.017743598717345
324.39599258069944
124.59505707053845
318.18881061647085
312.78504768277355
141.36432336129394
312.8871676174183
213.05993034574425
322.92837064324635
318.53270307254024
38.39191276817678
311.78511244791935
276.60861473623345
314.46396800431006
300.95105084867225
286.28953272536097
307.93327326052963
226.00121372790517
303.5985127129024
161.4839476270162
1.7989983027781022
255.16927907520238
6.049898921262354
315.1794238191561
172.74025418249664
298.118366493368
305.07519252232544
37.91528114901725
146.05160346345318
299.37060358453226
212.248905774831
318.0573528453367
243.94820634254432
313.1704220888336
172.20673832731396
0.2537817142329004
155.35093644510158
148.69928154792836
149.48400992647234
302.03579206982766
306.2393089757023
154.25436249734796
302.37150840194187
286.343325787907
305.33265076979444
2.866185420358363
18.27622925612866
299.2934337914375
136.63202321543574
134.24198783427647
321.4968586211206
299.2456434081649
311.2814071717072
59.34463618860869
153.95456964223706
143.78910691829086
315.64680207699297
163.10022055984027
162.6572036423613
86.7740282319025
307.55688006392745
156.0770792323712
317.17687173138324
311.0181551507609
5.035585402509753
305.68355682009417
166.10806903615352
315.46456424367443
233.666131544483
202.29575842166403
302.85730789389766
148.25224058943166
242.2392909889995
297.6739522210252
309.05443325765225
317.5107837818573
264.8594840358401
152.955416949947
306.702827399967
304.92924722292923
29.52742767088148
265.169407746305
267.53970618013057
245.66248070190431
17.14107698240076
313.4935374033366
293.6021658712096
312.49532237706137
300.45853296250567
9.218020068486396
305.2370836918761
301.92284994810944
125.4250261223147
293.6840848257884
124.96226543162732
23.99356095782997
17.01245165467671
144.58004382553554
80.09193072405506
307.4192527307523
300.2693229248454
52.17372238768877
144.5572607137532
161.27971186395885
34.10149836095641
160.07231908967307
136.55639716824123
5.752339452985211
3.7392093971383815
178.7689662819385
169.23966123040913
292.86031692480225
49.71968565870159
301.86918806551415
305.1384622937735
4.287620657081732
86.0903140117573
300.65188619782464
12.02049928372611
13.327454153621545
319.25615292174945
167.85514711351198
141.60983502289784
302.7124842169242
0.19968409737043658
299.9820597497101
39.92653427261638
303.5334250815639
311.93318610143325
309.23960070169693
33.356507902153055
30.42346857142394
34.38002186445544
81.59092836776813
33.665258400386534
192.12717321459604
165.65030907203194
301.3505294187048
277.80151667539303
304.81790471739805
290.6866461309067
284.4648060015844
251.21984668501946
122.48956112065733
2.5453424019995623
311.9045693058697
4.623792570370938
310.67629443178276
318.5875310311186
322.8245976984834
312.4294688556052
175.35395174355892
315.39702469257395
149.21097259800536
302.1971706062457
171.0443997131997
157.75429646763646
192.93047580719107
310.8553907028209
104.18013066981243
0.054035974295288725
161.95318821205473
52.44818810501093
316.7809343261583
317.7840481264619
34.41351007615822
102.36635494140668
307.1347470190816
312.89522277457735
28.76570348332973
188.97253728517296
319.2641131422804
300.31291169707566
134.73653079857695
255.04254056689166
69.10129922375484
124.47159942792982
44.16065575583872
234.58115096301984
200.31337658427057
153.5985347145051
0.5425925497277717
3.791990511411541
67.74700566792117
314.19802577907143
319.0665814280001
1.024830945221538
255.97251810160884
279.7772993582901
299.0160436316404
296.5429152191465
317.55589884637396
319.1891589535525
311.5973505878544
294.5543989577358
92.49593927189301
99.15744391363792
76.92982667059792
10.785115588760732
310.26118555599203
43.44533624968682
301.57238497142424
309.5994323858152
71.33573824213451
324.73962392791407
192.8683216412257
154.98389409832154
299.45402904438316
163.92602375482025
172.71446723468634
1.8996658613829709
114.11737933084322
300.8227573517883
136.73138881914218
139.83775618128615
308.8229357917929
274.5851795449808
43.94738658206796
19.787007797022483
306.51118674229974
170.9095823039916
140.0867280745852
309.7015656900962
303.74048200138986
310.7785604520506
308.31162887777725
302.56117885300284
257.58826321272016
324.9890933756865
227.80675348888266
64.10042470918876
306.8109743872107
242.17661824733707
292.5792997464114
130.54264025850114
166.03182859674703
168.14681606585415
50.80329444037204
314.1949576566303
196.30612029602037
305.9842164502128
296.5992698016046
142.97610975812393
138.0347414341737
254.96160079982158
172.10007292702355
141.1287443943393
161.2728788627126
313.06503209569905
134.7862759887546
300.0591964433581
307.267894201645
156.7653060351243
64.3029209017613
2.2399356855174233
311.1628563472582
289.46737363127846
63.76416891375743
264.17228065094787
299.1029755787339
6.1320355591007
0.8013060857056189
311.49731069431436
299.62621726928114
141.45623063085586
299.4570456451309
40.39130663792042
262.0093316055938
305.9399155015938
9.791325517436064
19.793644258194547
166.50445576364794
152.1780221799293
318.91385541715687
25.99780502187582
236.99878322575935
8.923158086102887
172.64268387865394
307.45509743432115
70.86962984185476
168.04621852877818
7.54073278593313
309.8483870988721
222.11364724990565
17.11802467347661
79.83179953767828
300.8161084568995
303.9103098996838
248.15532056350878
114.16319806016705
140.20719526137188
0.15306171427494064
4.506003168113978
314.1615164161549
304.51125568083705
312.2567498794515
245.0118197743151
138.62493511445288
312.22219146360004
166.08203741862752
0.4519144455688888
54.507060494248776
136.87007095292034
315.38405395223583
3.278388503881672
126.94603046286494
301.4079268308872
133.7470450756079
27.40585693943501
161.32863980072358
5.975324191265827
94.33260519063987
279.2584587754782
206.2320926475125
309.9602447213009
304.6804210341666
164.57683312426062
303.0118956929883
245.44099242786666
307.47071526693105
299.57007903999164
305.48782914571177
216.31231401542158
267.51844057844824
313.80704789594466
202.21854630066312
298.5438285968861
315.3840905561486
65.60359472065699
312.80656774205016
2.6294123425143425
294.2853553584796
313.4544325093239
307.18892708886347
37.67429312900617
1.5047328209900002
158.615539841275
136.2255786050927
307.66136718099244
2.225586479671108
166.30442040145942
169.58407204760059
320.33807666893046
312.8669178903001
34.201113104415754
304.4922917091052
136.66467795714084
308.44130974559465
310.3226565755867
173.90911328567975
291.31963914090557
304.52096478503984
323.4749472775373
308.30103331577874
0.5307638436474917
177.97918804875184
61.751275856683066
286.57978314604725
0.4232247680888577
307.95259134398424
319.95354646806874
305.15957320050046
112.99463985987262
163.5063865018842
270.0491232456688
281.7688120225039
315.2736859757141
44.181178240138706
147.0719413237582
299.98550392126225
41.22550262138168
251.18278410358113
71.0805630315723
206.69221157702003
319.91483936880434
274.49652201866496
7.873632233684248
309.82942870178255
169.63543014087062
308.55010971637415
268.2872495111029
44.2664026341219
268.8369453200878
313.65164458745755
26.625578496447645
301.4250777124114
42.265911013280004
313.2078254799356
132.93216756296113
1.1700658395864139
154.33163145435478
318.6636760829117
91.60482557258746
36.53721878876581
296.57098367348743
321.48083240448324
204.38404323986873
119.23283414865367
152.44189245666647
308.06681936780745
0.3941771089359918
314.13161288964915
240.35877431574005
23.5445203453541
301.29013613602183
68.10889396761561
301.4560652300022
168.14642414693847
306.2455939707603
152.12317338435005
40.44406322528994
286.0501288505847
15.728618570147603
27.309108023337387
14.930435088019522
1.311901160876971
261.29927606939276
113.59918238012389
142.5900244972882
46.67466338636768
301.3799232449079
315.04403347662054
30.96216971259861
67.81910066064313
138.29112300309407
285.8249257417284
312.25390065854975
185.5255544330607
286.56050509351724
84.74267332904896
277.66332818253875
103.63457800935046
305.72615659500065
6.485475733053022
