Number of photons that left the target: 769448
Number of photons that interacted with the target: 762191
Number of photons that interacted with the target (2nd): 440291
Number of photons that interacted with the target (3rd): 235523
Number of photons that interacted with the target (4th): 110815
Number of photoelectric interactions: 35551
Number of photoelectric interactions (2nd): 72340
Number of photoelectric interactions (3rd): 73442
Number of photoelectric interactions (4th): 49219
Number of Compton interactions: 726640
Number of Compton interactions (2nd): 367951
Number of Compton interactions (3rd): 162081
Number of Compton interactions (4th): 61596
Number of photons that reached the detector: 896
Number of photons observed by the detector: 404
Detected Energies:
305.7134677666928
57.494475437412504
311.8092514102483
17.01021171680418
23.19911554877204
275.6501633134436
137.88147740704053
323.6595334815008
139.71705285533287
113.87611167237901
309.8215554612558
317.48885390081637
171.90997433028767
303.4643034895649
327.92590539147164
2.634586130252009
287.7809208507595
18.765913343924087
311.6118108936126
305.29277242268466
148.43440598325162
313.1675627799317
27.816380401414197
328.59510438198123
289.2786116390621
0.6353774971483424
204.6370733745201
20.121321414266593
327.01564724048285
160.38077936286484
311.4712188693755
326.55503964876334
314.7358818184502
179.38877937473904
6.2811462614565166
298.99274801012933
301.74468164414384
69.84068623534164
294.88397730845367
299.6504789487121
13.075580242368517
311.65362185854065
0.9179304003411053
291.903319542937
309.0197466187407
297.5978683004695
298.5883643828402
194.91312780942044
305.96842170112626
9.488694130072073
183.47229223149063
9.505652820022314
124.46710485526182
314.3546752196824
302.34810848524324
151.0240991784645
15.619396234874023
326.5835752598777
286.79625020462015
298.3352972560363
186.09276023055267
323.6464667895165
285.0217444538095
31.853926284167038
9.103875226547594
123.23318935906842
218.6157336780784
85.43171849013572
304.1195734340891
314.7857322914422
22.802154590110273
307.00239791056896
1.989437285729931
48.02261524608757
298.2167455271339
320.3864621257556
306.0529393461194
24.64604283592258
129.63200231650356
318.41152568195736
310.609003473829
311.0199518353318
298.66308871145145
3.5661151166761824
287.6116504756876
317.2513437250831
319.0150359083154
217.33929902977113
307.5684113171877
317.52148203236044
234.22806554500107
11.259493834654279
0.016355725112831128
303.1697922876405
319.58033856560445
216.74177178524428
33.79300183838571
97.17410626583668
277.29798399863813
16.510808004267975
304.28750114444006
0.8777607344697843
291.381552688801
12.752042738584914
171.9660096379874
315.5270142820571
8.112634959874057
286.93613675508317
237.218897305884
158.886773609425
1.48187623599899
305.67854171916
1.0245875857626603
287.71693942655344
278.2595431056533
0.9825325000553816
311.84038067956067
85.33499850015075
332.26979236865816
320.05256806540865
179.6941248450972
317.66176855349084
297.61361034371754
39.67880398590131
161.19145756245376
313.2805224117615
12.851339162020784
296.4355919625826
236.51744894842253
43.32314218239874
286.67733333797463
0.14753336631579217
40.50277521940712
194.32562587948274
224.13040497894394
40.05946006666506
233.73945334836597
313.9151497146839
55.432833831167365
331.7928148435856
4.3397818693283385
5.522553370099843
312.5084969196208
8.798994514837247
302.5004807012097
260.43696740757775
304.40510887386176
144.2959880033081
324.586221606257
294.15679609105536
304.5273416097041
7.11809182739342
1.6788016093121476
5.391472021937633
13.562608159865789
324.9348843912866
157.90309165428752
306.57230218612835
293.7045820216403
293.93463992439837
137.40768500475835
304.07912565691294
304.4156170796763
301.57799139521114
1.9448046005833375
266.4934271467389
129.1532931116654
36.252168398307056
151.7401176849554
39.769871118686396
170.29027333205667
62.76308288379314
166.12286722637762
168.46421731843805
104.54314226729005
232.48937346008722
316.999994548272
290.7310684887005
37.30264394291964
154.19326647233322
284.3728128546362
306.2127676978375
89.73469192006678
45.692302370318224
0.46904436446580305
298.65468032413565
163.56816337476977
155.84460610324476
312.792364617922
38.87228336637057
148.9709201732337
273.73498862379694
238.43629125784773
312.81965347061816
126.79991026785416
166.22300962796655
156.33392115018177
311.08229804452634
50.87435199831155
265.2473553185681
199.3332741507142
161.13777717118998
274.00228101466263
287.2333845131045
239.1043136031506
144.94676508341064
281.5692829554879
111.59937630511473
312.03159542676786
310.30370507605653
298.0402009834471
168.58898058593238
154.19760357071604
32.5772850049496
26.99207141665833
305.49047115119635
234.68634986956647
300.1153574289985
257.2635174051675
301.5534769166422
316.23703720256316
183.77095621536927
332.5184990629448
318.01134691266697
291.25484986270544
139.1168127007155
316.4034194176655
294.956838207107
297.46454333130026
46.90834875046862
286.9267796166176
303.87583925403317
313.5677998785657
301.27761483054974
98.54861765938062
0.04072403150794784
260.71935839203695
161.70822099077037
310.8472823080321
163.94486928394966
305.3623657172022
197.18137529959876
179.13631140915953
0.4550981171747601
300.6100107292397
52.2380297617223
303.0826570347093
141.4534664441791
318.7985293741992
323.5722400537328
18.394703591755334
88.97474052387426
307.72858777361336
20.162799873294187
276.15173425910405
326.5118362446476
317.3754838578548
160.9154214785444
320.4877974606191
158.16967566553032
312.9791780034853
91.30674185011216
321.63651517598396
321.66423227602206
317.65811601302255
153.65303136372566
176.159289820792
141.47405014086144
304.0520101494237
307.52451146494315
136.99264743748574
179.2581399310674
307.28071475446393
311.5975556455062
300.3868610822229
304.139407707735
315.23980607866304
308.34360958069817
292.77559063653285
301.5359531903131
188.60245251179015
0.03361744641340779
305.7519716435449
14.47776308412709
276.09627222807836
134.71122225548754
284.37802445903577
313.57488035511386
316.37009022116825
68.57441768766405
330.4304823140651
300.8296592208231
314.87362770196194
297.962559701793
239.28585740742702
71.1475670181874
150.39137311299385
8.13990736657944
304.63203641097994
153.42282223691637
160.025985440566
41.62298532212598
314.10090115151087
291.8513332849251
318.8829594259328
291.54093249525357
314.8011697029246
335.5536073442505
296.2568986114444
21.757970651384973
124.03363466685805
316.5288473610297
76.59076351396178
312.46764482943433
314.97749348892495
11.369958073594733
300.6945047787819
300.7887758377598
327.54306123099536
308.806094791517
0.048776426821260745
190.33903082225336
28.072021654592348
256.26245691660813
296.89120917524616
322.1356511274293
5.848846385123603
324.00142226002504
150.81875171697686
174.66304248280053
133.25167958642825
0.28914427835879086
299.18902958662653
303.310905235273
303.2302996475594
0.13731130818549483
3.827816806726463
178.57815559811309
281.6169854351028
311.11141271536394
255.71487124077623
163.17749326007458
296.6552256938158
288.79134090012536
163.26295241906112
315.5248711314718
45.25328742518093
306.8810307671845
20.439307295662264
295.2563460531996
307.3717750190522
296.23024613291454
298.47675877797883
228.37727643115585
128.24167236481824
322.2209853450884
98.43243594204297
134.8841152308317
174.3112178826745
304.91189853902256
300.9244870535683
0.0009291658899932909
308.9801769014687
307.7252876213904
16.476845828275763
155.64230885612812
151.3331025225567
33.250079696603066
0.000276712110605085
159.62739266633417
225.70999100147293
115.12298970730784
303.7670284547065
296.84790495236757
324.49918438557216
314.78287064263225
112.14455132315818
305.30475541577175
4.578043468565463
260.50128774222674
191.63120120012184
155.08531916337844
41.947300458230465
322.57861008793463
300.08406961811755
46.27999758705301
0.16319323316853945
163.0806501082138
3.882827779915911
335.6171704309339
322.8170421565637
231.89533858666383
121.88517543816351
310.47113297768794
134.57229437136408
242.50312860692588
316.0777271844489
295.3918538069704
276.69435003115245
277.58394742225767
305.2117106966444
320.38823854423146
232.99924963370685
162.52209902094498
True Detected Energies:
303.18871729824986
59.64693407055
320.46899606323103
16.704471459278437
22.570352893821337
280.3758731090882
136.66213937487237
324.2348353807942
140.07259606067063
112.95677133336127
311.54870363607824
305.22937577843385
165.4097939014132
296.94456926615817
316.9213599492738
2.7356405299360063
301.85333616643095
17.52814827457405
312.80460919907216
310.9611797386034
153.48368638288787
313.53401356859365
27.902350000404084
303.20182700817526
301.2997107794788
0.6350499942774377
211.3591861921256
21.810584151086516
313.17758844943165
160.23154930659305
304.59622441105756
313.7935082561362
311.1670842851933
170.22068097758017
6.226531024565929
304.22823431940265
313.7569300856458
70.28161985114727
310.60097062849957
310.59217316351663
13.270272020658012
317.8020136204888
0.9634803264676748
302.42566985408814
309.8755057406335
317.7328463715703
289.08611571331096
189.95373434220642
299.85695577709595
10.019265148259933
184.97370256512312
9.194210436794265
126.92467100624359
307.6618043373301
308.17116571733146
154.0457875559169
15.689797922201677
320.782721623499
301.1025781975965
297.0829094239201
184.96384172064575
320.4592820488517
300.57407020970584
31.19232275780999
9.565604566625098
123.20087566427225
217.74733351982673
84.79518526491995
314.4973778048335
308.7369134770364
22.68686939941273
313.04255233950124
1.9526023135362038
48.865926224571865
308.70675331070345
307.54691567831213
299.6410620477224
24.315503009845372
129.64364354805534
312.2227077212002
305.1323531793012
314.603933821396
302.2482602211107
3.4292791324080554
281.78007130377364
298.01727029542707
303.46796837672036
221.254836713791
305.51932431716693
307.437669784743
240.09470993221316
11.84787280581412
0.017076165192747794
312.1581199964481
321.65997457719936
214.9813659895599
35.11979449522096
98.20803209826784
282.2361884869215
17.098881570594585
304.8017272146195
0.8973568427232408
284.54703838936587
12.375754390219697
171.57837077444069
313.83877648756106
7.949969971401259
293.6820548692843
242.058974341429
150.4083740568683
1.4660583123801985
308.3413858406319
1.0666438444552568
305.85361785406
305.06700737186645
0.9831789239751174
305.05447749395177
83.30774919285278
322.79383107391556
320.9285772250917
178.81612023087277
320.11287325662744
299.9573129131685
40.835798797549415
158.53503396359184
313.5667781460172
12.927892108154651
305.6353087074647
235.77415332507957
42.56477300743484
282.52666556041567
0.14926940004357903
39.79903030202419
189.8652692462111
234.06128501071507
40.54279371162784
231.7890377661307
315.43454106653087
57.47553124141308
322.4143240350563
4.460119734946716
5.51681208778416
313.28443488125504
8.636220486408092
302.27400060087575
274.8921222630516
307.15430747000875
145.15045894426248
323.4505463509151
299.750876837192
312.6631199238895
7.120127560300716
1.758307078818632
5.545283328629466
13.130290044381127
318.26530123347953
169.4714203936951
298.961124130962
308.2994306439711
299.99060708028316
134.0381880388291
300.74297347658984
309.400508663253
305.1258057391881
1.9478283204977629
272.3690291687449
137.63297565914436
37.01207324515104
159.43993936200832
39.869064551763046
164.67500437300183
62.72044498336132
160.2492660843078
168.38987155338214
107.05692877991837
237.68601015599202
307.1959442215582
279.4383559123156
36.3194719189446
154.85557804186433
298.58714933244363
310.813346104174
86.67319788744354
44.958112096549996
0.4489923659537567
306.98897541708794
163.2265108119845
154.01178407907696
311.3618244592823
39.338700700354195
151.90107545594674
277.12018375065594
247.54611596357233
310.3478430034766
137.62395787129302
165.7187760642385
160.99025192876775
308.42688111009767
50.623344775883155
262.9255753375415
194.6406461416779
160.5754896288814
284.2618567552137
302.9659098492068
232.32315963684366
139.16480905959517
296.4571526832592
106.74028027903847
316.7452243087399
320.441728067564
307.0731568199422
171.58429067279917
149.4685549861581
32.31602415053223
26.94903438898342
306.8503285947
237.4852335967524
300.5435527101334
250.33049405755705
302.8646080726324
311.0776924918481
177.26629246907964
322.58836977906185
300.93585449573874
297.44696456728826
138.20023909166014
310.7708337355651
303.5191895321368
303.219063248152
47.234678209751905
278.7693534430203
305.5588735068868
311.2320353978246
306.0058630486544
101.0103953028335
0.040136723054445156
260.5116741767055
167.01914674805892
308.18381032345934
157.12260924619167
316.9357453333068
202.51080715658182
184.66665126280262
0.4628327034302515
309.34527249203643
55.50425185755927
304.3375502084363
140.26732529498412
319.3766819991116
320.72269843067215
18.40942016052759
90.3312320059463
321.2620737116649
19.662323766983548
285.8601232376866
322.2767331645162
320.97404388452475
162.33074169852782
306.2234172269187
163.09681847668512
315.9227943174508
89.93555294235938
315.30184194622746
315.81215809067544
303.8500251382162
149.08334676304153
170.8396379348502
142.18620446639733
314.008624465685
308.7610161240006
136.76964008346732
181.56196015806162
305.0254275105628
318.7038658167916
314.4791445619485
306.5376267933294
311.7941822620038
314.2515328815717
307.0773848656255
302.9457795401775
184.30428464911625
0.03337768586544598
302.1361001018408
15.009082537668007
269.1344866501852
138.92519098182274
279.3336534520069
313.49123280014373
310.5282992618582
65.87440889243346
322.67830651970047
311.18358648117044
313.2976863891468
296.9734485560216
230.32976768987018
73.15710495129665
166.4618431243526
7.734804439032246
299.6667871484064
153.76216701739273
171.20104607734748
40.27864028192448
309.6784728997789
293.4255745340031
319.28325251866966
307.59250214463924
303.9152735821466
316.499886109151
295.46710715254954
21.45322159913178
119.39676519639812
316.0334552661115
73.86371180875128
318.7127866217256
318.79973477372965
11.305845715838757
301.6357550036466
301.68527451728045
321.4439832871865
308.0857431702416
0.04738834825093363
188.58735721536902
27.009986816454273
249.45572108213398
301.9556793531131
315.7323608569443
6.206071643924986
315.8681817573769
156.13336626546882
171.19172388576217
142.9403138337826
0.2755708621020858
299.3007300236532
299.5195564317915
309.0628805678314
0.14087666169359636
3.941985055491159
169.4794458144231
282.05729623156697
315.34872440275893
270.95254083956706
157.15180950591156
308.7829032201752
296.0920595808318
159.3825182986669
307.33688979887336
45.13668619382997
310.70106799749
19.75990153555739
297.829773726891
302.7007223230727
305.8174187726188
300.07912129060304
228.12801186739114
128.5478645438387
319.6337881155817
96.93507339314718
135.76644878790654
173.49484703348014
301.52762187298765
307.3772502524414
0.0009548912373702478
308.8211984243292
310.17613132026554
16.773684424554062
147.29065726211667
140.6785404364525
33.965443562721475
0.00028323988135525724
154.0178839211926
232.9936489502222
117.20178826001978
320.9139712504198
302.01185276046834
316.0907446662177
304.6768570886786
109.31320991243464
302.9177190580776
4.38336584949468
269.6736813324387
188.45444447542107
159.75769450684635
40.41732054239324
317.2448311034934
305.4220616564897
47.281682342120064
0.16316541495507408
162.2001801653205
3.7486427941472584
319.8251534424657
311.4745280479403
224.7651688307798
121.83977357746753
301.92016561963186
134.23845093643075
257.74568423427894
305.9344880265933
301.7593709235571
279.830555251676
260.6140645611632
308.3395461323856
311.7113606178689
228.55777600998343
163.06720441596363
