Number of photons that left the target: 769628
Number of photons that interacted with the target: 763267
Number of photons that interacted with the target (2nd): 441330
Number of photons that interacted with the target (3rd): 236370
Number of photons that interacted with the target (4th): 111021
Number of photoelectric interactions: 35388
Number of photoelectric interactions (2nd): 71819
Number of photoelectric interactions (3rd): 73922
Number of photoelectric interactions (4th): 49243
Number of Compton interactions: 727879
Number of Compton interactions (2nd): 369511
Number of Compton interactions (3rd): 162448
Number of Compton interactions (4th): 61778
Number of photons that reached the detector: 896
Number of photons observed by the detector: 422
Detected Energies:
291.78480659222487
312.4674368858951
305.68573870673225
282.5791441218906
130.5536302323476
159.68462323464823
158.29153901465142
142.91096306863162
169.86428934720422
102.63890488352119
204.6234820813802
11.736331758874785
307.0881890538912
139.65161032207638
83.77403135867554
287.548656311037
185.76682041509912
325.7418581233561
236.8015405199274
160.65369372162456
299.19342440426436
272.9201364369503
157.9635794230385
305.92211713146247
73.86554963053844
288.9209937573631
290.2781160577385
313.17691234115415
314.868999648039
298.8204408632869
18.672831754107538
299.18196472060794
101.34163439502235
4.718637457558224
286.3455852480076
301.42738524849057
59.938804149154635
302.1067780436792
75.80720705610422
156.8342780700314
201.98409770111886
332.5806995380998
5.911508399551635
335.874730644793
163.23762302164192
284.96140651532505
152.7506642521729
143.17571159867728
303.9774181722132
7.365306310854866
52.84856308085794
308.0674580276504
185.80262002326404
297.4069885918
222.5094009444347
299.77353909619666
165.466354426403
298.46636180342995
266.23230010907724
145.68026261632443
295.65911886767793
312.48478685948686
122.62308349894457
259.05539036923926
136.36318047107866
16.08326199732146
312.7581050344855
121.09624103786358
290.94641646089246
289.81532765228656
325.2440394402463
124.99879318505468
152.49879599677496
14.781311920904532
168.1136066954136
18.47817812206751
315.5801718292455
2.750836458198569
229.5620266046664
312.4150357133164
145.96778637603632
257.8406364201046
309.80593268888657
0.2455461370330507
2.7762772566607263
333.9055132833975
14.305272445691761
171.9675503069975
273.8298507568208
2.225225312006999
300.975439807266
39.85570720663924
258.72195350140606
154.48799408702715
230.38806872991407
3.6766089157973347
152.26451364789887
135.70522757879712
321.7404872161784
321.09672991925976
95.53204226415282
77.79521612275768
208.74198142233595
4.145129661958983
115.57205988117083
215.4572999698239
298.6632803104098
225.60911880360683
172.4210419057787
93.61625202417817
299.7786192255552
194.43520114618698
285.51590550774876
145.59074672005784
306.9219414577833
19.321278531222998
319.01671732446096
0.26444548988417726
291.4537450303024
0.46926547539776686
31.234071628693595
115.08600717062154
1.1783558993695782
326.3247412603017
165.18787883285862
324.99577771980813
297.1777433909166
211.56516477817192
15.291885213186157
292.761460798816
176.456211038167
141.19151099212866
153.33686501915005
268.1251826527053
81.25017706613721
2.0459529536813896
0.4859872750246724
292.0143579030106
63.54503757456278
172.23007559369637
325.907952591164
320.10596610827605
1.6960641105230847
324.1043067840305
275.77743347287543
186.44031482186787
318.654504897043
127.32410034047864
302.9404014883468
153.48089616501096
10.771479465560324
321.7317812138437
168.77958290583015
319.57677613168687
144.64080908934403
165.62084405828972
163.74907961896804
294.82169975393515
325.7910750581409
313.33686984523064
148.60598277326523
310.06293223021754
295.1648841039513
203.0017402588879
164.48953240592675
260.007053840065
48.161434497179656
313.25868912164725
4.359671659488182
332.9312109345051
266.44576599751696
0.5950976587223328
326.25408728348145
130.4496349492794
139.35637021088988
312.7824733471488
303.2580407561347
233.53319100299416
51.571366095200915
332.9278985000635
291.03195441408127
322.1204561751345
169.02838333206054
14.28859082029275
298.1200560127662
193.36796324586547
287.29268341291237
279.6574900910098
24.714708087087896
313.0654961078127
272.0516002435722
320.21778274216985
318.61743396806776
241.07600888807931
304.6665276509006
313.9812417181506
18.709269661488317
254.07376737538394
145.38075826186818
124.54652035386431
175.09241803188573
156.94219014538143
8.280663702306592
237.65889849857206
323.60168276324396
37.66106311278635
30.836563543413025
298.66485746159856
163.9941543238687
323.73006183573045
9.639486972324624
81.27222344649041
312.2228445441053
319.57741847080376
323.72699455858753
306.0130700282697
22.111365899797367
292.56392843546956
155.460545466149
316.7934671150599
206.05809264539573
299.29814936546427
137.64791414939205
147.7576087039907
169.67782490311964
181.782435278577
310.3777822557309
312.16512110522586
314.6701659794644
121.98197128942259
312.272445320145
97.38076355714935
24.193396572843522
5.404140863704705
165.56782853849157
2.5975335049994897
139.91965158421158
11.439419512511398
308.9172244291308
145.4996793878136
116.37837065717588
163.1944252514764
86.2696676850128
3.714047535792754
53.281622486409894
306.99943767054765
176.49972262841064
231.35458594841324
106.93558014501482
16.3527740891748
5.495328716265608
111.15169583367236
281.3877253103426
43.215408857591314
72.76401886945324
163.96017383398572
307.26485644888487
322.54046273963877
1.54202713383078
310.9869970280935
173.86068335447737
309.8803005485228
217.51703405494382
308.14296655539425
138.41065019338666
147.4210549155772
312.435343686326
72.97724046700162
257.29726490785276
269.6008110279373
35.92269007080177
107.25430862637099
207.85533970387743
306.2571681073851
324.5024171576847
150.61119493196216
44.54341265247376
115.90514343476332
2.684062754563936
77.7276325676706
304.4100280345286
166.5619791166234
305.07104012906024
294.01040359888225
318.9129725978772
323.2000356918928
7.506415071577259
182.05028087172542
297.55327457152936
117.53177564289584
192.92349471152397
292.8450754937266
60.38516022380129
297.9714605874497
322.868084054438
32.773741547577295
239.0425581741974
305.32126049350006
318.5533436219342
309.5321348932979
11.382806818566966
2.950001519238653
313.3441743724695
2.6540879672235005
159.12417568695201
318.7926893669636
170.5230888031355
302.4884633241823
312.29412227240175
328.6924248468658
307.345399791904
317.70086970194996
303.3388018714389
291.0620264210455
136.9664852757698
103.2069309986432
116.57753783407182
321.67591700584217
7.71269197878887
134.41064741840515
48.10495084474342
246.3873099637625
311.74801466229854
74.3541611677559
166.09676928427763
291.9935978219574
75.63803779034502
126.08991945811788
175.64685612081269
20.810686143537144
337.9610725114035
0.6497946362236497
291.15013277854996
175.52249427984458
323.1419116282741
106.26307193300505
12.615042360186827
95.54681097238432
51.844253844601674
247.7354511334952
45.18839768675224
299.2382823598246
79.45642424629001
7.225049803988783
241.91846287283482
146.58499892399226
286.496826090291
194.5359541635399
0.9857407185454544
13.529802709237096
313.678978061763
28.49834310652551
13.550597370662896
0.21457913176306972
308.0856841442883
46.71143320501029
319.7406185880493
21.383277907152753
16.413580955517194
175.7737154225536
171.63793024290555
12.332761871193213
329.1975927332924
56.33663340849103
243.31418845005004
298.4884749588798
314.10923509468546
329.5383358457745
76.15277120616962
48.665394317878544
177.41632137620672
321.6173339221105
310.269515806742
311.629829025817
312.67476081031447
144.21226506522055
284.37222482649383
52.37260187405997
61.35416141583006
321.3807204735093
311.7907221759675
306.529918797586
272.75142715907447
304.16796302266596
172.19500780711238
309.0939172770059
312.0307747164295
164.66350261088837
145.96614279517684
101.62604066408234
264.5828636514568
328.5438190195802
25.973286491265124
328.37008350930387
294.34283010277363
63.886432833916274
259.6173510275437
311.6940693445503
319.3525809561513
46.45287765914997
25.51700557819003
287.3379295123128
187.84741934108325
155.28718192037954
221.2400642204776
133.1888318721123
291.707975426291
256.91744103894956
300.78143570882196
309.90485939091894
0.014548626773122606
293.9909686188901
15.23548814568757
144.38251478631557
283.8405780470074
295.4084675373617
18.02409806264105
326.3469000007703
304.7125750946635
323.09482697594825
146.89210424121072
8.412795821835896
True Detected Energies:
301.81184005924473
306.91453010633376
309.79583021475776
271.71925385291206
125.8700024754992
161.22262816860564
149.60132667499047
138.93500335136324
174.103864123743
105.20430939568536
213.30914672630243
11.89713958859818
310.53948378435456
136.20345161215988
81.74188778568643
296.8744337178638
185.354748112503
307.72711791294387
231.81965464951753
157.79984931256655
300.6065568245146
267.7429576112693
157.21847572296136
313.57418580507414
73.13464003763744
294.3858515620405
297.76272320142556
312.85355574803185
319.2976600919662
308.0712200123292
18.529745001193447
302.8895347393874
97.03225414347597
4.585939520108013
277.6858493122595
300.75963852996625
62.43593152156859
306.5108548619487
76.9251066284491
153.90729431281608
207.07657312795493
318.84404201198527
5.7389249892460725
321.09970428451186
159.76911547752255
301.0559020285151
149.36957718814617
141.84188521305083
304.6523079319102
7.071422556882396
53.67331981034897
301.69573315385423
188.50902879538543
318.0884426981969
224.12580457151537
299.9799524517544
166.4328212568484
298.0560504937568
253.10570377661114
147.7370994255473
306.32601193806477
307.0593656954396
124.52027840062658
244.55455497024954
137.7082115769266
15.762735108320669
311.8498895291882
124.57498447983323
295.3617387426255
304.7955725736577
310.2449704462517
125.13463137434323
155.66625982237323
14.351680102121435
164.36138781475617
19.653488871143566
316.06063958888143
2.755149373006759
234.61367579850733
314.6556981349018
144.38622751814066
266.9600874393134
306.64243179763236
0.24988349034896373
2.8628597913194653
317.48496649184057
13.630859646486215
174.48977106070907
264.8623928219354
2.1904288845263125
312.6644597702575
39.87977911409422
262.59065984969226
153.25277506299295
230.7682337005122
3.7193663957940544
149.84789571612262
134.84838098335337
312.32131391635744
322.86798126485917
97.97920634189177
76.11065272230834
206.57938399676308
4.268089526079677
118.32431651637589
215.67548909718093
296.2260504684957
230.78903567372274
176.40960875687
95.10952073082328
302.1158796071724
192.501644379865
296.90496026886007
152.04521638871557
317.62737130795523
19.958978144921048
323.6836272500078
0.2675975153681236
297.15101420855586
0.49173973040007013
30.294284447732934
117.46518245726386
1.2031116239516564
311.81595366741027
173.37481137894252
323.00017942332346
302.5781242299871
217.45963992682724
14.281337842630137
299.48611439735737
171.85734280981242
142.22630739179218
155.3782514481053
265.1549213907974
82.64745739057754
2.086908898291256
0.5088491164373181
298.6186438266642
63.031867478066204
167.37346648151225
319.55617730674373
312.4431245321478
1.666159274711788
312.8748408881871
289.04155448578325
183.2292142673293
319.071684517648
129.927283435864
300.50139603244435
162.5747473639816
10.617984925729303
317.7521038883531
168.98101133178997
322.2131103241831
136.31482286833287
164.42472762297353
161.3805031920903
300.1917724915846
321.160893539794
301.0565975703395
152.4544229738929
309.6805041422178
295.7893955074567
204.31812638675459
165.67215225733892
262.07981977966716
49.12007778738217
305.21576863558175
4.491232799200304
323.3148416206025
297.61601232604
0.6210401190613766
317.2963075166159
128.99871354765608
140.61624755714226
293.99310087121
303.1369556236271
254.1015634667695
49.501440123115685
314.36592872992355
300.03341382787875
322.00232351283216
169.98178526156906
14.432470637971278
295.4289499187271
201.62877775098588
298.9949194461428
301.6514011369546
23.904563167407787
302.3685547181017
267.66160887654553
320.8538008455697
321.2144670062835
241.97611418080248
302.5643824433061
306.74582017808655
18.54629527628026
267.1372637787766
141.05558669719002
123.77965245544492
174.81182912078148
160.91358589343955
8.154412297709257
236.98684328641176
316.7019127898526
37.51745283823652
30.03386241062941
292.73685395756286
158.995379827774
322.8692493014111
9.658758955650057
81.63374604381016
318.09403860697614
301.9801242562658
321.3010304842677
310.3696728515683
21.413252885055613
295.42192100872796
154.14203958117542
313.64113208206663
202.42468854517057
297.1391256609647
136.5762500041042
143.91125729800993
163.4203871626313
172.3454774111793
315.08844477011627
309.48692791944546
309.02403103126795
122.25738592967792
306.53507672859917
95.9857662316821
25.18928905308468
5.584757108134795
162.3623045625524
2.5422449919113888
142.29712831800538
11.62049955884936
305.4951893139737
143.45773877522154
122.12514600982999
163.50302616477853
87.33969014412358
3.564319062373386
52.951943403819314
300.9918128316578
176.3598318402676
246.9722873489288
108.10630674783533
15.99609709889262
5.4428525053621115
112.7548958912468
283.48486549296405
42.5823008291097
72.1185580420875
162.02303213203268
309.8511442914835
313.55617861902215
1.5679567575634792
297.8821006576606
169.273507118865
320.05649953707615
219.42917646757905
303.51302274481884
136.6395421046009
141.5217129096775
308.90892734291396
76.06120510263094
256.3251812956584
275.03854399238793
35.62448097440546
108.78484878318994
199.40153632293715
313.57321702530305
319.9871272874343
154.83556721909468
45.968492111496886
115.5878906482173
2.769929993734081
77.14729709547905
308.0929958990423
161.53956739538793
306.91037864495746
305.8034263718981
311.6043450249466
312.4007568374935
7.506601071607619
176.99299305888664
312.544755712519
117.8099770592769
190.70483874195008
284.5721762529184
61.46880608586511
298.39451463245996
322.6703451416001
33.4095350198923
243.0863601072582
311.94885635403693
322.77986922274016
308.93253822518983
11.35608989066668
2.9480637459161017
311.4181735238009
2.688286125083266
157.6584950717914
308.0898893888632
169.30179581852562
311.30765567044915
312.421475134398
308.2981965596159
302.2487651115688
295.9416391693798
310.85856023191354
299.68407762879554
135.74379823526672
104.05124720014325
116.98802980893922
313.26329332455947
7.768621862445798
135.69334329339722
48.73582639493435
255.73704942909163
314.2383133782372
72.53974565597886
155.4053323528605
293.59359147292895
80.32559495019817
124.62070546119524
173.57378282828063
21.259833510455167
325.0471796612656
0.6350841088375319
306.1316788694713
167.36404810477273
323.6041182932099
107.40841287456612
12.728641270248943
96.81793259740957
53.515141177287035
252.9833571341115
43.3247057584436
288.3158000213784
76.85911275588458
7.0467203442817095
239.75517986301955
150.35159257422643
308.74263734656245
197.54836031873722
1.0281500917677988
13.76112668972172
322.2996181175174
30.09945530732591
13.030382787947303
0.21582110349544337
311.34251697496444
46.3578765466719
316.84508248085734
22.067929333726397
16.72941872632026
185.9363158939916
177.95060467856618
12.563774722913536
322.38754658438256
56.08743778053528
261.9813857852001
319.4500567575253
312.0721103712428
315.88745541692117
76.28721790712629
46.70099060597454
177.56686934834894
317.9515428783514
298.0748250174545
317.58679415057094
324.53060346696503
139.87396978094108
291.27954727734306
51.06986802719686
60.98847271996465
321.3505349669311
311.084102249162
314.16042624443764
275.04991078027444
303.5911669512679
174.77499952581726
299.985391301574
311.14708711112115
159.23040798628085
149.00977596665734
99.62147125885355
257.6796500184988
323.4503320761326
26.62709012616517
321.28668623778117
302.2854498222857
67.92019914176717
256.02901781955217
304.2867145197003
321.8881638907873
45.270252443862375
26.03089810629291
283.93788441806055
189.70218037928944
146.85820662405916
221.57304103218803
133.9958034380475
294.1113773487441
258.0572021849859
308.67912183874756
313.0736610073632
0.014281253854733222
305.0684015021281
14.688658142220277
140.67080305480613
287.7525749649313
303.86062966771743
17.863719158287495
321.11623407565713
316.21297587963085
314.50390878189955
150.5564828417974
8.363770294602375
