Number of photons that left the target: 770079
Number of photons that interacted with the target: 762694
Number of photons that interacted with the target (2nd): 440398
Number of photons that interacted with the target (3rd): 235652
Number of photons that interacted with the target (4th): 110829
Number of photoelectric interactions: 35016
Number of photoelectric interactions (2nd): 72261
Number of photoelectric interactions (3rd): 73387
Number of photoelectric interactions (4th): 49257
Number of Compton interactions: 727678
Number of Compton interactions (2nd): 368137
Number of Compton interactions (3rd): 162265
Number of Compton interactions (4th): 61572
Number of photons that reached the detector: 886
Number of photons observed by the detector: 441
Detected Energies:
308.8073755722194
307.6804667586416
105.4569201302752
301.42367071422433
100.05183898772988
303.3207731138892
54.54492684180551
3.5290392619176476
160.82500598806058
48.204259153522116
247.3486208937238
1.655638698204208
169.19837368037273
308.8197497740548
298.26338705657173
289.55422453317374
301.5420079990813
156.15571300874592
18.31952518641399
57.67561945200865
296.2428426840416
299.1074557954516
141.4990148796604
137.70871673997274
80.20498393393176
316.7120722941833
144.8944749776551
200.81235280927697
228.2451638281267
298.70074938054944
311.6952299083779
174.65309467076315
312.4313965104814
67.28359392625032
139.88584371667284
313.72337333074256
145.46856353232914
143.7089234912615
192.79211627111485
322.7680478185224
137.86375709033496
0.020407593198793733
155.28319273585032
318.98158730217864
149.60705924598108
297.7433901486412
16.53034134660476
305.1589225878939
32.47132763333383
74.2932223152306
308.815470008205
298.1635262105028
309.2798490956164
304.1182907889302
308.8667765938132
252.84683919550366
292.59618198292924
11.6667042450231
322.9616182989823
145.7523556087312
323.22376854605153
162.554501512205
266.92482780492094
46.859240358712654
157.36213870531418
319.35948444724266
272.48399302778193
143.8185105388044
317.41611701246654
108.62273980175173
307.0170989159902
257.59191863884905
200.8024878934872
305.5904076828957
184.1082295714019
194.57896370399033
34.97725438830329
19.257583687150237
112.11948636408344
114.05351414996191
294.68360289386044
112.8036963670314
165.16115442032626
152.37759365529698
316.5352145351786
302.6373449589794
309.6456070067495
18.375649023208684
321.7693582038505
309.15183872491065
147.30696616740585
274.6476443894424
290.4047536770164
300.9200030249823
247.07105009999918
241.09160550464085
305.4124481697718
170.44166518799193
94.11277783636204
327.9768584831404
140.981151369821
138.8060544069781
9.009503745146192
10.298031585659299
242.87111101546077
145.74672471141815
4.660751335899872
319.33376876392884
5.378688248051445
297.67677185558927
190.33368571087323
318.3815785671792
262.2302486371431
23.675610147584976
148.08558847868628
0.38414659643445287
281.1523297880754
263.5265507941228
274.54653766035204
65.84442998011394
302.0358721531609
0.5284414189210463
230.9507656551513
141.65054423206007
297.92837070345877
2.379143355233616
305.1245962660376
242.3214745570976
169.57229756777943
313.67283870417356
188.59265344167736
122.49805686062736
265.29814833182206
19.49167961508421
293.13363403579365
245.6725652535844
245.52416352269725
2.1332816406867754
4.519850076101025
312.40354353844657
6.001079212213495
310.2812596793371
2.9034211626615907
8.498761790823426
266.5841032050369
323.77344536659814
7.225758569713326
324.8594044542766
252.83350259996612
319.09667736225015
0.4856788233459093
303.0691755137486
16.495203220270117
142.21004793699814
307.5683242955868
311.2200722249771
14.513285843082858
160.02115941442335
145.63852060336893
159.7612919379388
53.92920499930338
72.22394672097757
308.76871846036533
131.3153082429614
245.40117141965368
165.88653250209904
312.12810791859454
169.59039036253722
34.786768182131276
301.1285174272536
267.2329267150896
295.0746070512059
145.82228404086152
222.57698854377728
162.92564127296174
168.67595569943137
327.8114889557535
297.2217263936949
55.19038764924173
295.8134692555777
303.79339420952886
25.529916848859344
18.77211791594332
308.91288314688194
300.0366141427878
291.3374287492461
303.1407591092975
313.0822017226475
282.35040028780656
134.9732738126768
297.41294276860054
123.96291049158228
31.938519940514645
218.39477617420764
205.58978403532728
191.98689678646736
9.274878702940747
325.12940838531864
285.53339675460325
337.07523908848134
254.08674849659428
168.2310142599306
220.45467823476193
304.582233365619
4.152602777798841
290.8238768488162
274.9466441051944
320.0548043120246
22.02410358137179
299.8096831719031
183.06280064314964
212.09130168425295
74.7758176916158
291.5534745416541
325.6749038875088
3.0858119181187877
293.8565034625211
174.11031597402786
165.74191428868693
24.932916823467746
309.95447711981177
49.82370902430881
0.27310663387509015
194.89932186792802
122.24489166836142
302.42440243909897
315.0645074159067
133.44652801876586
309.49585217841377
3.710422286270759
161.84808973739106
317.17316558631666
298.275595231089
146.2876597914721
19.260109579591873
309.5514345218087
290.9245343788315
132.32019500703535
294.57914473034714
52.48480402450213
167.69039971357714
163.54889345291915
302.2858522528577
71.74174302399004
304.6019981432554
252.70636987609006
170.79108170373237
133.71317524260428
315.8859898052752
180.43747726471972
286.32987308431774
250.55078875879428
40.30647877437927
159.209143982441
16.7408497912729
232.27958840083488
59.60255058060477
321.8169767866991
312.3606540909498
279.3556939543672
282.595862061085
312.80686145949346
231.84169055664134
172.71965978948865
261.07973301178185
283.72883578113704
10.003587654055167
283.69477617516986
0.49067083366305153
316.88648453295747
297.62785930293154
304.48192788338184
171.87594149692728
312.51453704054455
297.52649185443653
305.014125795571
313.1954648080047
306.2378466820678
310.407275722256
122.93361815215155
310.6166480535202
321.8840045802827
4.564143802558154
19.913165978407662
290.0856661878525
304.3948114899487
133.62165180361546
164.30084195004625
121.13756028076664
17.278401556573282
114.50178421550207
310.2096773483874
317.88330182467564
296.6749525446824
302.5826551843529
297.2477838071697
288.9545388512936
307.3462721902073
314.6787291827387
302.7458808253682
14.578787648730405
280.95492594541207
162.2674177308323
200.13815790295615
118.43510887382297
205.38603822553733
303.23187033219546
290.1226844241522
248.6426256488103
199.5141625076835
292.59954918922773
303.07369480365213
117.32690685582365
125.139739972306
289.73396819962255
332.44193857538494
6.932925268725539
221.37882591721052
131.97430011513046
125.93624772042875
312.4000674647674
323.8407133363927
47.388307452122746
325.151028939203
58.06905289442731
309.634156801213
304.98578473531774
310.22216804325194
182.77974430874175
62.575070242966305
26.237063836229154
138.95371533475665
117.64495167269996
115.20213518146615
300.31065767171305
316.4345909203282
11.65126289573702
313.66685068936664
110.66889858135526
164.11282981335253
300.2368897543471
278.8544102027885
318.80791650346146
14.04663650690922
2.3396882516213053
151.6621402337586
243.76244356529233
278.49462484962066
316.15783062513594
324.18560998617073
295.66227225055155
296.97922604824026
223.74182635954386
290.26631206539287
154.03127079745548
310.5003581156987
342.3101578653411
299.3899489972064
180.74878845243
65.97437454367116
23.777003596935458
321.37678216587096
304.4678049807035
306.5772469967656
19.30791474316327
310.6343418181959
267.099383815151
56.99001706336062
279.66353065660843
140.5709475763732
266.15319715851854
78.42616873309571
156.4482767094988
31.310469564113085
290.06747005259024
33.89498057995248
300.6827234302115
203.28202107232013
312.88073976530006
19.593269488780244
292.0788007953458
157.11023198243666
26.35805981394134
245.38430326893027
268.8764851848202
195.73502900443034
304.2271661842097
174.93187025121426
287.0453931887312
310.7525622119717
299.2437530406463
328.2960487633387
318.3789153542299
171.54367898882813
294.3028017066472
24.38357465455341
297.00928102231194
4.62650294408087
123.11851553371514
298.49466710179723
152.37131787740245
315.1350157282058
313.96152003776825
315.30859803133046
0.0631962318850534
157.30206450368297
295.55712982701596
16.247999286867188
130.7224155963618
302.23773872580205
55.75942846150803
308.50941218906564
295.2022348654529
328.2139462914448
10.943620741052902
240.42659731793154
327.31264884822076
144.21975186552376
23.715940397056134
177.77030779183966
18.18914482286286
68.55143724044929
303.33685306979004
204.52448584505566
0.03895431178786098
134.23587774554966
306.68539767071263
310.14246759266416
291.62701331833665
153.58713146901195
44.93548133629618
84.40000920953446
216.21345124015426
157.31460145442472
212.80582770035124
307.30807533842557
256.57654321884314
84.13025123904454
304.5495830511771
199.28549750202512
14.060432481882875
True Detected Energies:
297.8664949624857
310.53205262656815
102.49206017662371
308.39185144455405
95.56240066247148
299.03516980477855
58.20389565333528
3.30774640241998
159.85860603520138
49.2976844545705
255.87121228499709
1.7071637519355818
167.9238728372777
305.58220752256256
297.98955696177285
279.57454181111
304.92207836445266
158.46816505751931
17.945573732335504
56.36890735141009
298.53517481964184
304.009776822283
140.41721672895497
139.16041789339167
79.74617413944529
298.1512167161713
146.01850881206772
197.92205423394236
225.2091831243846
300.97462206324224
312.8097526884639
162.76393026118257
303.6990695983665
66.4201587463975
138.6620135429718
319.82917452179686
145.91106454220764
144.99749882268253
193.967346059448
318.92451040811295
140.00429366658003
0.019964404883864972
152.70378018288494
322.27807186830074
146.87474212460182
318.67259884037134
17.149984422338605
315.3684822435504
31.74184679557311
73.61405860920124
314.30093823203526
298.9256899743807
321.069075708495
293.41793794432436
312.4825091284472
254.8644765365496
297.53876601769525
12.363189790367755
323.3164917695467
137.9507739603985
322.0146637448214
161.135099172923
266.33336074767095
44.43354340110568
163.9124851383402
312.1929590784824
283.6459838396627
142.07400327549553
318.5263395280191
114.00052675433145
308.2142711662536
257.80951595647764
203.93353828975808
315.7373333672423
182.47290705666475
194.49881779272806
35.723424615216004
19.184798537418715
107.57825380720351
109.43358154915205
297.1580157858773
113.36159725836838
166.3217189064813
155.3964871819213
314.73524151516847
294.4295192612944
303.6246465736319
18.030604353098596
312.19754531383137
315.57702990529253
142.73269688385753
271.5326561889584
292.8335439935475
301.09028912296543
240.40467744949288
239.67375764014196
309.7568114735673
170.50087592547766
92.08434266978985
322.36162759709583
144.5770352874208
134.6859755883805
9.400355019537528
10.366036908634783
248.25875444059434
148.65733318610873
4.555037461507197
319.3177741235014
5.240424197116738
303.5741621752656
192.75426309920925
323.5305520738008
263.13034687599117
23.917703087797577
154.6940942297726
0.38857458236998355
274.38781770675985
262.9668857768033
289.59622294837925
63.65196673780616
299.9337032754065
0.5179090583415018
236.47561953959502
156.3570408705741
298.2368362050545
2.381714506567164
312.500709690337
245.50352010406172
173.69629106980116
320.07864165861906
191.67816368680482
125.50370290024773
269.0016962229668
20.260038652736455
285.1669867424245
249.14232018391596
262.642000573322
2.223093543067165
4.3661647585428796
309.2193119934137
6.411533311586993
308.5849937712406
2.911276283983682
8.893388087731239
257.0381427813684
314.42547330939414
7.585349773201301
320.44521495533445
249.1968252110992
309.31430285031115
0.5012440603475738
299.7650234067595
16.571740026523003
141.88956138413158
315.718831735805
296.8314818537137
14.116037293012369
159.17575400584255
147.29400489973227
165.13863148163375
56.1048365388844
73.94578192467398
297.84265701618256
141.0070206184582
248.41741713568774
164.1668870233945
309.0270412304956
159.5036209739468
34.61364525903997
299.57087886816487
273.57959292326075
306.6307987300048
143.90094708712274
227.6848545291862
155.9007925531126
168.3034048991401
302.0091271068178
301.42866879191774
53.359458390048246
314.55185669576906
294.6433495247595
24.945649221549246
18.472767216516445
321.87288912176604
298.41655684328447
298.37213671005713
313.516703378133
304.5438375686742
286.9227068181662
140.26184363996757
301.99936055427855
130.99021034944198
31.593832049403545
221.45534930561152
209.0530055044773
199.71235392377642
8.822897271737872
316.38911903421206
285.20656443529634
322.2815854995316
261.996831913378
159.92271913672775
224.43884881810362
301.1830227415535
4.276329968688401
285.3185350773186
283.21175903545486
317.48159399908167
21.012959554255588
311.5585470491113
187.1830361752128
213.0205692162858
73.42203309189415
295.1679331280273
315.8104104437794
3.11628033756557
304.32205693419223
175.1821419142324
160.47090293974935
24.657995447068856
307.972806329363
50.161966403243014
0.28573856660671026
206.2357100068176
118.23563182967312
301.92244697391055
314.81596912438874
134.53892386057203
322.6271250821062
3.5024087886877737
163.79427380173365
304.7676760305136
300.3910831435919
145.48522272805116
20.074112339734995
306.1494665833394
300.7854459178877
129.28182953103627
300.4855198601504
54.01415423170144
164.03178735561815
159.62717430182775
306.2064638658372
72.91345065697482
318.5237506559828
252.7991742883809
172.96896447495868
142.66134671098575
317.7107196201778
179.173664225738
306.3478798565595
264.0437284567566
38.24949326024887
152.88969255926963
16.61692211241001
224.94032876524201
56.7045508605172
311.4485318475877
310.5316258247469
289.3119514010841
295.94236720949857
315.5162477922902
235.65814083658847
176.44006224212595
264.2063917538595
281.58367272938096
9.80580999182547
301.50754246005766
0.4861760708391216
311.18057569794513
302.9767579939443
318.6673386802347
167.5650062999064
314.505944475686
304.5012291546498
310.0864379487932
301.9814245915296
296.3808593652305
313.32404219592587
120.9347408598401
321.1507164866761
313.93158322328964
4.545820209640453
19.80437842761347
297.04421269618956
307.2830971202827
133.3588569865647
157.76232630076044
123.58707725622
16.73481124522175
113.07473348731477
302.3261366584063
317.972570220299
297.21562349741305
309.07723663524916
302.3955833065007
310.83215711059347
311.6963976446399
310.7350576339434
298.58528307805005
14.785208187921171
298.13880215927395
160.5224832721289
199.70301774781572
116.20104213592974
215.80118836093973
311.62623326694194
306.80800408584463
246.01316397727257
198.59482354056024
297.00100570546897
304.56449629333156
111.35304531834826
123.69477804060588
300.49310752964385
319.99909425163315
6.675320065270114
231.41565495438743
135.83234424722596
127.2453237237312
306.3923230706199
322.7456826955841
46.984800556053045
322.6211841162684
58.656526151728514
312.2378469710488
298.3830427070342
301.76919481082496
176.91158959911533
60.47653333057997
26.037542541059622
135.74358520625174
115.79277359898916
119.15500075577674
302.5931265110641
317.59099262103723
11.624086015599573
319.9972332484418
118.37288292627304
173.5177022401272
300.21340602495195
287.01078537608095
315.9936729487457
13.599082240366556
2.39155644047338
146.05453580526282
233.39155372151507
278.4268940586754
305.1520496926201
312.3797940889197
301.9926855450644
290.04083880124784
228.96045046440213
285.51422811695835
147.1160173609025
314.1399278202764
320.97671194281554
316.2268111684422
186.36744702035097
61.372575670959236
23.464953648318726
309.2866256256665
297.2642632902147
310.77624581684245
19.873805894980705
316.0636845837918
270.6452958673447
56.776372046903646
296.19995452841005
139.77636893817171
271.4362143380772
75.93164635714089
154.53404696840198
31.530325664545956
304.8721274727005
34.555149756181805
304.927548166962
192.5050807747155
307.53505196335544
20.176911783145613
285.03258496969767
152.1759570599307
26.738239948774037
242.60178038575307
265.3915645864293
201.6669314070479
311.5609348202511
165.2393020247713
301.2084119147703
315.04542341947325
301.7576755329725
319.565840704643
316.5792890994909
164.52465856524353
296.0599986545103
24.476546234216755
299.9493523228614
4.736567517560928
125.29928248030494
315.6170742915123
155.9990422450003
311.257351524709
308.5974916902765
318.2138220422184
0.06216676351775163
163.41158452130696
310.082474472835
16.681137177572054
129.4537346224404
297.288290646383
55.068770936358646
310.4956697241461
285.88022972162486
319.6609912186231
10.936665275114933
240.24899980676042
303.7121869347708
146.4418594561082
23.16364200972913
174.42934137392325
18.0938309295301
68.03438994615266
306.6881081662679
215.0909167390648
0.04193981106107003
129.66507202798968
317.73266624718576
315.62541173694257
297.3014805283042
158.35646160839303
46.279371212375
81.68306286462678
207.00743288538135
152.94000862815417
220.25115429072565
315.1414426567107
270.1350640330199
83.95258941035038
301.88530289252714
196.7582217738232
14.574921965648969
