Number of photons that left the target: 769145
Number of photons that interacted with the target: 762667
Number of photons that interacted with the target (2nd): 441376
Number of photons that interacted with the target (3rd): 235805
Number of photons that interacted with the target (4th): 111166
Number of photoelectric interactions: 35431
Number of photoelectric interactions (2nd): 72626
Number of photoelectric interactions (3rd): 73473
Number of photoelectric interactions (4th): 49325
Number of Compton interactions: 727236
Number of Compton interactions (2nd): 368750
Number of Compton interactions (3rd): 162332
Number of Compton interactions (4th): 61841
Number of photons that reached the detector: 966
Number of photons observed by the detector: 486
Detected Energies:
314.31309107904224
293.24010249995763
14.29973168061654
254.11928216600197
326.1792247938142
296.75136792415503
304.95929307388604
318.16942510131054
315.04715135852683
172.61794600758154
74.12080052586835
290.94104868666676
268.8041100499459
20.82945147120026
317.66385612188157
315.60532400745154
319.5082516766078
111.77585692684141
11.086694257095624
208.55041540758953
290.4736717938492
302.5983881526852
329.9191351270784
307.0904583437615
216.21450254373696
137.16821326541947
9.238595535381496
308.1711275773947
308.18123425204897
169.4611292645194
8.920597887004797
10.000314314009358
289.68030598981505
310.9245312370355
231.333397355399
321.63921179243306
8.781138754986664
319.2138688910894
321.2479146883872
54.0375282495506
148.03877372607343
139.85334201085305
125.8305749664243
307.1788556609393
124.39483197558955
314.2474087735538
33.37213815847989
114.66045525791749
194.08066234192603
44.36036030155612
211.05740364204902
4.463547443086592
52.614974117573134
319.2424772847314
288.11090946441044
25.63608270975985
169.88164888625616
331.9238324714504
274.0560684192198
77.61958104261163
0.2828031921707726
291.09425856018504
289.5287649022257
169.40590210828094
199.40671853147722
149.74055624765177
228.69808647194844
20.43579685012767
314.73590565687283
140.2092164370443
332.8931085978635
286.92511273386674
229.39845068031562
311.31485503986295
26.08979955928038
160.5204758571245
119.7743889510575
252.0021777256348
307.1620985109189
318.4933100298269
220.03384064454093
283.4225150656647
4.567136518459134
297.47303529370566
21.57023709868261
325.6742594474357
323.81085054150543
304.7887847042737
7.820580759622304
230.40378515067638
284.7231113340697
307.6197441974711
313.66568078411973
87.85139957016357
234.31986809755844
226.19064369261326
309.07776587798577
298.61846678844955
110.8013088901184
19.145928413910333
317.48024181661054
53.89093771565116
45.80720746885863
41.76135827994105
119.58037037703467
198.20264966655373
315.802642079572
336.33945143408687
319.47482610699706
317.5058510598204
258.4137456345288
322.10779830760873
5.312234552821538
175.69453708815425
308.8528184859939
219.5120258347118
98.06037406808872
307.9054710111661
128.56430713737248
313.1465748797723
191.66459383197997
332.9950051312369
308.8534925984252
4.202557230746692
289.43684364202085
316.90894705686134
177.7139433341168
258.82860755059403
3.0880611282636337
216.6840681711603
312.26427292282705
311.1526401347681
149.20337455803508
35.50446558410058
287.0544608791104
8.290399256378146
261.74031384839475
131.13554230555297
300.8259403879071
259.75596713473414
301.4241013292341
20.643822258893398
305.01059190639654
310.05591647551626
314.8205514568023
300.5240147051385
299.5685646013737
150.74423992487021
244.01815896006295
211.91168837036983
95.74317030479776
205.41034053611338
112.6648319696096
279.7800499332837
207.7868812894015
306.26278152426227
302.7574853228646
324.32194965897236
221.60469001595774
284.16314618787595
48.701596269092114
32.46442267128923
34.0038058903549
307.676059432756
215.579079016782
204.20499477091838
298.1561187381677
320.817493377122
329.2340163283892
0.9447474002404208
297.6301490711096
159.82973178976292
5.81315677712408
164.5424358744068
290.6969780097534
4.963764279893642
70.89805381613085
239.64738670819338
1.8704230689946335
1.7824431014916942
50.15197724936789
317.1192614635646
292.0746643675711
24.468472068308074
76.5637615702876
203.0159997188244
302.2586017515616
251.52895439647662
289.47395157037226
122.46703330140421
183.67628840550594
307.10812627346354
311.14720192923016
322.39803312639515
159.60594264418052
318.13826979988727
292.7372865504342
9.019205598493215
301.72859466756995
303.6614077309538
324.72527756319676
322.5721057305669
320.5203564152831
294.42293075403416
155.01976507931775
3.1653501953514827
306.91156730290174
0.2190609158346059
234.32780696764587
126.272369190878
318.308223273294
299.8532634806242
5.371836790915575
121.14431752817839
83.19839162740828
294.34661774288764
126.64322779656031
328.4532338819547
153.26891769892066
70.70815402780792
32.94803667925071
0.00284135385840903
152.73121288144165
312.55001239700425
305.10154115211014
319.302726321724
281.3790995973397
312.57121510561336
322.77532192818757
155.84637037419722
119.3451911423269
289.8365618621564
143.60411725117473
312.51881982853126
143.7927960503269
47.95686009747154
204.23061567408072
87.37968875626767
23.38786584442842
21.562194111841453
343.52368687867465
304.2398991106307
258.10192139714434
290.09693434559006
293.9325445200222
158.7013120953708
295.18409344440397
6.0400424184954735
37.696156467893466
159.3805964944392
279.33593369533696
0.1578883282945711
317.4639756723332
96.82287060277223
134.82718167797276
311.8094480411001
331.21325615757144
320.28348040254957
320.8252375107969
181.10144204586203
302.4425717378166
310.8177585115232
318.5951026622726
30.730088035976102
318.70364258681616
17.644220952656504
149.220521352007
61.40290279414968
209.39211393436236
0.0066618046996608235
88.12741486490644
156.4979801447761
312.1355433047009
274.5264647089056
284.6233354677648
170.5843596592517
325.40848433517795
39.42541032319743
195.53459614153388
311.774263280857
141.04577102467164
134.5528421936467
35.515814722179215
303.8165419291477
29.10087970766625
8.360592645424738
228.22988379047007
159.5460293126329
101.68978321474124
182.99881243542106
9.064440375398005
145.79145202100707
8.589915901273244
291.9656759967089
318.95608720190603
9.382023084640966
286.66406719917546
263.3179667281805
146.79976156578584
309.87203726769826
295.8454988123679
163.83006253544218
247.85027129318235
315.9565328705445
295.7708068667347
242.1653114101121
186.562037905569
138.34953607091947
306.23284202940204
146.13025786333873
334.12035841432163
216.82944455673064
309.8769057173354
313.3042769823045
298.7674911941512
311.8544872043377
316.00548529344735
135.00129796099716
294.63466440700233
35.77102401638203
127.82164143629593
212.58390089075434
303.92991509383756
305.7376805657608
149.33876840513017
290.28777521790715
315.54877210178773
21.53228207442889
145.90943891633853
33.72607856643321
258.28108448687
299.4326354299879
327.0075292693193
313.77156769178964
291.21260184073935
275.47484217926586
314.93948823656353
322.4071819516649
329.9855533931846
10.036866603847038
329.57813460782506
267.6036727900462
145.21418811207607
76.969362832014
171.3128407957663
318.52541751041383
254.81028738625474
0.20282246589317343
288.5932455541741
306.20031893699417
308.8378865458752
4.739302000509577
298.3327791316108
327.9848331239343
225.8634158485913
319.00313694914814
298.4975401640872
4.262037216593602
285.6364630392297
318.84799516850063
159.1184658422988
36.85897303811383
25.27062566355806
163.14510276868918
309.1097839799126
166.45845786409654
188.3015269323919
326.8947045361266
13.9433824229552
2.4151114533212246
126.00150313373766
318.47475767662394
294.9520665606
307.33218338902924
272.81509061959673
204.8448047152776
310.05588370660206
6.2132449488318375
23.676562496272552
136.29144509432024
153.18610497775387
299.2655056168892
295.6196427160458
1.8794022319726627
296.7787110332468
142.28797571233432
314.92424904541633
150.33165316332892
240.2488569729307
146.2152104747373
2.041456463161244
42.23410266046362
258.5470392688945
136.23630337292718
177.24815339646784
316.7669245349815
322.1563670193875
301.5739818622999
322.9813134997626
294.9647662299694
49.58561705738027
292.8183788634619
180.03900557722443
143.10580735759405
18.89325153277689
165.29754306153552
72.39278120121826
325.8708331943502
305.17395356868786
249.18696468243087
255.73029322737952
0.08364179924792788
138.18229093509515
313.68310078292257
306.4612941827593
308.939347210761
69.47958233672946
27.978586182338148
99.33420767449327
3.3476234410457195
0.0207203652050223
333.1430610555429
319.5488513658432
146.44332518109184
158.90917333477375
301.2979968465352
5.482748880916878
338.3198272059117
310.7157647062845
309.35303254789574
94.27411562742509
269.64232025273293
105.07659474518951
266.6903420985592
144.89902195673503
265.1194183062855
194.62675527153206
304.8377664850492
321.7833348492013
191.20211998793968
198.47387937185235
287.9491663940073
302.1969722788178
290.282644829598
105.68386550271752
43.22073537290386
132.5746739094466
313.6150297909437
318.75716528843907
329.1632325032426
308.85285151644536
60.9753075900267
148.94930053628843
169.00359892819165
320.4494021920953
188.0356092292084
301.4584229143482
28.28491154321855
302.39589951150685
27.306572767317682
169.67408431072786
222.91558315443285
323.8438486848016
316.9350975009241
6.3369239558540125
317.7980352489695
322.5099717630583
4.382217812453993
0.14247691147507371
49.45392469526938
134.68340184383842
301.1097841323529
122.85175220227396
121.30241543974671
111.62236609499803
289.4300447318281
320.2266440662071
275.9713487463043
81.6284735704058
0.5056539403329434
284.7707856206852
310.1499305174294
144.54377965048013
291.13682996183104
157.805373510056
271.354471912973
True Detected Energies:
302.34155495672536
301.8495982371865
13.468655575201069
267.29337321172636
320.455503943017
296.2139820621496
293.6719912290357
313.69589863471117
312.24967414267707
167.25162338002772
74.00829318127336
308.53502230000544
271.6908754942125
20.763198817846842
322.68287967638594
309.7247806470643
316.95955412482743
107.10192397483422
10.896139389024825
212.93884606025392
300.81977835443934
297.7840155569285
316.56480049610934
316.63441321512727
211.1096962609634
136.25618461816435
9.289172645614997
316.3795931378184
300.092294055442
161.88430125924953
9.059578391305593
9.884172602422666
283.92188895909555
316.6255149251975
216.76852861629038
313.28608170099653
8.990550399644007
305.7644910922225
317.813904883241
55.287121013542446
145.4654339744923
140.96298638808537
123.86175751522782
313.5229335052518
122.60910359164274
309.396626440465
35.49006373853581
119.00832758954752
191.26115692478209
42.96606903113364
214.38622194514087
4.574637800454866
51.53140489713701
313.3562685264435
287.62381345820626
25.443759032080948
161.73021148560122
321.45514864173504
275.45596342164237
76.65090722823135
0.28187604408509515
308.81335070827424
302.02369458409436
168.09931077072082
203.47546744735382
154.4058318257273
226.73921945797292
20.626762803004965
306.18754284232705
153.34677686058632
323.8491013101503
293.7749847437562
238.72488307511742
316.837117858422
26.179710587055297
163.73729051033504
118.98605975937215
250.44549218962513
306.0790244682818
316.8472686987768
211.65623501901754
297.5557489275425
4.626756341827388
298.229730667756
22.834329868789837
317.92728548670993
325.33841160828763
300.5977536608945
8.078083378846088
238.67886408565903
312.8384899728795
315.8342587266187
319.46315459759467
92.54685903810028
240.74953302465434
230.22244563351398
302.84494483861124
302.8226699023315
108.3780192850248
20.35121620791807
309.4556655065274
52.98332279999231
47.34927139189699
43.139939822087854
125.98155352236202
204.18900837366652
323.6849693059962
318.49948557480127
314.17439171069606
314.4727931102064
266.7497139988583
315.7449184528738
5.283333916061167
177.57037037270422
296.93781620508156
221.27192563117396
102.47423791847513
319.5693745250317
123.17570419170194
304.7509485030208
189.8307248253329
318.24645254826834
293.60854728672706
4.245264829004441
286.12257675150767
300.3997122300218
173.62232890612555
261.5864734528444
3.082443089205242
218.32621766220214
320.5501913605377
313.9098773169079
153.13711679420172
34.9923247028467
294.67646844228574
8.102186743886193
273.95365481346596
129.43949466782274
300.2430695470451
251.19557742818031
299.0313507653095
19.61180994149771
311.7658091284156
309.6061403032771
315.41152677574644
317.2147556611317
303.899444992359
142.54634314302334
237.44644828622788
200.4823222053915
96.27478648818811
203.30222748002743
117.48603481754145
292.50221695141147
212.90978874619614
306.40827686858694
311.2733877741141
310.32311713702387
222.4655165623339
300.9741522849341
46.840520223226406
33.83404614419209
34.82542485954008
299.71706974051233
210.99559105255076
204.01593336024843
296.62959387564695
313.8362289510258
306.43313571306015
0.9945038437857079
296.4366305512426
160.70024903827345
6.216638325231429
172.11439518605098
297.07059813647857
5.265965955467436
72.90587930994477
240.17174970629898
1.9056369634681118
1.8384913511142145
50.91847825255451
306.5771002707912
291.0550646537354
23.701111196499994
81.57119582281024
209.30638444639538
308.98015519890276
255.48890458478618
281.0989217745753
123.48044865601511
184.88938170260585
300.2435305301259
309.89942783065874
311.5096117934525
168.3203344130886
301.33187499123187
301.6039596903064
9.086892941012366
294.87624793237455
293.298642059106
313.07721046701175
315.92359634032414
313.58511617870477
313.50604150172813
153.25480148287033
3.0174833081893553
290.9718676369114
0.21280057516077022
241.54392444667516
128.54804753835305
319.59850756070983
296.6660598660154
5.48592573481119
119.1238974262069
82.44920591927632
299.9863907231499
129.79338976868885
315.0696322957415
140.22622127539503
71.79193655216946
33.60108422962179
0.0028216867276569246
159.61167842611368
314.81134168168353
304.1996901026519
311.5181480579138
284.21105867020043
311.4418717936447
314.8905911912745
143.01465888055145
117.75008379216763
305.55042640448676
139.1603091953294
308.0009541079461
139.63870525853608
48.938576965082405
195.93941954169284
85.92970750170215
23.04581014942596
22.016673623408366
316.53981922122415
306.31397242064986
261.1495556524854
302.65403566137473
309.6698755115652
166.93732987848205
306.09427622755834
6.363949844702006
38.045190182253464
151.5831335176909
290.97629624844694
0.16192588670156738
307.5982340116792
92.73420704043173
132.20736861300207
321.90599540368714
320.002394756918
311.5449882238223
313.1732868267934
173.74499336013048
308.3367346915502
315.6497664289257
307.9917471925179
29.5404102848525
320.42827278811507
17.8228978623207
154.22810483829417
61.75511108537282
221.88037459956078
0.006910142986725987
91.51297241538694
157.12231696040598
318.6774131196205
282.27844907828063
284.6995021988726
170.6659994569656
319.4731008874552
38.912652729558204
193.12274795244866
319.05044360262684
140.84884369550613
134.08878331498764
36.03137989734836
301.97595546946894
30.128952733251992
8.244176357815235
234.30932866792014
161.13191149855757
106.27547800474906
184.66287769290201
8.813099873883289
144.9566766839416
8.922612540739436
293.55592050552815
318.908657058933
9.434429776227148
294.152352930514
270.89266536889164
148.9465936939063
316.35405365477044
296.56215152001926
163.89502931217694
235.46009956896376
303.8693412386551
299.5061040861369
243.78608340440104
190.5642120256813
139.4178307161675
310.0359331573785
145.324090484114
308.79520468688344
219.38225541993967
308.44342014843363
319.9915274447591
302.68278802536315
306.0836685237112
315.2729907480294
138.7481620288222
299.68817336565724
38.0298364438475
129.85395774955802
209.03678178891647
313.34767947233826
308.3327567438858
137.21416265110452
308.22529344775046
313.2611342582035
20.74642463639509
142.05525538602853
34.73646769114521
253.67082775889654
308.8969491426208
324.642096721503
313.83115314645704
291.4299005034987
279.78853868734706
316.2850446114688
319.1041945197504
325.00566913386933
10.356591314705952
317.9650638077577
273.3078255181989
145.92731712166008
76.90093379260153
167.31912176866635
312.0190539676488
260.4524623707135
0.20492961093384565
309.41022938160006
301.13273174737304
302.0531918932051
4.859635465698375
305.7010177844246
325.08417116766304
223.8328911672285
315.99919991662574
304.4712079537512
4.253803125170464
290.00848013657594
317.7134129130311
154.4055311701125
36.404659147960786
25.278539408181246
163.08685355302978
311.30722798704977
157.71974308762293
184.9484259076713
317.4347722446631
13.302576946888337
2.2590704981412273
123.87687903821146
320.05027379620117
293.7460656332267
305.04406423912377
259.82313271159273
210.14696066856203
306.4604961971384
6.140517120685047
25.206509459805318
131.3698502093842
145.6611164273513
308.9332460437899
301.4008424235101
1.9617077481827323
308.36271978958547
143.401152775453
314.37854354624943
147.48466814244057
241.7005914457181
147.26960765436024
2.067624832904528
42.14423548307013
248.02371336613444
139.97955833554465
167.86465478005408
302.44515452682907
302.3680004695519
306.7493776093467
316.69221585006653
307.65340957162016
48.73538290279694
302.14688616942806
177.36250240898605
141.5269695305952
19.875794600865845
158.15714705919964
71.7461868170337
319.5204435644867
304.4742880510834
233.01078840705304
261.6975241428523
0.09020601767002745
144.9009666109393
309.18974227077285
315.82394358125265
308.1753001515329
65.14638230674262
28.86346770209576
98.00058248007275
3.2322005945927685
0.020572883551096766
311.6873929237814
316.9291402633482
150.80491072033794
159.431724379849
299.3496877238162
5.642883596044328
322.6193649238923
311.0841627085247
314.6836366942049
98.92870460738519
275.431205820508
104.90656761211496
260.7069568255785
147.62400673422346
272.1161109969479
198.9576287233003
299.9253219784591
315.99653034694154
193.2277480105107
194.28968108849185
287.5190188572459
302.89896690071515
299.5340616892375
113.35608360756922
41.56706604777776
134.49811371281658
316.7078322593832
314.6943471933755
324.43692977908375
310.09071520413414
62.97696193439964
148.77177994294976
170.98656969112642
320.82668296217815
192.92369760976186
306.67596314069834
28.604686770718274
314.43850871927475
26.96370788139933
164.3561830985394
236.9468994797636
313.5694123976534
298.3143716092534
6.427332562710262
308.30639410485566
319.75785409241513
4.215074523504256
0.14450917595007695
47.97460538544078
127.2442744032749
313.3763030331608
118.42923125230185
121.21914360368135
110.37970441262479
301.9908493873285
317.75883979683834
267.46408266112314
81.59715846428375
0.5077343698841901
302.2097152497247
303.4430540431555
146.4186937104511
308.34506430213975
158.85028738309703
283.40512067248557
