Number of photons that left the target: 769166
Number of photons that interacted with the target: 763241
Number of photons that interacted with the target (2nd): 441279
Number of photons that interacted with the target (3rd): 235790
Number of photons that interacted with the target (4th): 110657
Number of photoelectric interactions: 35225
Number of photoelectric interactions (2nd): 72761
Number of photoelectric interactions (3rd): 73583
Number of photoelectric interactions (4th): 49265
Number of Compton interactions: 728016
Number of Compton interactions (2nd): 368518
Number of Compton interactions (3rd): 162207
Number of Compton interactions (4th): 61392
Number of photons that reached the detector: 865
Number of photons observed by the detector: 405
Detected Energies:
326.7281349312932
332.8122575257185
307.6897880315567
251.19129136993854
2.3550754486131718
296.13604231815907
315.18942859857725
310.82567787457526
321.32785937506503
175.88439570167046
307.4441118255381
280.8175599544571
300.97886887354815
302.8845753078104
148.69285570367322
221.35274528101107
315.1550093522333
98.44671146968739
263.4912623671649
316.1252269861357
18.73377807718198
313.22775926559376
4.407463480769669
301.4146196341272
88.70590565996953
279.8998974028337
301.29728856790587
300.812095845667
198.952629842073
121.87125872679489
326.9199888986111
280.0700626004366
310.19326451108935
304.29876430757076
126.75535017153352
283.30774630433046
2.5589012409671184
284.7790848057018
282.26348971243806
158.13282687116785
144.95109128370305
5.3801983838991
305.93854677494016
291.2634762425285
292.5464070330632
311.4542383225038
164.23542446170688
147.02537074302046
311.2077080407844
321.91758299550895
50.08072851677549
34.07136717582575
271.0450382143168
340.6740581876293
265.29463337107546
141.5582186958643
294.8226591234293
314.96032687017396
0.33238410876369
164.40048485743023
9.70163168536156
54.30290279094368
175.66455565871644
290.3495578422074
270.0322853331284
16.435298730870908
317.39028234416816
322.0114292961065
12.07687335328715
321.542360972458
148.67219534853376
287.5524547557034
251.9656401705982
279.49026495461476
330.30386505272617
303.52507839609206
34.411133362789485
134.48455016610242
297.63125638688945
319.1784914865117
130.1319531097411
302.09501694182023
0.08072126239211509
79.30294282685935
143.48900775065533
87.574860267588
307.25457677824824
325.9193016955448
312.19586295670075
3.7714319446979934
309.1204728668938
302.8712973136547
73.46102761366186
323.04864163277523
317.0592262116264
292.89060885911175
196.00051168739748
157.1684390549564
164.3926041675251
154.94436178829025
291.849141583615
157.75613972059367
69.21180013555994
312.81634143760067
217.18781246288324
91.17771472705671
312.66394893878794
321.6255837317121
13.178066350581574
329.99200204297665
232.25327223724176
294.73691636550006
9.51171592790782
0.9278031879836401
176.1202548717199
303.1754634668982
307.72745629290904
318.52386597333395
318.0389408691265
1.0116400352646218
320.54040762732063
327.35927900639814
338.6423675082121
38.39526518832218
76.5561009247611
253.87065994773405
10.590928485470956
86.57380770911438
215.5415433966123
69.61654594021891
308.78135773083324
157.50522055074188
293.2184160127865
0.4682810939408691
10.594806651365504
141.88050102018647
37.56894761121196
305.44267499582344
315.04236077161266
323.8293372190635
310.22844106951317
330.7253454460512
157.21297884204168
129.54195278783624
140.32459180094773
273.85369271504953
44.958911628334704
317.945008491848
26.79483607339841
312.8561841565792
68.10009649763155
311.74477480835174
330.009963531671
115.98366606495115
91.26169681557205
279.88276403204026
257.99744371815365
112.82798283096902
296.2050947626151
118.07177898969545
29.172151449792928
148.54630397636933
304.86262834409473
156.98980914946577
316.6234411814742
267.3336088371981
305.41741477501256
203.45706744902193
299.9697616566771
327.2837870534537
314.3913455718443
146.03482101610683
108.19897400439136
295.910467515854
15.907659993113551
280.45377970724815
227.81738216557628
167.00895111338625
316.6765243174962
294.6326208258878
61.8275125627743
327.74972510016175
102.91290314397386
161.38167758472895
254.3538091471618
304.9098382360283
276.1241088996345
301.36922315356634
2.1103219458229865
331.4866907697756
13.822229467363604
295.543984494357
290.11997262100294
314.0067788314279
183.63320119245438
179.43751439283363
65.71715901235345
182.15802075609957
17.699897935020793
327.7589219837242
283.66225812656546
304.7941536424178
112.53985448395885
135.68769625010597
196.79777692969802
325.2338958090739
221.6140741227172
245.05718236616678
305.4302351318556
282.1058718455099
329.97353235514936
248.1111792489557
292.41411173995857
319.60463478792747
329.66975034539877
286.9926534841529
160.42800138853713
145.58582282079314
337.6399720663771
219.28573055090965
15.175239377306474
48.098214955945465
119.36271151768845
15.623460254612864
35.9363259632983
143.60828056261542
323.2147334468413
189.01825410022337
1.8089234273323476
300.83663180943716
249.94982898237396
294.508228415622
127.10681246218806
312.4872175475622
314.5364921292416
308.04206363130777
302.58452988094604
10.095242106446843
69.40064214985483
318.4924213239109
0.462318399039053
0.3825439704622204
113.72056577201383
281.95546999420907
58.16722714422295
1.2509062464360758
1.8797412165609126
306.82865476554645
289.94288444306176
168.44614622972242
315.9474523833592
309.94901381488205
281.3712582320736
298.313485165866
169.46935154079975
311.0245488761648
304.99983617246374
300.17106045328956
311.6069836837144
277.3475498054152
290.4986422744124
282.89314327175464
98.0378506280834
28.098884361175053
323.7638524920258
38.549295707032975
8.351121908465993
304.017470341793
41.53461338079442
294.98876563611884
292.3881165118685
298.9257839674916
274.52530656616267
271.54007104143136
95.02030865961734
295.65120382325125
111.20596822732357
294.3115698940093
266.27627641025794
52.77694246491501
133.54484112252112
22.59627086454148
38.19617064542752
150.1115196108765
175.37708071856758
278.21955369740294
135.06636907256353
325.30212512099706
93.34934916373486
300.02657074132094
343.39544946437707
50.33973261585702
292.60441838536394
25.91883594371773
308.7347814834988
299.9802795734403
9.06890717633777
304.5434106307838
66.11537640536667
274.87110666313225
302.6793712709154
300.4361794749023
118.71501203193414
319.66775738568197
5.434233888934789
6.607141729607688
3.679655113132102
305.04125388908267
74.0938392516901
3.7486519978171184
329.82008554466125
100.98239945305522
308.9271254143603
157.8893547899592
35.95397251574489
236.4053743429641
301.79200965744644
313.58525045295175
303.2169420606692
185.19649713264903
313.59923608994677
136.33105230992916
296.518946319346
302.2456577282404
311.43033766806195
37.92130032664373
170.76656796393763
167.7902430557875
309.330223044383
303.1427912152444
155.61461986186123
8.35471717710578
292.4465328859624
117.31425907129037
276.1166648783658
208.9286119753129
312.13999101362157
175.5600454081249
175.31147392640054
292.92884203217176
54.21428921532964
288.1577894799418
87.41744403908113
307.37873810002935
315.57187303377424
289.5976494480465
159.40494707328384
288.56945191255096
294.1181167662548
312.4475343397232
31.721488610721277
310.6262948055758
307.77139636708677
293.59904630968896
116.5258990113918
39.25461685578047
6.524848124454186
325.354918832289
50.18551375633175
289.55790330474093
219.45710699718464
255.34785412629492
6.333452694574034
156.06891616551442
297.20642961500323
281.87305606848463
175.4157312013612
153.4292879105806
104.31171529229644
302.9891305920847
142.93251834379066
166.85912561287847
314.84512168522815
317.7047262025022
94.05792559543147
310.41593569159625
53.40737289409249
300.00571441570287
66.04623041590293
311.0484480864131
275.7887428007561
309.2571047395364
4.673764569523311
0.00014488716919006293
313.98204048230286
293.6373057156678
312.576903224162
26.728418736102753
309.4376017055901
314.76126461391203
4.213422833821441
97.18480074719463
281.1921150287085
184.71860014804324
310.6653202742801
214.259194995207
175.1218717837472
304.33127756592023
79.14212094223618
100.79207155710462
227.7736869283424
315.53640106787134
108.56428453420719
178.0419447341218
74.28307415716473
True Detected Energies:
324.6746902576785
321.4806559399293
314.421218091607
244.31475647152942
2.3255716185775555
306.2442676539394
317.70337768963844
308.3109272948801
315.4042062626924
174.34689226420036
301.13972095178616
270.52562523541854
310.81164163607957
305.11774937522637
142.33780784688724
216.44104512915592
326.11862755817594
99.68623997644829
254.80760076729516
310.06474325572646
18.26866309572449
298.25627019202517
4.403506668694149
303.1053022907823
93.15325219557369
280.49792514255563
295.78813125266305
308.18639104382044
202.6329170846364
120.00757771170942
312.36618122998556
287.56365836407963
319.67570035421943
302.6149819516839
128.56902203492442
307.16133417857935
2.5858597368275014
300.4967273977481
299.80133121372234
160.0901158461376
150.2323242881861
5.135188972431877
313.36829416874906
309.9053339952757
293.023699979923
299.52563997488295
170.01918831757433
141.50570027084973
304.55721425993414
316.81655250609975
48.15945693062881
33.65043269588705
282.75288781824554
325.0938848069958
260.37501067379725
144.67499377281615
288.4891301241047
308.98617509746197
0.3512904514739148
166.49376595209213
9.56191797996027
53.397743158056414
185.87624049843393
309.2614015858924
259.26568906863343
16.2852065669461
314.82630230868574
317.50510315604464
11.867966584517035
322.22989583133295
143.62848511139367
294.7165595209828
252.6109883179941
292.49643336506574
319.4457332827916
315.1729392866003
32.977981619822515
133.4169297535015
306.26241648915186
308.47727818409027
128.87582048956426
293.65406706890104
0.077982988941244
81.77151844694669
145.4903877215447
87.70127279952743
291.2228940432592
322.0735491639979
302.56583685381287
3.91839309493065
310.6022826969833
299.9051825418155
76.85483750623922
320.60210374073523
301.80530537522566
302.5063444263038
204.34952422600298
151.66892888859707
159.2619054290266
152.68324478707427
299.19691988973824
155.13452469139355
68.92239968620584
301.30716002074433
216.704050952851
91.30734044284719
308.40917547154555
317.8907483774455
12.89324647163778
320.8180149913532
231.73352300843004
300.48800376735295
9.35585762542513
0.9374381380732757
173.8973255913781
306.8469011516114
308.65479237885023
320.2800493726251
303.76832962932264
1.0132733578104194
313.6300726809389
324.2176690804938
320.8328601776401
37.27468947729369
79.97325447092709
242.7656303414096
10.892037299804201
86.68734724915528
213.13729639931125
69.80572040189972
320.1759683775568
161.30363391294551
307.1785368319946
0.4507352447917867
10.867602514312125
141.41182171013455
38.397271507781284
313.1783490973351
300.9973131276164
317.98364502256453
319.48901186342715
316.19725882151914
160.05833407636268
129.6849814101639
142.42574484127496
263.133012824599
45.90674481339971
305.4299820217655
26.179700857481407
295.83755340976836
70.64460909860043
303.9906951579968
323.3925036637971
116.00925346000294
89.8990094692441
285.50021128393695
257.6408666898343
114.5741248602894
297.7147798196436
119.17447875310256
28.84426726906071
148.79613933084437
310.5802858555138
159.61407453191154
320.33659391101907
265.0840617392035
313.5191626265771
201.68198583190355
299.45343265650365
318.9479553018506
306.9593642940544
144.82827100715022
110.92105744023435
309.4391320610488
16.059473819689856
309.213609958212
223.8721337911578
166.23238762102227
315.2204570107092
317.56813856801887
61.20513481255071
306.7475819178961
101.46261379719033
162.49626579106805
256.2702802303091
308.6575677218461
281.2749690248322
298.8281914640754
2.130821210987449
322.21849011024506
13.99547209917165
308.67264786345316
304.21046577470406
317.2701132460959
176.66256668477646
179.6206471489008
65.6330384173703
183.2764686835414
17.03462213056298
318.642802089178
267.87886243712313
314.6527052791576
106.50854465704549
134.54556344283927
198.94484934329674
319.5635726929666
230.87050407438954
243.6291678342908
301.98644667935656
281.6278783192306
323.8195964475689
247.38200119783306
293.98529863187696
321.6526957082158
321.5716816295494
302.4713520967276
158.60928889961093
150.71969903249916
319.01944105686937
213.05723416110607
15.908174582492052
49.162402437851995
120.88010062058217
16.051595354851088
35.632079601441376
144.271496309099
310.51824501963426
184.32684672083965
1.9351593091569157
318.3475807444126
252.01062584836998
303.5410968575977
121.54044060659487
316.6941334951866
311.2097040794851
295.041609939251
308.97919728565273
10.076804426956926
69.61710791938566
323.0630468174988
0.44744234306989483
0.37826024324851915
118.95811885042889
301.50944442920013
59.73942856102428
1.3080784220945816
1.8214047665892963
312.00958728352174
302.43963812451676
162.83893171584603
316.2203266074643
314.6022981965229
280.46710115093344
299.89140146025267
169.31129320670019
316.4452490798123
305.65771406385056
300.38158884150477
312.8195478609836
272.8045243013321
300.3637635783021
292.83892340713805
94.89876603830132
28.055790919339586
320.68973853226447
39.75411745210414
8.201943328513096
305.7244804794162
42.93594356231972
301.42485724218886
283.5065280826013
310.26523770127966
267.48539691619186
280.5587746760425
93.45026958190209
305.91762341671523
109.24290675199367
293.8260959043458
273.1842301630137
54.92593521648243
132.94844928181595
23.03985914293969
37.626996548447835
148.20831269837217
169.41214493648567
276.69396038940204
133.57975606828828
312.56850027800243
94.35009825029556
298.78204050937114
326.0507387455339
50.21178686575411
298.4511129671682
24.65997024091604
301.5914683603152
299.44665662403827
9.45110047499287
307.829120245837
65.23673814055772
280.3483583952058
308.77675041183215
301.2850384057298
119.9521960749798
324.2040162744708
5.46017639230206
6.427143661416551
3.6578644977245744
297.7730586674757
69.67569981034322
3.617363392037248
311.6376122131609
104.49720560347095
302.96785619952436
161.6868581992099
35.50488590434453
248.094306940435
305.9210429747603
311.1806775991107
302.98746533744725
186.2363347139567
311.95828072115944
136.6169656009636
303.8044050734982
302.691378722915
306.1542993304652
37.026840540292824
165.5494205812022
169.49962372490958
306.1742631743157
305.0825236294742
164.20763733268126
8.006900218498174
298.91524276598057
112.80404303888932
287.8387077672774
207.52802640068663
309.0822422905519
180.57702405151664
169.03063281022278
303.97719613282504
57.35908980978286
299.91148912235525
88.15304403834321
318.1665768023739
319.99697802394047
307.68973147642544
151.38586683793673
294.3817276370814
303.1580218095306
320.73585571809036
32.91374187818474
318.68269082824645
317.07722524679616
294.65108523210904
116.1326665880955
39.719900515094025
6.601948585603566
311.3163337669541
49.52995847416315
304.05534719585245
227.5945945512912
246.46838570907866
6.23725552001531
153.82093653880438
302.49991337439405
294.8174873402047
172.93185051495996
151.89246877728834
105.306052310381
299.15472692304746
143.6583018821235
162.11020028111346
312.2709758959687
311.4861018208447
96.98150424966461
298.1271099746021
52.92740365014927
301.239722199229
61.70777447632267
308.6570970731474
291.14267550445794
310.9057820797659
4.730650872308161
0.00014326959691857155
298.9464004787886
307.9586324769066
311.0176514493111
27.358566776093994
303.55418301602265
318.58534602663303
4.442417316949502
94.69514926490623
281.61310185840136
179.75015602987912
295.86139844997916
220.06987502666698
169.47129074588884
294.4560647517465
80.5685161912327
103.97110035331463
232.92756285192644
315.74809204171163
110.18872763773592
176.67002246708455
75.8976820700515
