Number of photons that left the target: 768991
Number of photons that interacted with the target: 763724
Number of photons that interacted with the target (2nd): 441291
Number of photons that interacted with the target (3rd): 236035
Number of photons that interacted with the target (4th): 110706
Number of photoelectric interactions: 35458
Number of photoelectric interactions (2nd): 72514
Number of photoelectric interactions (3rd): 73849
Number of photoelectric interactions (4th): 49188
Number of Compton interactions: 728266
Number of Compton interactions (2nd): 368777
Number of Compton interactions (3rd): 162186
Number of Compton interactions (4th): 61518
Number of photons that reached the detector: 920
Number of photons observed by the detector: 426
Detected Energies:
23.853991751834464
25.905735571119774
205.4528946600686
315.535376667347
23.692077878924064
292.41573161024286
22.41601832072663
22.208256124741535
130.16383149261824
136.04172028167403
240.17477883057617
156.58578039727865
2.4311403690189057
162.72230359526657
160.75747538033545
308.81061118716593
156.6974098030227
167.98275763370887
147.4609396527086
336.6090495514484
299.9134248689531
303.9536507135985
305.74458648820047
143.9421466043241
131.86951228350935
8.949192127576822
117.62425172405065
297.18902519660804
152.1390641464614
300.879471812375
287.46734001815247
159.5758914803293
156.6778922979688
307.2583951697185
0.08521217264580877
299.2618365444466
205.42948061192632
300.54534215095055
2.3462272118917724
310.7976091521663
6.6980522077812985
9.32888756648186
24.750882170461747
300.5747376585272
309.5228392760224
166.85394421373383
162.46835755028076
190.07457727971908
0.003329463111220413
98.01930571072225
1.3255305593648212
331.8314879880995
25.86245782354277
163.13379232675044
241.4205918554658
173.26328842687835
156.65617000292158
300.88788820587126
5.477275963343244
18.072436752388928
298.2313626484816
0.1470493127165861
7.669672086172037
224.53117656621743
312.13576887846176
196.01116370073544
42.54518531943491
319.1695505027413
193.7961014733497
298.2868949672751
48.70065726574099
237.07638755256247
267.56596512373727
300.83300276435983
174.26453076563845
316.7239899888067
171.13071711490878
315.2969145514538
343.3021013286128
114.05878099453008
2.142004492418524
157.22981053202395
301.75763191360346
288.1235826567253
138.0988677560484
171.46621408188852
322.4842804154205
302.129708037786
212.57637070191527
31.142031975539368
119.92523770693538
322.5811561727295
92.27305242997927
316.9779658977262
148.13973948745954
294.43537517616244
57.97985895877036
322.804703008587
304.6054021515001
166.95049026559673
300.45738609901133
283.9252259216421
282.91614377399117
186.8211070802901
311.90871585685613
310.77642932427574
167.05576205659258
94.2675543778141
297.46443427470183
157.85809154711157
297.2360857104756
156.7070145536015
0.02500114055104387
323.51796071231144
324.53541493323877
47.036665633889584
296.91153553959595
191.6148472547628
296.7664574894037
31.266101265061184
309.33927644097514
278.7326836712011
309.41875098509604
267.14256319070586
3.7406168961512116
171.4874863786511
316.52061828212936
334.76875460792076
324.9980271156551
19.179828291647116
159.41413006317666
205.6415381235064
266.66910695839584
321.19635759659553
311.91988707165444
121.42737792498765
324.3173376749908
319.20892556451844
309.95537946993505
317.20093014706674
147.28714626801798
210.94107846699885
177.37078246238192
15.279936342014363
75.84571845467147
280.3573245181592
50.0484533610535
327.48251420739126
21.010164799637753
131.98010032843018
165.1023797752512
316.07039770345045
287.43800460669655
3.0192475631691162
149.2354320684291
310.43682865179693
302.77840588924215
108.63650281438612
0.08744298891325177
132.50094425773182
291.2691711020712
299.3423018441515
140.5692933245275
267.70428122203884
329.8465572106012
204.71470898018077
157.3770075592834
300.9530779316806
290.2876492493177
7.088450854380245
315.71249754141985
314.58466634127626
279.761369228672
36.7998906347886
287.362571150761
146.9037888705269
146.25087255640565
302.82690316772835
316.14641015420796
127.62263535136358
300.40649356584
278.6190439640527
120.71275128010312
139.78821273085074
294.45134699155295
164.69733803905336
159.01457258451063
3.9900698370154815
316.49183081334513
325.70021407365306
263.646491290559
268.9846960785108
278.6816476621229
317.7685923698744
316.95778189025543
317.6112880502085
133.5459918489947
310.82231221570737
164.54402082077462
30.997294853227746
147.84211351696828
282.18179114750404
289.640794247121
272.84025771521317
312.4156728125634
313.8034999655542
29.780383474530886
40.8838035506166
322.26650416153166
168.4489019792548
144.13670080764837
310.8971918852497
326.1455310118478
0.4082753818124731
2.6257411734582017
284.03602010285226
307.023920398916
72.57544805656886
301.9007010893268
4.514954476985921
173.09111010287256
41.287978339791984
34.49096933473045
8.455596475702333
34.14330424732625
296.0240625151988
316.315989450058
144.3762965051322
304.46217800913655
102.53113019217494
160.44231841774427
205.95916158910427
311.27763222807374
0.01896042497949083
259.1360465327893
296.074456665129
140.60878652499295
301.53170213318776
308.0440784199729
165.34237594831407
287.23072858786924
309.5157708066702
208.1315960862757
50.03442877248251
322.8484467550824
308.97897636452154
45.40556933566687
295.7555650618584
11.928847190111064
299.91361962397264
168.47945899421757
148.50464225731392
313.3888472930852
56.360641240283464
19.99821879656878
4.796530777213572
127.30277811281964
103.38879021236974
103.1467287773756
73.12844425363448
149.87494790472405
329.9401407400305
205.3872408814364
302.2104025814632
309.37341298646226
345.69944313526406
10.746517627666757
325.9508771382013
308.5201552405305
48.497364405271895
301.2638049234106
301.85718141875304
41.23647770313073
301.9437389849609
137.74207715652292
17.332821364771526
314.1554350717769
316.7430769287897
43.84101939751802
297.464876805827
324.16140059706066
0.6494136235515136
320.9704218432992
325.5570958817871
2.201174867451809
241.89555654498358
174.762816521653
293.7387026941965
339.79638328319055
117.10961745525972
325.0749449875792
29.07015331402051
4.155215311503731
279.7237002009213
310.1727821737085
63.210967464700026
153.73702357941784
17.46454435669406
316.1165802207422
146.08212263829267
96.70595443869811
225.30210810463606
241.37581951313888
122.59770549249772
4.3457319023135215
316.36698909115074
309.4639601823082
296.71913447753917
302.162487323213
308.14197682341126
309.6006372936045
147.56687943810036
273.13338173622407
303.94217100719766
291.0641878058959
296.13985512835995
0.6457321343055977
301.8549226909858
138.22432665487594
126.79859627349927
1.5385899189333816
310.09863435213254
122.273258924799
315.4137839016639
317.60925233278954
0.2752901249059316
88.3819916235595
28.84647137606722
104.9039803212765
272.0025264041603
305.9049250217343
320.29612753504034
137.40819743363994
119.20850378715939
91.82190495568075
90.14359333739597
99.05359728843293
324.03418491551537
157.78370165920626
178.97785567050693
301.14223878912946
107.86366728014873
301.6049707857764
142.5190852407964
305.4325851820497
1.1840936819520456
205.6074454359153
312.8095994814666
31.345737628585393
283.5272295217665
327.8378024953627
315.6719310112608
0.6131048235732977
31.328673820358052
325.66982270403366
129.5911958367424
310.2870628629407
64.80682311124484
0.2665166329993729
146.64548442380413
154.9993376211251
146.12006780365795
293.1150503736789
7.92118996737452
1.5719694312758972
277.8484202867322
335.54454493339455
312.1631489669229
314.4742655963727
312.8484889378593
308.4348140835543
2.1849620708189947
315.153883834432
290.11181405393125
296.0908178391452
303.9989068524218
1.183110306678899
167.00135897763667
308.92085087396316
305.3838488150798
35.9976877682918
75.62157601308392
331.31460730973873
316.0807003000494
10.69552016781292
146.2714937999263
305.3537480629504
203.0046570233485
122.15772695884155
306.50855520108126
317.561228895148
17.300726558601156
83.96547207437565
224.21386176192112
302.8767744281603
144.96143470629647
315.4703168623551
193.270926012712
250.1407689684746
132.04324324508852
312.4014982416403
300.34719723757854
328.75824599719755
7.083647583486094
304.6089367546064
310.50776044425754
13.648113233734643
307.17507731973626
305.1236977300978
29.124356010273942
6.913667417664883
328.0804394753334
131.71945380688516
295.51020911444516
0.00976540762635055
297.9447594796582
272.53520731049076
254.5614492111295
142.9337001851743
205.90070785270373
301.70299446633317
195.25771768858596
28.44268621210509
288.8171691986652
261.58184731667507
294.6715497947951
True Detected Energies:
24.162356187050648
25.663502588638494
217.0717232179329
316.8884939912541
23.378442480213323
298.02454724343437
23.006857543701244
22.880970977429115
125.93386362563211
139.75428742634753
231.55400216633797
159.90781700380046
2.435872152503464
158.89405558921678
164.0353228041205
302.9772831953457
154.6943763445399
163.4130888793835
144.14294359966428
322.43014949213466
309.48095749625264
303.88914489936775
309.56978138112555
148.82944760490167
128.6985448754097
9.060280142171564
120.30193040633088
300.6059298229963
159.28302218363464
301.18451789744995
298.8087017656452
158.584018481674
152.79719027096127
299.96617087845254
0.08611040003978587
302.06375178352386
207.91043985997092
301.740836792338
2.35148139718558
314.0008121248443
6.607898971886783
9.832992162155449
23.956591707832615
296.10717114040085
318.3468564302875
172.8456043156131
157.54367790563055
188.58287388735965
0.003174177549567503
96.81890548064958
1.3516156734903007
321.1609890075026
25.95145323911288
159.23805144246657
244.63725840739284
173.52590618735624
161.3834839037493
291.25549049255125
5.344199649479151
18.24403191757085
307.9553991018908
0.14698823965011343
7.652864423681706
230.08527212798356
307.06597225848606
206.6694966123583
45.329850423357186
309.3186370301409
198.52733995858637
295.2036101445452
50.562105292330386
241.92609950367668
261.2853072997573
305.04264269189963
172.86174852215902
319.0166546895053
175.68078209505907
314.30200493909405
326.1652069281594
118.97716157353918
2.0874464022655275
157.88444802472185
295.84582546240966
298.8165235804782
137.98470380275847
168.3682214253215
310.4010882749243
304.7187021561527
227.84905659986043
31.02485504895884
117.79519978139646
315.5716212883943
98.19264651431286
321.82242523680287
146.75685176937031
306.2840510551791
57.43574564308997
314.6770346917369
308.56346904814336
176.8136873828227
296.5206271827968
297.6590931482966
299.414036497999
188.91519939457748
307.62261962960184
306.3884390569608
173.06387896842207
95.97907917376267
309.95806196754904
159.73231206788714
302.68249479538275
156.82667813870515
0.024165282153148837
313.4396628369212
309.35069095932636
47.467779779940145
306.5560128977651
196.03251434572158
305.9220633611895
32.357982557240916
316.7581170043406
287.26918384921936
318.025794887239
271.44108368266706
3.75394474720639
168.63427868688305
300.42627079229845
321.8760430309052
318.86624265137783
19.443953797691336
167.09492322111663
215.61955023574828
261.48812672693845
310.32140479051145
308.8074924433367
124.19382326866236
321.3180137631863
306.66350348228065
298.9970900742567
317.52313506129065
145.50994620856514
214.72076972597935
180.67691227185446
14.307936100755796
76.40390195995857
278.1084809132326
50.37450090887785
321.170848360182
21.008103517060647
131.7845402391746
167.27982133849264
312.11454949336803
295.1554973114338
2.8996132544526176
144.82114527968986
305.10040064449737
308.75986010589753
108.51533762175524
0.08962894186578296
136.1950953534848
297.05193468975983
306.02229280418976
142.3045004544633
266.4770088729251
314.0680178802413
196.83981355645008
171.19716590161622
309.6704796736859
299.5260984595635
7.131790142021771
320.0951017225336
300.81993747192195
306.7843085700061
35.60343789844177
298.3791857933786
149.17551276771582
139.1432209143628
300.46983289894774
304.43214618190586
130.08865708231806
308.42889344004817
280.3392250498868
114.54326767472678
143.1293510973915
304.9680235599383
173.44859421966615
158.36262634174622
4.24169676125581
312.6455024568907
323.33271218841145
259.26612081861094
274.6111027996055
282.4849810876709
312.36501015181904
316.52578096823964
316.2290370705435
139.42422421098
308.074454651052
152.4205556195248
30.415347673945064
155.4889602783203
269.2440428400475
300.10878665828136
274.81245865225304
316.7418207855244
318.66686674000346
31.082901099165895
40.31380029791484
314.33877382168595
171.19133028889695
145.70624807321028
307.213451174375
321.7899688079313
0.44078810510325184
2.627057915902526
285.95125423925134
304.43468622870887
75.28281789564755
293.5367846999825
4.670327044108376
178.5698313178531
41.78521521407225
35.388114343846496
8.65916271489698
34.950002878731254
297.1264318645486
312.26522875502025
142.23077179228926
302.3873725511037
99.91277753436287
160.13434932190526
205.82367670287053
318.87405747217065
0.019378766440922846
266.0782870776015
285.4527893435323
142.2809187892518
310.6839132710028
310.23397819628735
164.4260742516182
284.9886419698031
325.74086148082296
205.09469424221695
49.49638263518165
318.25497141391986
312.0818332354979
46.79576303459572
309.5952630226312
12.350623607507515
300.5887579640052
175.04451457771526
146.9162686608295
318.0404656834634
58.45092137563506
20.85675333596049
4.828317760585463
123.36807913957918
103.32173942977687
102.37388650400254
69.97330741372329
145.83279271163153
319.50281816509545
201.34094404771918
302.62560952184566
295.7570271367769
326.40586979384926
11.03866827387111
317.91231944476453
307.86181652135224
49.53075373657393
306.33566474045915
312.75538151615785
41.713646571441416
299.6348062038073
138.87990286304583
16.695084374048406
312.5243064444143
297.28137050404854
43.90250676705594
304.94806506516653
324.9888088064934
0.6447296220734984
317.17807832509806
319.6090696993228
2.207021624530171
244.92801533889926
169.16514654396536
301.28405260699395
316.7454742016475
118.1591680464933
313.68427164632516
29.29456838479814
3.9908013827371462
279.1283351636878
307.9600668681661
65.73773895795193
154.8165839569594
17.031579913058692
307.9321979174029
143.92961405389804
102.25210366133035
222.95567991467593
239.38304874339008
127.00689502940807
4.128614014213241
319.3412106091762
302.401738923383
300.5288899034883
313.77657611738
300.0219497959477
309.97887770254505
155.7648556105081
289.43425400693104
302.31960921722
302.1051005839638
313.6253010067513
0.6486778107688451
301.694127370777
139.37790940799692
125.93760634754429
1.4983858109181938
310.1181221169262
127.15997284740388
298.34485139765894
316.85432018620367
0.2646593394596266
84.61514845646477
28.94469924290769
103.70673260739854
275.37719083712665
311.20168108992004
313.7569614860981
139.78656151778148
123.31933359660566
91.10434678304205
88.4460531826588
96.62383984040957
318.3421490783916
147.21272147141048
183.65270972208594
305.0582646856222
107.18984772321159
298.48094929313635
139.26467227868
318.9826715327736
1.1684917488351232
204.23224026093558
318.4101744238164
31.20890702990266
301.91912433608
315.56599746190346
316.3354981693681
0.614686743838547
30.34037790660915
314.0448604721309
127.38235673678082
321.5209122743655
64.53861535055643
0.26250642726313345
144.87499340866108
156.23793064390964
148.30562111543134
304.76413177416185
8.437842135316544
1.5422887382302974
279.88035962149723
322.04418156393655
319.48584119149706
313.2870723863515
320.9060725042243
318.31962941065115
2.1106813584848965
306.34985190918513
296.0821465878376
302.61875213115826
305.9476191959117
1.2545594832037636
160.84412922264372
310.77512283089516
313.3108188210409
35.972782914141135
72.89558675356605
313.4695117331399
324.0441584620664
10.849234190088794
152.46960789135503
317.5680189338271
219.41671782632918
121.17408829463511
304.96576459014267
303.9576453813978
16.445255105429737
83.7964344885169
217.85626274679635
315.04789354253467
148.27626877501547
315.7767912219877
191.87870610761024
247.54720067121008
125.73801822290116
324.2016519514698
312.71511031827583
318.37046777334456
7.289414631105615
307.596803357176
310.63362872751856
13.72787887129607
304.81635759228993
314.28120781669344
27.846478000196782
7.421797543258151
321.27329863038057
133.4378436608395
305.02634126798307
0.009809908669467404
300.1446624592811
265.8537892175068
252.58501650403926
141.35311221803494
214.1416443644357
301.4139314563876
191.64263635931488
28.888191782954152
296.1548546637952
270.336666504208
303.5942190639209
