Number of photons that left the target: 824818
Number of photons that interacted with the target: 635559
Number of photons that interacted with the target (2nd): 327520
Number of photons that interacted with the target (3rd): 158682
Number of photons that interacted with the target (4th): 67433
Number of photoelectric interactions: 29338
Number of photoelectric interactions (2nd): 57360
Number of photoelectric interactions (3rd): 55028
Number of photoelectric interactions (4th): 33456
Number of Compton interactions: 606221
Number of Compton interactions (2nd): 270160
Number of Compton interactions (3rd): 103654
Number of Compton interactions (4th): 33977
Number of photons that reached the detector: 429
Number of photons observed by the detector: 323
Detected Energies:
242.20797222329648
255.21730875037204
262.59122457375946
219.55386260997358
234.4688562040455
256.1413505222033
216.14360172191488
252.58374086550057
74.65322621210419
255.61698795312287
10.454706340797467
276.60188367924053
35.1499508098239
199.48279714094687
264.5598650899012
23.624805296174067
192.17371289067037
126.05123351972011
45.85891086160991
258.77855273374314
248.49202739056574
265.0852814645339
253.54319054256814
252.41566664722922
257.32637296939373
193.34413959231446
78.53923905525156
240.08362480185153
244.2783080557886
264.44451985056355
134.0052273996321
132.65966425489438
137.74199935576416
0.6934816198930416
254.35161577444535
255.4264997345828
1.0743990209176366
164.14241039134004
248.68326927917593
262.08258243349644
26.877376538280394
163.24577779324642
268.6969228867866
257.74533557663983
132.39381594796978
241.16762821974982
257.8949934541405
239.74917335555
192.78465964479707
54.238780819508094
262.204297852449
255.34044071928983
249.33590095470737
262.40031705330784
266.7665831958535
123.77375171384793
263.4750377718444
123.71412606539586
200.1637592559224
259.16115850316925
95.61025029012316
245.37428046426487
132.42529054678286
45.03196827914502
92.44646927179939
272.596153406322
0.32429439420340106
211.08981637567035
145.9970686123606
260.21662198208185
10.677861329961399
253.27062485096752
243.31214981149523
223.31990895796866
245.88135374486708
117.19101490235876
249.3254739290638
13.373027769100386
275.1818442382254
252.90576375717836
255.76273881932573
160.91578493278428
239.99258460172908
216.2175226586519
254.9356863279567
2.147261002713079
266.24857954771244
261.00010341088796
8.641079693386688
6.397401414991374
250.6230936678627
244.3320853575228
247.88280771062085
10.244445493610709
267.9853760500864
211.65472344905575
246.13102146531705
1.2103916768202378
48.26770562477243
80.18959767387773
245.4977566541978
255.8694120948675
251.18266754574913
126.24989716419876
4.025395833254326
259.4142412276621
9.038507659703175
260.14030244749677
246.87280497584524
231.48880216185518
267.6156596752182
263.1822142978169
34.00333426633557
256.91843732330597
255.99350844770538
269.0983501298875
134.53057789707864
231.9418822529982
244.8208178727574
122.4932204154374
262.25187244879567
2.6216062592903886
253.29639996586312
123.5285519771232
244.48041324384081
20.210000894240856
105.2378082694502
35.08397359625225
267.4791483236447
0.30197432187550854
259.67454982537157
7.067309638545979
273.5903116218511
152.89357605656096
227.5344415004474
236.48214884900344
128.50983873932302
132.0406243509821
246.34623064665018
277.22461143301115
88.49858336373957
244.94472058829402
252.20490776477453
252.81795930993974
69.0274474567558
2.35352032436887
258.5308589080964
261.46363978497345
169.80238138885196
114.0427116499155
148.0523043705734
246.73821138576656
124.9571219196127
184.80660338911963
249.37715489772174
85.81761926962439
248.8032239966813
139.68509141193908
133.41936836110537
237.69798966898102
97.02354572052347
13.090285338370954
127.41550346170045
271.6072675289635
223.6629244286354
254.1717535388649
258.3379431708262
243.865145862916
25.633692281764244
165.57235779400355
256.5463694668918
0.03320424076757755
255.46282680759543
121.46778752061913
243.2722592184468
253.16113688978757
254.55750629279746
133.9494004958377
120.4187382154423
230.8020688051772
254.23981514734461
180.24326611890476
263.43413459105307
33.93550613858731
262.8308009610558
237.01697287547316
19.920626007165243
266.6498677252197
241.53475219976156
245.3290859070256
253.18576364392624
6.541832807260004
133.45728145885107
247.92046969971608
226.92052767755956
240.83604885915895
252.20491160200294
7.772134135748556
243.49732466426718
126.75131025454326
147.7452888683854
112.0196935561297
244.30764201390315
138.23323599794335
196.8584729729539
266.59377677404683
243.95166459084192
169.1456244689448
248.25819050568447
256.40409020072815
254.7009361493484
101.43297649023519
39.76813173353814
212.56866210020218
121.70271597092807
249.90814334048596
8.935881522935569
191.35972968829782
262.9801997572657
18.975049470390967
246.10088098529877
252.5834211212938
145.82995856313428
247.09525683756183
250.13893212441653
252.72341679066767
271.83543940830543
58.10819914653679
273.17121856950763
194.98052498505407
85.35180571094048
262.3272809366381
267.07939923493905
244.71283994145716
263.1408367044472
234.9800684764203
263.3507754299955
126.0278940036692
252.18641110225062
256.38709264524897
125.06102019653352
238.80050003771314
23.879880302954483
250.57540738184989
124.98782834316442
264.7104210391962
271.33820125394357
237.4859703468327
0.3784437691072292
260.505449466901
247.89668614256954
249.694321897468
3.987614511366191
10.249694852213379
269.7258437793084
240.75041316747485
8.90996931827239
153.56754141050556
38.551722787241246
249.81985462192125
257.1460328138102
110.75367483636302
55.93857185587467
254.65301476785731
7.805363408115467
276.7989287005458
0.18996646001626838
0.02833092567619615
243.80493361102418
147.3665532882627
75.16511411922536
236.92834319348955
259.6333308585809
0.8252614880250756
77.48210166499594
255.44423323836273
247.3626567280196
254.07950714776607
264.97000856570946
114.73262713895596
258.2448062845993
218.38231125124264
112.89462018716856
243.50665019797728
180.19157448975832
273.5118420934065
264.3116087653801
249.17721215600986
234.9469911041606
135.87744041063962
247.41773257351588
11.48696004505847
23.61894901997419
256.291706594099
146.3791528388657
257.23464575097694
124.1054356562338
235.75686444285694
49.54640007065693
242.57169736384972
40.592208342580435
190.2920143285051
262.7795435018384
38.00926680423002
242.22226507192286
267.7519993127381
170.3015722226416
143.77691795187224
263.7965161031572
255.66679890965582
173.83308621349514
210.11735951290237
260.7271065640529
266.9081028760058
265.83435977577335
242.05447319109243
219.6325985613646
210.80476187038
263.83635092201615
1.4713622645631135
254.54363183394037
6.343547731604635
48.5381199784237
True Detected Energies:
245.98129899012676
253.82216857525623
262.570518608978
220.02214758914977
236.12470380762988
254.42074195442464
207.97312842511587
255.8069533800086
69.92640755404389
250.3835765041488
9.767469639545482
264.12037180633763
36.00297669676311
198.70396107951777
255.53902140284669
23.257578414899626
201.0053179341884
124.6721417708987
45.99215697553436
258.727991805567
251.11795784876256
261.32552925747467
254.78358045718215
265.8630657667982
257.6866404013514
190.9142123644874
79.26949414953269
250.72941309868023
243.58919155744658
266.5443596037144
132.4886658737304
130.74198864618066
137.4389791174399
0.6663814004882624
253.9458355648492
250.9408157906142
1.099739122264566
166.71152330471762
249.31919933147466
250.45555460415233
26.465344445799246
166.49995788964378
262.78496222130866
256.0701334491768
131.19005358506197
259.5752710444647
254.557818485066
247.27022742888377
189.28322924508723
56.130633684791604
266.55495029569516
260.29408124342484
259.4840027759571
260.44960552796255
257.3130810911121
125.19829215897244
260.8200538388507
125.78931720590302
195.73462900937415
250.02101424031738
94.51959853697002
245.80980688848285
131.05474565586889
44.23358322163452
90.08847748063667
264.43209178576564
0.33056967287936345
214.15250062919654
146.2791265536443
256.2106934590492
10.243208126914482
238.90555928407315
241.18246724632974
236.6263322802078
246.9791183762996
110.43278498358022
258.9756761374364
13.096714916799755
260.3492535904925
256.3609693105764
252.75012851202828
162.88365697549847
242.4650604802736
216.76654254952618
261.3796378721274
2.049849164479099
256.61930171721775
263.6274555784128
8.359615434124265
6.45034758288142
249.19807267966922
243.12722914376093
246.26911319987394
10.51013427085428
258.411286503406
204.98117352252504
264.0774533678877
1.3024507903509743
46.81156536833345
75.98390738579832
257.18796205207786
260.75458624221636
256.71694722428253
127.87360554578328
4.0501837837254016
254.5594123079811
9.499171558987797
258.6091847387684
250.00182650588678
240.75941399604463
254.51935728537785
256.6907491065095
32.03631316899612
243.53863359909252
257.35200926558207
261.6071615503545
132.6751011282536
220.07193193567286
252.84478555944762
123.95773328027298
264.1735718589364
2.6551278905037634
248.44199712662385
125.31180274162821
247.30673563912663
19.925630745676045
106.85245369713856
35.59551716634482
256.34696075636197
0.30188435652087264
256.6792245338932
7.282419072443076
264.3166298630359
154.29960391007225
225.41324772065005
227.6510309863096
132.8850931390161
130.35265004193172
246.6623307901909
263.18382788981614
90.32690868658341
249.6810703545388
255.26035595138748
256.72801480563095
70.98539458080813
2.3143951028946788
268.28128490479435
253.42074212111478
176.13545531253604
119.07211371033388
151.65331922256215
260.1843837299458
130.5569882579157
192.92257700212568
245.97850924223172
83.88493013417806
262.8362038783719
144.8017872902372
134.7963793526564
235.84877310041418
96.14742852248139
13.081678535694692
125.48044650448212
261.9873201168367
243.13634034871134
255.05762280661008
260.1937026247844
248.78122712156537
25.24298437794519
161.8060232468559
252.32545766744533
0.034135247807626
254.23304599841947
119.67146673573379
251.0959218816013
259.2306703824449
253.44651653970269
131.02669519350286
128.74050309662275
246.8901322119369
262.7283160431108
181.81286204910964
261.69112454892445
34.63866644269197
258.6097207504919
249.04442973119458
20.3717150907286
260.8596776142652
247.9811354552315
238.81105034444153
255.33983819292854
6.221094961649271
133.52464238279458
251.4743697081532
222.7096836914883
237.99499247710256
255.0167059310579
7.974057601767669
253.09344063720854
128.19435876545913
149.50578666263954
111.89955386826108
245.58316664222835
140.6055937117226
201.2566629079025
259.74328412841646
258.3967035664269
166.74994494095426
252.17924137030212
250.1372033621467
261.99466050292375
103.32261187190373
41.436236327415884
217.6228159237404
121.98895079247242
252.347552545158
8.922496261197438
196.98127083550992
255.08298702892583
18.874249344364586
246.80155717426047
251.28145808567564
150.3810000919244
244.36581715282253
246.54423074842228
263.8978334469975
264.81524461691697
56.939354873778626
264.59056624002403
192.25611385205693
81.77318535265792
267.85492567987
268.21311422684613
254.97294492762384
263.7545388776546
236.25258413209258
256.2510077176536
123.09952965161636
257.3547631045357
244.5768727335581
129.10697707149876
253.55878470031143
24.57414272950726
258.01375061899427
121.46772763696288
254.6048460494494
261.9942830997812
247.8249770074782
0.38470294819671835
258.7615697561512
239.65977820095398
249.16995084386963
3.8897874869462328
9.955009704836584
258.47943155311674
237.97225178409218
9.018783505578114
151.60377401132004
36.62117615667768
254.88673455860763
261.1310839556564
118.18893093648403
54.95599488404051
252.01464674733097
7.71242296666054
256.72576252465666
0.19073090834956474
0.02904228423832933
242.0658216372945
151.79806304717653
77.61951474175896
244.99430508795942
262.3650025308958
0.8178196821882011
75.90338467412676
262.06689325526867
252.6125675486717
258.06608200277094
257.8341859874645
112.86499874064407
258.8654077591142
210.96477106175834
111.05731192392557
247.99726223676953
177.71346391710563
257.32924518332567
262.72604669964556
259.252312188283
247.37248056939703
136.19934947751943
253.84390622418908
11.275008643274703
24.363278393056788
253.0067152596315
147.84541920700468
255.8626625686652
127.91079330382011
245.05686365569355
49.47077135826868
231.38153078020002
40.617553145605314
176.69349347395672
255.08158526725947
38.8807351376926
252.013638790393
261.2938526661092
169.3326241143317
150.95570921696574
260.5841181957794
254.19396518329057
175.03602114733354
204.02303044756655
252.04173986224342
259.6833894300438
260.606130528774
244.43621109328117
204.09453820601297
214.25012792008732
265.49668005438747
1.5243128239142436
256.02738892698585
6.393660858575316
49.76637973086963
