Number of photons that left the target: 824437
Number of photons that interacted with the target: 635926
Number of photons that interacted with the target (2nd): 327267
Number of photons that interacted with the target (3rd): 158555
Number of photons that interacted with the target (4th): 67549
Number of photoelectric interactions: 29488
Number of photoelectric interactions (2nd): 57605
Number of photoelectric interactions (3rd): 54917
Number of photoelectric interactions (4th): 33553
Number of Compton interactions: 606438
Number of Compton interactions (2nd): 269662
Number of Compton interactions (3rd): 103638
Number of Compton interactions (4th): 33996
Number of photons that reached the detector: 447
Number of photons observed by the detector: 331
Detected Energies:
118.08440065555635
105.63506135202336
270.580735676194
248.4993457511433
218.81055842719235
0.05762914439297348
246.97307972443215
111.57347053919378
105.49232804792209
275.03485322617826
254.23454700206895
0.8059134482745656
0.36607321659151176
250.01876157042042
256.86385665651966
255.485639755226
249.02172827833812
244.14943258113416
273.5623640648809
244.15216367568837
268.40948473131397
260.7993772893966
239.5591273032332
249.58268274685196
238.98122832998592
261.95228782098593
229.6199616504695
34.60781071983512
82.5353848756824
1.3413604207656047
155.88752978120002
178.25381394575228
256.9252504306698
244.74218631504857
6.699321453774238
260.1547771987268
265.2527546947892
244.44441961715253
245.90423486136507
110.9733769046976
256.07119979466603
249.36507511984885
190.99493432221132
267.66039446700177
272.17528681520025
204.7332514659785
253.09661445409796
117.77198181322252
235.0454500393266
267.7275219099675
40.97318272773351
239.4914389332175
249.50688268852088
241.41984577989382
196.19829605116485
267.1404776808502
213.4170261430669
274.46818972534413
137.7307622633679
267.7836525418783
269.07901621009273
262.7897392900476
263.65192984366985
44.21992000509139
135.99886929157424
132.4019967867796
239.87914857742336
46.47480489366227
22.51023350163842
257.1142815325666
43.18439967115569
98.11822404399297
145.0604146844909
256.74832642178757
235.0124667351306
154.0124058344136
219.4405642349735
252.5167212435153
108.98854401730121
252.378308942102
0.857038856330898
233.76381778006217
149.71117943996632
119.36526431345298
266.18136612942936
198.92202578262126
257.05554584060064
233.67016241259682
4.4935670494553035
50.870281544342596
122.41096698812922
256.01831724716556
211.8238442862368
165.09556486021447
264.6145875493088
262.46938204864244
246.5370644261801
262.9027247039084
267.65168188404505
105.6246400683967
83.94940067115269
265.2898279248813
245.39851309663885
48.5254635047019
249.88869538295856
243.84863507184977
248.07158110777561
125.90262539483223
253.37445350942994
268.56071603443735
247.2402343114907
193.49430708196732
73.90954868414167
270.3115286962332
277.62654889906986
250.64359485700706
247.18847158676542
256.1564977891637
248.18754328130032
266.68927247627437
25.597509355806373
32.891844151535416
272.909537374208
119.20848289162713
267.6240795585524
246.50139200072653
252.27516558896366
250.75041097077778
240.6531903605527
240.59848632766744
11.20008747205916
254.9876455524284
256.05394336160373
260.55205482818275
132.79009167696262
144.30489039458507
242.61852858770953
15.001712748771752
252.61335377263052
133.2444078088031
242.90077193557147
33.83390381766136
243.34980752826456
250.25249621668922
233.83340736530303
217.0786198621015
66.5643902572602
93.57621372635192
251.4160945345628
237.60182283354231
209.24587019798744
165.25795871138882
167.24631598026775
258.96008235733433
243.35579403496644
269.5984729906227
247.78197064234632
212.52123371424113
72.3071414346525
259.6923474852514
42.59919674724754
260.0382195520004
245.37133543664416
0.10137129433150308
123.60897757082923
244.20416981729826
133.58078686584327
246.81159829809474
251.65247356313358
87.99514202867233
256.3096189476691
256.6014569346922
266.07662380807665
257.8173860807248
230.34692550869747
219.22763153450344
248.58787571036302
112.26272181714026
1.3785227108578866
253.89641397241556
242.24157109069873
271.860026998449
248.29862120232792
259.12306653517516
192.77644498323343
256.9472531909306
263.7992116352995
148.59923926349677
142.3142655234055
55.40825516439907
2.0601818667078615
157.69582441789277
270.736331780146
264.24948252549996
265.6778696234724
234.19468091511317
251.39856188895857
250.03096500973558
123.7648502330224
257.6197334541914
91.27710237940512
271.6300007370648
255.5106003148652
195.93562830102792
249.00867779922973
248.69355170419703
255.46648206812438
0.007275230218413389
255.20395153153584
279.0211110345255
32.77768347198811
74.70769218955635
261.00007174230376
244.97825876187665
136.18468293760094
29.36856290667764
177.86552583374038
251.9680347048179
22.586351432454677
278.85705428467463
265.78827403786113
279.23844905100685
38.83077764929326
82.1368001363657
266.4018515880632
5.84409233852612
255.86812962558764
78.33601029687885
253.67626929949114
262.8244916363322
255.60184381165857
210.44323596485333
6.480798990828898
251.14641099061998
266.44184268622405
241.12014218832314
257.752218873093
264.41373567440064
120.26016311040756
239.7741090102906
125.33215508989295
36.576139141511
241.3902759925967
247.50529860987683
261.82206911399703
262.1031520890996
265.38917907277596
264.0706226927623
51.73826663539181
239.96492124103355
273.9596699302561
117.7969993678913
88.03953684322207
217.56323107366256
273.0597536386865
252.70839076673718
137.88976272727962
0.001350119727373636
115.479545629899
219.7529987551198
257.00966212918803
132.05068294606392
247.39010455862712
247.81634309400528
246.15680646687466
120.70064824512
238.7374525079855
263.9222054604773
248.68649213770408
267.071465972405
267.6323390120337
252.13337219544778
176.12850219869526
130.55205376989775
272.9573984811925
129.84080918439517
246.67299308561041
21.840841634575543
128.64748528165197
268.4021123953073
255.0938561095461
97.65401443672383
6.704154335889986
271.5880564222599
127.43674505506824
263.0896254211417
140.4773875930502
185.95942846293588
113.61818128704157
118.99422469197461
250.87582180276806
166.23229981524761
5.00244859189143
255.83869858540334
185.92841810242828
261.0597244167227
250.27463219351074
25.791540755274347
108.73700423340875
165.0095863000227
28.977274653996076
126.21337547349293
249.32751051864454
76.25761673341805
258.6751797564118
252.7372860364461
109.10960057460697
260.49134490319136
107.75218735048651
119.82882927728045
66.24759466493393
143.5588704715527
246.7354413104927
270.0560663350904
151.05103113626285
242.83494032509338
167.3117568979949
262.10669765325525
244.11314645941715
263.7532428527196
256.9133173453502
134.02882357061185
257.25760117530274
112.7191265453106
260.47912784775434
13.534587750275746
259.3145385746241
46.55562889140473
248.1047512060462
264.13724844143326
245.4708179496518
True Detected Energies:
117.93381027016086
105.75982676118221
260.536305356182
249.8408608531882
209.01732024912306
0.05497856331561479
245.02000398709913
111.77049251513631
106.18500787083195
252.9970809965918
260.6264084663702
0.8021365884953013
0.36133228399296513
258.2854946847929
259.06789422075894
259.59532120824144
249.62696401172062
247.49093829339873
266.17519083446547
251.79693060688427
265.4094718674471
255.39169033006536
249.19524707702575
259.536731719018
245.15035989536545
249.75780670218194
227.6616214778795
35.03883041738726
84.08303245610122
1.4334392980974258
156.3777094801669
182.64664590434575
259.85621245097593
250.73527121577507
6.618901858619495
259.47950256699727
260.8150836371668
248.802481274111
251.64173176372245
111.50674899878462
249.03158814249485
250.99477347136178
193.3841078139154
255.75421566681837
257.8474226193202
213.22632337640664
255.26625922156313
117.79009991045217
232.73748334936468
255.6675788560122
42.226383858529914
253.42922747929927
255.56784666956852
257.1222593768404
189.6193829176106
256.4772700064725
214.49128654501212
261.54902086473845
144.8185073689233
253.12538221670812
252.98001548332448
256.29384898203693
264.95096660095913
43.208735453480415
132.95093015115444
136.72553273873072
247.9275532468268
46.22192578411392
23.03641294425759
264.13524449654966
43.093343120045375
97.39475931298674
156.1076214253709
260.512593250881
236.42738696158943
150.60328862893857
218.7043932901642
253.93673956560912
111.0614809507336
249.8454514723525
0.8574879922921355
228.62586433822509
143.17780671267997
113.83073009329217
261.7390928649338
206.834977288847
246.35731842022304
236.7151641007941
4.4345695755537236
51.672438446166495
124.97755535227165
263.12232906226103
215.1361719264459
167.74260614180463
249.6988520536826
266.25332108678714
245.50512869592254
263.5363859665018
259.2452577515684
107.5232729140964
84.7823017102417
267.4182620011193
254.0155397198585
48.02778648037814
263.75689328949625
247.22290529255903
255.27076892960156
124.36294837538036
263.24453993774796
266.08227149124144
250.66360025539524
185.30661925767717
75.38645125811374
259.9417559334376
258.3638396092964
250.0561521607629
250.49966310842422
259.3008555478774
248.81681446037945
258.23131167115474
24.412321227340414
32.26940192050748
268.0710706902036
123.28249344990037
259.94249416477646
249.53230611915126
257.1652386934695
248.73381209067736
248.2520685623822
254.9127741285492
11.317626323745941
259.47408726227405
252.75088716839508
260.6149618536683
136.9697789560093
144.37202862523137
251.57044601338697
15.102058474358941
244.95874725021642
134.79212599559145
244.09176262918072
34.51688556944143
240.76121921343875
252.81113642447244
254.48553222235148
219.77176489340073
67.35567928404029
102.96363943213115
252.41403067513207
229.38910413895832
206.57093788081167
159.42234766892443
164.17786979838493
262.4292112517764
259.808549988492
267.0385146623997
251.097248442279
217.53252388274842
71.07595731818546
251.8053700935502
41.32346856926475
254.12053602355755
249.11768313608016
0.09391139330961096
117.27634194925804
252.74737783366658
132.84634138697552
255.79092705850687
256.5066004900882
92.91013339500002
256.3457419111527
256.6768857945326
260.2533712270655
265.48929920875196
230.98479840295175
217.37927404131597
257.67031764943573
116.10965676240411
1.3816370026041795
248.35127027297256
258.45173437222354
257.47595264682616
252.33375871151785
261.9183975458953
196.0228387486749
248.13433422017997
260.3668897759486
145.56230917931074
142.88879847062327
51.77015777507202
2.136414165463634
157.56485938483004
263.86627117119565
257.6890815435344
252.512597476003
241.64907015738135
244.27142373444156
257.1647242621226
128.51083124489932
259.708495294327
90.27790234862732
265.4494133725281
249.28384265216278
190.1335390193595
252.75144383902608
264.47946281551987
258.97155942103217
0.007521582538487337
258.6166213697983
265.1982319789002
34.21991227623687
78.22313526744006
262.81382645033193
247.95603109393494
139.38823246778526
30.081408810281403
181.4854248935105
255.72502482675873
22.38905146402189
262.9447296599674
263.3813640934071
265.75635527428443
37.64178896129576
84.28992842104418
253.34740170885124
5.79571217580596
256.98372825323895
76.14290488759627
257.21006642695045
252.85861398294355
253.08738676747146
215.9978773362378
6.3781005554656645
251.7618138828514
266.4773787567718
252.18218638838025
259.58091880422967
263.29120966326695
120.62678552966986
257.09774852240804
133.38770605432347
35.93619036032216
245.2395004621413
249.63169836288787
253.54304297097482
266.5899507371858
260.23359713232776
258.78217255694955
53.4221190994312
251.29933162949405
267.7536748331101
120.98219515159369
89.24213635997052
223.35512229662214
260.0361091131119
249.7261631748066
135.40165812228614
0.00134588445766326
114.0939061995418
225.70850359086117
259.89429335270427
132.38713800581593
252.28160522360324
251.8375077773121
249.10064408494358
126.56754218116191
246.50179795673168
256.93499587627343
257.9194165784272
258.31072270592966
257.21182258170955
253.355717922074
185.01925038990908
128.4292625663435
265.9604758065134
128.53471185209145
251.20766236925266
22.641028046210096
129.24318091710467
259.3842098265381
259.5076181231276
92.45394539299917
6.68372606292408
259.01012521400884
122.85123357199592
257.6097529263559
142.58063377896667
187.42574955336363
116.2064863357439
119.30377433360353
260.99832424679414
168.4981371029715
4.907943756676218
245.3530056494606
183.62994957810795
262.5511546933728
249.64538525172964
26.055970006725033
104.89009684340792
162.84137812656786
27.543258850569856
126.92741494727727
249.88531533994225
75.64157652842391
264.25922147601966
250.91558582871693
113.79427504348999
250.97144723193088
112.95938941100944
115.78964631192271
69.40365599365515
141.29516129282004
251.29864332946858
258.4740234726648
155.1469517103487
247.1003053400251
167.37157370410893
262.4619981474866
256.6243538325645
248.8160769971025
263.54934910201945
134.1939042052768
253.29835852425654
113.79862279546009
257.2214679577424
13.320118253435595
258.10025722152204
46.96658309496027
246.7930395934523
250.3904944816437
246.6405796993436
