Number of photons that left the target: 824665
Number of photons that interacted with the target: 636424
Number of photons that interacted with the target (2nd): 327372
Number of photons that interacted with the target (3rd): 158851
Number of photons that interacted with the target (4th): 67968
Number of photoelectric interactions: 29420
Number of photoelectric interactions (2nd): 57337
Number of photoelectric interactions (3rd): 54759
Number of photoelectric interactions (4th): 33819
Number of Compton interactions: 607004
Number of Compton interactions (2nd): 270035
Number of Compton interactions (3rd): 104092
Number of Compton interactions (4th): 34149
Number of photons that reached the detector: 452
Number of photons observed by the detector: 313
Detected Energies:
251.24000818188668
126.7645356224518
1.504569508317149
246.1919444985903
38.07156111137056
257.8185975933475
248.38240273852765
251.758009854427
265.8616379634502
256.1037533216321
251.77288654943968
124.33395859894452
249.33899041999086
195.32272698513083
119.58478428247018
111.73585117865149
20.882345463007464
123.25414239900196
271.10427154788454
130.23420179908862
259.8225735784764
261.89574152358045
247.7362738183122
0.09052087698610235
1.9193356879111507
38.91825776487751
133.79506008211524
258.5155345856905
239.46336301081575
161.63754360229808
111.44822268268554
205.85252290286047
242.18889539235641
258.98312575793454
195.16349338659668
247.20428675084221
125.95699852808322
273.9168068960747
241.86538335201845
196.58147852128803
257.0557323708182
261.39824297547995
267.12947758893625
1.3623499966223087
254.10554075205593
113.66790281170199
262.4468119107355
107.25150352507062
251.53132581126792
102.51878467123018
165.4798801089661
40.00466450550682
35.67964891729993
178.95439817265247
250.4697250872399
138.77521886291922
136.69890950625148
107.66094603072699
249.79801029624875
260.50004577672973
252.47053650867153
95.68259481063404
15.870874279248646
16.908486750973598
15.666127729473727
147.13370156764154
175.84172456218107
250.47079454505476
225.78490255412092
252.462007100126
258.7583685190031
264.9415438439108
0.34591892054440376
249.61338948959965
260.06159991249694
114.72690161417147
248.59418178663836
110.28505688397698
267.07188343310526
246.491766373859
238.09862235353907
0.3005747760547634
121.4562970193099
96.71010895933138
43.379240115108956
215.78415623781686
262.61193757004753
67.98646222256895
264.1032709746749
244.73994978455184
250.4371055141423
120.01855484459537
255.5800666490026
241.6591206594551
240.53243316926984
239.2487884188638
16.25051230887997
20.61252288140446
248.6066597835511
265.57599703366856
148.42517242064025
270.7718803476133
245.73552944579697
218.68588694725852
246.64820499474544
125.03345935777438
269.62060118055035
169.3824419328326
241.9766065779553
253.23888482327612
258.85009292718956
276.9088922717814
257.84425247333314
248.23498592383882
3.888685600549589
111.45233055350478
243.7969119367953
250.4835023007801
237.63687446158352
260.8057205326614
261.4192453630527
257.7688702990336
250.4620685770222
188.16492331056435
256.8479020704679
251.5376306521108
243.48176580163633
265.90900605611785
22.786562383844835
193.02966410327844
27.478870597897284
256.2416382002575
145.19310925142068
265.19763142600846
7.721649974161167
242.1528208868456
253.77798632154267
255.07738898650942
271.52921150434526
245.40958024347762
258.21651220959427
248.7258382385442
239.3587763930174
247.89118968928153
245.25520836336827
213.04409842349193
0.07017077153255548
263.66794199599826
255.9724417509412
132.74110406613605
268.88907848340443
257.25633242569904
256.73571493014174
260.5080091378361
250.30394078503136
255.99627192544364
249.5330766247244
30.282176427891034
246.4560886387548
42.96111512591963
0.9436703825822587
13.814240775239398
256.68580108166
139.7379486329196
257.1445955981868
259.1700301086506
255.49494175977395
31.326952046598578
121.26889758639753
246.95187085238723
0.6571838265459404
196.31760226763927
147.33945333853106
261.319713459463
263.279650637172
156.19631699492754
265.96061973289045
203.34143247882216
243.52031635708136
4.0388124995549015
255.14532001384242
232.10490857358545
244.43390030760517
0.08669386678756562
256.4819126947199
252.15454392041346
234.13449168233055
259.56493513963716
3.98054524817228
184.82768665585183
19.02491255179436
126.05819744838053
47.14527778068324
259.51755512357386
247.15197163674154
243.9456182928995
277.59400271206005
35.513048980729494
257.93768483194435
259.63080636440293
254.65939345879346
263.43336698730786
256.29900013415534
250.72762080045246
0.7709891793674915
243.18104100526608
246.11561900207153
15.185763172422869
246.86755613345485
229.260412741715
263.4743687961408
256.85423180965574
132.9852546796708
118.41248363967712
139.4394823776454
0.3646206737528624
270.6718877998523
82.86108843058634
270.5144146483138
128.89725650973514
91.68802735570704
69.8552484894515
209.30962764592763
227.89136407395353
139.6622854431995
120.67654428942754
273.4478967071777
118.1112526762134
264.4653628800652
229.9864915156457
6.303868329476292
146.9078315435355
116.77149054848434
264.21047030137976
19.18484213242826
257.15019292466746
237.04213414959708
157.88140951689977
265.41538993488
42.647874464246385
134.1920458580268
107.57416903327882
267.39568068326355
242.35594235635295
256.866077818188
262.75881403999
207.14090629668235
80.84167534545347
265.9649666131844
254.32968579882603
247.18330443335293
267.93658846425086
60.164408501601415
129.09457233782513
248.84274169997568
258.28819511309445
247.23564956127615
210.1668360354062
198.1798434769048
75.51279021711301
121.43961349532267
251.54641361458425
263.33835869478924
155.16604777844736
246.77582496154292
252.7872886928089
261.543928268354
264.36909003890963
132.6522797535068
122.80469971179873
136.0419065385102
0.04057319977913668
256.72637316976966
255.54098992439447
253.05680912667913
73.85758236594931
257.52828552350815
261.9351583010763
260.7187940763813
137.14211836973794
6.246618631719844
251.78587453210721
244.22730581651894
33.084643660066405
20.82046007546958
254.475346380313
255.67768341788297
27.851806361404286
255.1689117640344
5.4551783009150245
267.1673127568443
52.61002609731899
256.4620322962227
201.2908188168756
127.48254231431848
263.4938128170587
233.11689736110645
267.041961622942
0.001387447172370939
82.19624943485483
92.39626747145446
252.50970136296917
135.85638368519284
252.1797047935168
260.39338350247374
152.14323354083263
259.6983847952746
263.1042585254378
247.12887325525122
143.569087867115
100.7822643740003
3.60460075393848
101.08718171637437
True Detected Energies:
253.76735460784917
124.19756627090328
1.4972093179219996
248.53278204826174
37.27535427704501
256.3354091916667
248.50414210621244
253.07116561845584
258.205780425248
251.82816461934658
260.8284657674206
120.66076649984059
260.8511964734452
201.85500477756491
116.29592321671014
118.12251199357158
21.199404834603797
126.85507039139067
265.3723607448874
129.9839194914826
256.89600499665994
258.26968301369726
246.79898575927325
0.09140250232877634
1.8651099840112693
39.163102248047096
127.07172023946526
258.53096933269126
244.73793491872064
161.37309675268878
115.3597652229854
215.39072782208535
247.51974662260824
252.84403734985972
188.48039848330632
247.91275884065263
127.58876614350068
261.30539621563486
242.84322445715466
196.76563534642247
247.7491625716907
266.72660241561977
262.02445947991566
1.3797102114208997
250.4495507089066
119.93337746946541
257.1681630233974
108.49648521599767
252.53519262725294
109.09089186985398
176.0661816026223
41.75056634054164
35.31673361225546
180.46562202765008
248.10145785156053
139.9585082250862
130.6977120147477
105.09166517604693
252.03101029570718
249.90837271235694
249.10210162053698
103.24244000696328
15.51698581396596
17.19866402022555
15.826743672247602
145.44298141008326
171.57815007512357
249.75455971505903
232.64493707432655
248.45537732142066
253.88896238315436
264.16660007218326
0.3419919509850615
257.38633657477186
265.3560331180571
117.43471113029477
255.45521499560482
109.60559703474755
262.60181166211333
254.24005292033561
240.303980635001
0.2861585247449625
120.51136453789914
95.5916984535053
42.544850583496356
218.06644656322158
259.2455118015211
67.80674236430704
248.95768986163847
250.23922901738175
255.0567862214106
126.4591757463253
251.79668673757803
246.1597564621945
256.0239999146855
241.32850496117695
15.65216273935664
22.212828343027468
253.11534633021108
257.6258130765898
141.23992144122292
260.36012302109015
248.8817035484533
213.49126815759433
253.65378612758423
122.18533141016047
262.8485941382469
164.82143604985882
240.80999990178074
265.15440584844896
260.9483790501826
260.5151142185111
262.38648216744724
253.30355726714328
3.7374352363777916
108.21918413341797
252.29055440131182
251.4370293202644
251.5473608507367
262.9901764776353
254.81011849412104
251.89269247155175
250.54361232720933
189.55604217042642
252.70292793995608
258.57742722693126
247.50617249823588
250.72973894181396
22.216971862883867
196.51866898940006
26.701236778210216
249.44029279403114
141.49561544288565
259.0084909296633
7.716422864261432
250.16254655992415
254.90379787007663
257.29985755771037
260.464289835379
251.89722254892374
265.4113680292917
249.21680984078054
248.91894482239167
247.0522677343479
249.81844075393096
214.34282466410627
0.06860669453214996
264.3486158364697
262.5804224827398
133.07514634212615
257.08488114675123
258.62138345400655
261.76631071121
253.32970214463677
261.00127175519674
256.238142380183
255.00591414154155
31.105859850682947
250.22116167389206
43.32540283943311
0.8953901818745464
13.667833158218315
259.6471060254153
146.21966261633415
259.28935570804754
255.84569353394045
256.08109135312253
31.130193319898723
121.71382167932562
249.2623998864428
0.6802540751022264
206.96162005169577
147.120029071245
253.50800970169942
261.85234577097384
153.80098847561482
253.24722494141952
202.75107781406427
240.74867146466934
3.837798174179312
248.84514929311905
230.727106232982
251.6293361284561
0.08888013879658274
251.03710246464496
253.76350559472533
238.57215027725275
259.969927036978
3.9921669147466616
198.0583424823748
18.386215686467807
130.3024831347299
47.904356804507444
249.19845668280118
250.99945637497387
253.59371830543023
265.548107649558
35.50774766777039
249.91196484305067
253.73706780556955
253.53183037886683
259.6738387121644
257.04766332848794
255.74561600458978
0.7220687707439879
245.35286978213676
240.2371299829469
15.534730123240848
251.59884012043565
220.68125601977604
253.92930526831546
251.4135590597382
132.90141050579552
119.11131131418486
136.81064920294438
0.37173433851981486
266.6701619659749
86.72812434392765
249.65786171698127
132.84280994322128
88.50310988833417
69.68446507321775
209.21985614665851
232.6990625187572
133.8099133729597
114.67325491246547
267.7943267519856
119.46754987769486
266.38923300872307
244.34340733444265
6.219914301840049
143.76311913040132
114.60164224639226
263.7081248123207
19.93075496900255
254.18742273515534
237.3177569591027
153.773186417003
265.2042169941761
44.266151405869124
134.94546762001167
104.46041454647545
259.3665304061259
247.8311197446872
252.4171150277152
259.55231116957526
199.9218522368159
78.75590063565474
263.8583850752235
256.81799441505103
243.73932558406054
254.29884207255105
61.04835749937547
128.77795326406945
247.61864662938558
261.89214995650576
261.1633141843171
200.32202546588007
193.79750824400372
73.34571129355837
123.49924081209898
253.01996088879872
261.7911411182758
157.8426280204951
251.62442689657254
253.73940691173985
258.41384766901587
256.14452625955795
131.39157036464016
124.54991800439527
139.94251059704695
0.039853070789092726
248.0958218033747
250.70280208544608
254.98705044225818
71.62859908874884
262.6618909681451
258.2779184750336
257.83133203652625
138.90380577102857
6.080317079844974
255.67309904902768
255.59199121003525
30.738298537260448
21.6973541426826
257.3150810932208
259.059443421103
29.931286673066865
252.84841188191697
5.205208160855307
268.8252702339401
53.803470351561515
249.39747325892534
199.93046474915005
123.99265749745273
261.03528827320804
229.64338853044413
255.09813319519162
0.0013696468610930879
83.48962274611569
91.33365230522753
246.9288083427224
131.92715740708272
257.30967715761676
262.40586954225535
146.1714891455303
254.8490346903982
258.61586709930805
261.1888768755203
142.78796460259395
101.66466549777894
3.752574670896365
103.06327018183475
