$SPEC_ID:
This is sample 004.
$SPEC_REM:
DET# 1
DETDESC# DIP1456 PCI-Trump SN 253
AP# Maestro Version 7.01
$DATE_MEA:
03/28/2025 05:54:35
$MEAS_TIM:
29739 29947
$DATA:
0 2047
       0
       0
       0
       0
       0
       0
       0
       0
       0
       0
       0
       0
       0
       0
       0
       0
       0
       0
       1
       0
       0
       1
       0
       0
       0
       0
       0
       0
       0
       0
       0
       0
       0
       0
       1
       0
       0
       0
       1
       1
       0
       0
       0
       1
       0
       0
       0
       0
       1
       1
       1
       0
       0
       1
       0
       1
       0
       1
       1
       0
       0
       0
       0
       1
       0
       1
       0
       1
       0
       0
       0
       0
       1
       0
       4
       1
       2
       1
       0
       1
       0
       1
       0
       0
       0
       1
       1
       0
       1
       1
       0
       2
       1
       0
       1
       1
       3
       1
       3
       1
       2
       1
       4
       1
       2
       2
       4
       3
       3
       3
       1
       0
       0
       3
       0
       0
       1
       0
       0
       0
       0
       0
       1
       0
       1
       1
       2
       0
       2
       1
       0
       0
       0
       1
       0
       1
       2
       1
       1
       1
       1
       0
       2
       0
       0
       1
       0
       0
       0
       2
       1
       3
       1
       0
       0
       0
       1
       1
       2
       3
       1
       2
       4
       1
       0
       1
       1
       0
       2
       1
       1
       1
       0
       2
       0
       0
       0
       1
       0
       2
       1
       3
       1
       2
       3
       4
       3
       1
       2
       1
       4
       3
       2
       3
       1
       3
       1
       0
       3
       1
       3
       3
       4
       2
       3
       2
       2
       3
       0
       2
       5
       1
       1
       4
       1
       1
       2
       2
       2
       2
       0
       0
       2
       1
       0
       3
       3
       2
       5
       2
       1
       1
       3
       3
       4
       2
       3
       2
       3
       4
       3
       3
       9
       5
       0
       7
       4
       1
       5
       0
       7
       1
       6
       3
       1
       6
       4
      10
       4
       1
       3
       2
       5
       1
       0
       5
       5
       3
       1
       2
       4
       2
       1
       5
       2
       1
       8
       1
       2
       7
       2
       3
       4
       4
       4
       3
       6
       2
       5
       5
       0
       3
       2
       4
       2
       5
       1
       4
       3
       5
       1
       5
       5
       2
       3
       3
       3
       3
       4
       3
       3
       3
       3
       1
       5
       3
       2
       4
       2
       5
       7
       2
       5
       3
       4
       3
       2
       3
       4
       5
       4
       1
       0
       2
       6
       5
       1
       4
       7
       6
       4
       2
       7
       5
       4
       3
       2
       4
       5
       5
       1
       6
       4
       2
       3
       8
       5
       5
       4
       3
       7
       2
       3
       7
       5
       2
       6
       3
       2
       6
       3
       4
       4
       8
       4
       3
       4
       3
       2
       2
       3
       5
       8
       4
       3
       7
       3
       4
       1
       3
       3
       4
       7
       6
       2
       5
       4
       9
       8
       6
       3
       6
       6
       2
       6
       1
       4
       3
       7
       5
       4
       3
       9
       1
       3
       3
       6
       4
       5
       4
       9
       8
       7
       4
       4
       3
       5
       9
       5
       4
       2
       5
       2
       0
       5
       7
       7
       5
       1
       2
       8
       4
       6
       3
       6
       3
      11
       4
       4
       4
       5
       7
       8
       8
       6
       4
       7
       5
       2
       6
       6
       4
       7
       4
       5
       4
       2
       3
       7
       4
       4
       6
       3
       3
       4
       5
       3
       3
       8
       4
       7
       7
       4
       2
       3
       3
       3
      12
       2
       6
       2
       3
       6
       5
       6
       8
       7
       5
       4
       5
       5
       4
       1
       2
       8
       5
       4
       4
       3
       3
       6
       7
       6
       5
       9
       9
       6
       4
       3
       3
       9
       6
       1
       5
       6
       6
      10
       5
       6
       6
       6
       9
       4
       8
       8
       6
       2
       8
       1
       5
       4
       2
       5
       9
       6
       2
       3
       4
       7
       6
       2
       6
       3
       7
       5
       4
       2
       2
      12
       3
       3
       9
       5
       6
       2
       4
       8
       1
       5
       3
       4
       5
       3
       4
       3
       5
       5
       3
       1
       4
       6
       6
       5
       6
       5
       3
       7
       3
       4
       0
       7
       7
       2
       4
       6
       4
       5
       5
       4
       8
      10
       5
      10
       4
       4
       5
       7
       8
       6
      10
       9
       5
       5
       9
       6
       6
       5
       9
       9
       9
       9
       8
       7
       7
      11
       9
       6
      11
      10
       6
       7
       9
      16
      10
       9
       7
      11
      10
      11
       9
       5
      12
      11
      11
       6
       9
      12
      10
      14
       9
      12
       9
       6
      13
       8
      16
       9
      13
      18
      10
       9
      14
       8
      10
       7
      12
      12
       9
       6
      11
      14
      12
       8
      16
      14
       7
      10
       5
       8
       7
      11
       9
       4
       5
       9
       4
       4
       4
      10
       7
       8
       5
       7
       6
      11
       4
       2
       6
       1
       7
       5
       4
       2
      11
       5
       1
       9
       8
       4
       1
       8
       3
       5
       8
       3
       5
       3
       4
       0
       5
       5
       6
       2
       5
       4
       1
       2
       3
       6
       1
       1
       2
       5
       1
       2
       3
       4
       9
       1
       4
       3
       3
       5
       3
       6
       5
       4
       4
       2
       5
       3
       4
       3
       1
       4
       3
       3
       5
       2
       2
       2
       1
       3
       4
       2
       3
       3
       5
       2
       3
       3
       4
       0
       1
       3
       2
       0
       2
       3
       2
       0
       6
       4
       3
       0
       2
       0
       1
       1
       6
       2
       1
       2
       3
       0
       1
       1
       4
       4
       0
       0
       2
       2
       2
       1
       0
       2
       2
       0
       1
       2
       2
       0
       2
       5
       1
       1
       4
       2
       0
       0
       1
       0
       2
       2
       1
       6
       1
       0
       3
       1
       0
       4
       2
       1
       2
       1
       2
       2
       3
       1
       1
       3
       2
       3
       0
       1
       0
       0
       3
       3
       2
       2
       1
       2
       2
       1
       0
       0
       0
       1
       1
       0
       1
       1
       3
       1
       0
       1
       0
       0
       1
       3
       2
       4
       0
       1
       1
       2
       2
       2
       0
       1
       3
       3
       3
       1
       1
       0
       0
       0
       0
       0
       0
       0
       0
       2
       1
       1
       2
       1
       0
       1
       3
       1
       0
       0
       1
       1
       0
       1
       1
       1
       1
       1
       1
       0
       0
       2
       0
       2
       0
       0
       1
       1
       0
       0
       2
       3
       0
       0
       0
       0
       2
       2
       0
       3
       2
       0
       1
       1
       0
       2
       1
       0
       1
       1
       0
       1
       0
       2
       0
       0
       2
       0
       1
       0
       1
       0
       0
       0
       1
       0
       0
       1
       1
       0
       1
       0
       0
       3
       0
       0
       0
       0
       0
       1
       0
       0
       1
       0
       1
       1
       0
       2
       1
       0
       0
       0
       1
       0
       0
       0
       1
       0
       0
       0
       0
       0
       0
       1
       0
       2
       0
       0
       0
       2
       0
       1
       0
       0
       0
       0
       0
       1
       0
       1
       0
       1
       3
       0
       0
       1
       1
       0
       0
       0
       0
       0
       1
       0
       1
       0
       0
       0
       1
       0
       1
       0
       0
       0
       0
       0
       1
       0
       0
       0
       0
       0
       1
       0
       1
       0
       0
       0
       0
       0
       1
       0
       0
       1
       0
       0
       0
       0
       0
       0
       0
       1
       0
       0
       0
       0
       0
       0
       0
       1
       1
       2
       1
       0
       0
       0
       0
       0
       0
       0
       0
       1
       0
       0
       0
       0
       0
       1
       0
       0
       0
       0
       0
       1
       0
       0
       0
       1
       1
       0
       1
       1
       0
       0
       0
       0
       0
       1
       2
       0
       0
       0
       0
       2
       0
       0
       0
       1
       1
       0
       0
       1
       0
       0
       0
       0
       0
       0
       0
       0
       0
       0
       0
       0
       0
       0
       0
       0
       1
       0
       0
       1
       0
       0
       1
       0
       0
       0
       1
       0
       0
       1
       0
       0
       0
       0
       0
       1
       0
       0
       0
       0
       1
       0
       0
       0
       0
       1
       0
       1
       0
       0
       0
       2
       0
       0
       2
       0
       1
       1
       0
       0
       0
       1
       0
       0
       0
       0
       1
       0
       0
       1
       0
       0
       0
       0
       0
       0
       0
       1
       0
       0
       0
       0
       0
       0
       0
       0
       0
       1
       0
       0
       0
       0
       0
       1
       1
       0
       0
       0
       0
       1
       0
       1
       0
       0
       0
       0
       0
       2
       0
       0
       1
       0
       0
       1
       0
       0
       0
       0
       0
       0
       0
       1
       0
       3
       0
       0
       1
       0
       0
       0
       0
       0
       0
       0
       1
       0
       0
       0
       0
       0
       1
       0
       0
       0
       0
       0
       0
       0
       0
       1
       0
       0
       0
       0
       1
       0
       0
       0
       0
       0
       0
       0
       0
       0
       0
       0
       1
       0
       0
       0
       1
       0
       0
       0
       1
       0
       0
       0
       0
       0
       0
       0
       0
       0
       0
       0
       0
       1
       0
       0
       0
       0
       0
       0
       0
       0
       0
       0
       0
       0
       0
       0
       0
       0
       0
       0
       0
       0
       0
       0
       0
       0
       0
       1
       0
       0
       0
       0
       0
       0
       0
       0
       0
       0
       1
       0
       0
       0
       1
       0
       0
       0
       1
       1
       0
       0
       0
       0
       0
       0
       1
       1
       0
       0
       1
       0
       0
       1
       0
       1
       0
       0
       0
       0
       0
       0
       0
       0
       1
       0
       0
       0
       0
       0
       1
       1
       1
       0
       1
       0
       0
       0
       0
       0
       0
       0
       0
       0
       0
       0
       0
       3
       0
       0
       1
       0
       0
       0
       0
       1
       1
       0
       0
       0
       2
       0
       0
       1
       0
       0
       0
       0
       0
       0
       0
       0
       1
       0
       1
       2
       0
       0
       0
       0
       0
       0
       0
       0
       1
       1
       0
       1
       1
       1
       0
       0
       0
       1
       1
       1
       1
       2
       1
       0
       1
       1
       0
       0
       0
       1
       0
       1
       0
       0
       0
       0
       0
       2
       0
       0
       0
       1
       1
       2
       0
       1
       1
       2
       0
       2
       2
       1
       1
       0
       1
       3
       0
       1
       0
       1
       1
       0
       1
       0
       0
       1
       0
       0
       1
       0
       0
       0
       4
       3
       0
       0
       1
       1
       0
       0
       0
       0
       0
       1
       0
       0
       0
       3
       2
       1
       0
       2
       0
       0
       0
       1
       2
       0
       1
       1
       1
       0
       0
       0
       0
       2
       0
       0
       1
       1
       1
       1
       1
       0
       0
       0
       0
       0
       0
       0
       1
       1
       0
       1
       0
       2
       0
       1
       0
       0
       1
       0
       0
       0
       0
       1
       0
       0
       0
       1
       0
       0
       0
       0
       0
       0
       0
       1
       0
       0
       0
       0
       0
       0
       0
       0
       0
       0
       0
       0
       0
       0
       0
       1
       0
       0
       0
       0
       0
       0
       1
       1
       0
       0
       0
       0
       0
       0
       0
       0
       0
       0
       0
       0
       0
       0
       0
       0
       0
       0
       0
       0
       0
       0
       0
       0
       1
       0
       1
       0
       0
       0
       0
       0
       0
       0
       0
       0
       0
       0
       0
       0
       2
       0
       0
       0
       0
       0
       0
       0
       0
       0
       0
       0
       0
       0
       0
       1
       0
       0
       0
       0
       0
       0
       0
       0
       0
       0
       0
       0
       1
       0
       0
       1
       0
       1
       0
       0
       0
       0
       1
       0
       0
       0
       0
       0
       0
       0
       0
       0
       0
       0
       0
       0
       0
       0
       1
       0
       0
       0
       0
       0
       0
       0
       0
       0
       0
       0
       0
       1
       1
       0
       0
       0
       0
       0
       0
       0
       0
       0
       0
       0
       0
       0
       0
       0
       1
       0
       0
       0
       0
       0
       0
       0
       0
       1
       0
       0
       0
       1
       0
       0
       0
       0
       0
       0
       0
       0
       0
       1
       0
       0
       0
       0
       0
       0
       0
       0
       0
       0
       0
       0
       1
       0
       0
       0
       0
       0
       0
       0
       0
       0
       0
       0
       0
       0
       0
       0
       0
       0
       0
       0
       0
       0
       1
       0
       1
       0
       0
       1
       0
       0
       0
       0
       0
       0
       0
       0
       0
       0
       0
       0
       0
       0
       1
       0
       0
       0
       0
       0
       0
       0
       0
       0
       0
       0
       0
       0
       0
       1
       1
       0
       0
       0
       0
       0
       0
       0
       0
       0
       0
       0
       1
       0
       0
       0
       0
       0
       0
       0
       0
       0
       0
       0
       0
       1
       0
       0
       0
       0
       0
       1
       0
       0
       0
       0
       0
       0
       0
       0
       0
       0
       0
       0
       1
       0
       0
       0
       0
       0
       0
       0
       0
       0
       0
       0
       0
       0
       0
       0
       0
       0
       0
       0
       0
       1
       0
       1
       0
       0
       0
       0
       0
       0
       0
       0
       0
       0
       0
       0
       0
       0
       0
       0
       0
       1
       0
       1
       0
       0
       0
       0
       0
       0
       0
       0
       0
       1
       0
       0
       0
       0
       0
       0
       0
       0
       0
       0
       0
       0
       0
       0
       0
       0
       0
       0
       0
       0
       0
       0
       0
       0
       0
       0
       0
       0
       0
       0
       0
       0
       0
       0
       0
       0
       1
       0
       0
       0
       1
       0
       0
       0
       0
       0
       0
       0
       0
       0
       1
       0
       0
       0
       0
       0
       0
       1
       0
       0
       0
       0
       0
       0
       0
       0
       0
       0
       0
       0
       0
       0
       0
       0
       0
       1
       0
       0
       0
       0
       0
       0
       0
       0
       0
       0
       0
       0
       0
       0
       0
       0
       0
       0
       0
       0
       0
       0
       0
       0
       0
       0
       0
       0
       0
       0
       0
       0
       0
       0
       0
       0
       0
       0
       0
       0
       0
       0
       0
       0
       0
$ROI:
1
579 737
$PRESETS:
Live Time
43000
0
$ENER_FIT:
-11.011522 0.363344
$MCA_CAL:
3
-1.101152E+001 3.633436E-001 3.226449E-006 keV
$SHAPE_CAL:
3
0.000000E+000 0.000000E+000 0.000000E+000
