$SPEC_ID:
This is sample 083.
$SPEC_REM:
DET# 1
DETDESC# DIP1456 PCI-Trump SN 253
AP# Maestro Version 7.01
$DATE_MEA:
01/26/2025 01:20:38
$MEAS_TIM:
1200 1254
$DATA:
0 2047
       0
       0
       0
       0
       0
       0
       0
       0
       0
       0
       0
       0
       0
       0
       0
       0
       0
       1
       5
       4
       5
       9
       7
      10
      12
      19
      32
      18
      26
      22
      23
      35
      28
      33
      29
      32
      27
      22
      29
      20
      33
      34
      29
      39
      26
      32
      23
      44
      36
      31
      31
      38
      26
      33
      20
      30
      22
      29
      31
      23
      20
      31
      29
      27
      28
      36
      27
      29
      34
      25
      30
      29
      36
      35
      36
      38
      27
      24
      25
      34
      35
      28
      39
      27
      41
      30
      39
      22
      33
      32
      29
      35
      35
      32
      34
      29
      30
      33
      39
      37
      26
      27
      48
      31
      23
      26
      23
      37
      35
      35
      31
      28
      32
      29
      50
      32
      33
      38
      35
      42
      31
      24
      39
      30
      34
      38
      37
      44
      31
      37
      33
      46
      33
      31
      44
      35
      36
      31
      20
      27
      43
      35
      31
      27
      38
      37
      40
      40
      37
      36
      31
      41
      36
      32
      27
      33
      40
      29
      44
      31
      29
      39
      31
      35
      33
      38
      26
      40
      38
      35
      28
      30
      36
      38
      27
      23
      42
      41
      43
      43
      39
      29
      34
      46
      42
      30
      46
      38
      41
      39
      43
      32
      30
      31
      24
      37
      34
      35
      31
      41
      44
      32
      38
      25
      30
      37
      33
      46
      45
      42
      31
      32
      24
      41
      23
      31
      36
      27
      43
      28
      33
      38
      40
      32
      34
      38
      33
      27
      32
      32
      36
      30
      39
      42
      38
      49
      32
      39
      36
      37
      39
      28
      30
      31
      44
      27
      32
      35
      30
      32
      38
      38
      41
      34
      35
      36
      42
      32
      43
      36
      29
      34
      47
      35
      40
      31
      26
      33
      30
      36
      43
      48
      28
      33
      38
      41
      27
      34
      37
      43
      34
      35
      37
      35
      30
      36
      32
      41
      40
      45
      44
      32
      52
      41
      42
      35
      33
      29
      23
      37
      28
      46
      44
      39
      39
      33
      35
      29
      32
      28
      28
      46
      42
      36
      24
      31
      42
      28
      29
      47
      31
      30
      28
      33
      47
      33
      24
      38
      27
      34
      25
      31
      39
      37
      38
      48
      26
      38
      46
      33
      31
      39
      26
      45
      33
      41
      41
      27
      46
      38
      24
      33
      35
      36
      32
      38
      19
      28
      31
      38
      39
      32
      32
      32
      37
      43
      47
      37
      33
      38
      47
      42
      40
      36
      37
      35
      32
      42
      45
      35
      34
      39
      39
      43
      46
      40
      36
      39
      31
      41
      35
      34
      30
      41
      44
      27
      40
      30
      38
      32
      39
      38
      34
      30
      41
      45
      34
      33
      34
      37
      53
      31
      31
      34
      41
      38
      36
      26
      45
      35
      31
      36
      46
      37
      40
      36
      43
      35
      33
      39
      44
      29
      42
      42
      35
      44
      41
      33
      32
      35
      39
      33
      42
      39
      25
      37
      32
      39
      34
      33
      31
      37
      20
      41
      37
      40
      37
      42
      29
      38
      39
      40
      33
      34
      39
      28
      30
      26
      31
      28
      36
      42
      31
      41
      39
      31
      29
      28
      49
      27
      33
      25
      45
      32
      37
      46
      44
      39
      55
      49
      28
      46
      51
      39
      38
      35
      43
      40
      36
      51
      39
      36
      30
      32
      30
      41
      48
      39
      40
      35
      34
      50
      45
      39
      43
      44
      40
      37
      39
      35
      36
      42
      34
      53
      50
      38
      41
      48
      44
      45
      44
      48
      40
      39
      34
      43
      34
      48
      36
      43
      40
      45
      39
      51
      36
      43
      43
      40
      35
      41
      35
      28
      38
      40
      38
      40
      39
      35
      28
      39
      38
      37
      30
      30
      31
      33
      46
      28
      47
      44
      35
      36
      29
      43
      41
      43
      41
      32
      34
      35
      37
      33
      37
      39
      31
      46
      42
      39
      26
      30
      31
      33
      38
      40
      37
      22
      32
      45
      48
      41
      31
      24
      31
      36
      32
      39
      36
      43
      36
      28
      41
      36
      37
      47
      42
      24
      35
      42
      42
      37
      35
      39
      43
      43
      30
      35
      32
      33
      31
      37
      34
      41
      46
      33
      46
      42
      33
      27
      44
      37
      43
      36
      32
      35
      47
      33
      29
      33
      38
      35
      27
      39
      23
      36
      44
      43
      35
      27
      40
      42
      40
      28
      31
      47
      45
      32
      44
      34
      39
      30
      35
      31
      26
      41
      44
      43
      40
      51
      38
      34
      45
      30
      23
      33
      28
      29
      37
      35
      42
      26
      40
      33
      34
      31
      42
      32
      36
      41
      42
      26
      35
      33
      42
      30
      38
      44
      37
      35
      28
      31
      35
      36
      39
      34
      28
      32
      37
      33
      27
      36
      27
      32
      52
      36
      50
      49
      42
      38
      29
      35
      30
      30
      27
      38
      39
      42
      30
      48
      36
      34
      35
      33
      33
      41
      35
      38
      23
      34
      38
      33
      35
      43
      42
      39
      43
      34
      29
      35
      36
      36
      41
      31
      47
      35
      34
      38
      46
      36
      44
      32
      33
      32
      41
      32
      35
      28
      29
      36
      44
      46
      43
      42
      42
      31
      32
      48
      34
      45
      32
      25
      30
      35
      42
      38
      37
      42
      46
      32
      21
      38
      46
      34
      49
      40
      38
      28
      40
      31
      35
      34
      37
      35
      35
      36
      38
      27
      46
      27
      37
      44
      34
      46
      44
      29
      40
      50
      39
      47
      40
      54
      37
      50
      45
      49
      47
      32
      47
      57
      43
      49
      40
      43
      46
      40
      44
      45
      37
      41
      38
      40
      44
      48
      38
      46
      37
      45
      40
      44
      41
      47
      42
      36
      53
      40
      48
      38
      37
      28
      46
      38
      33
      35
      48
      46
      47
      55
      41
      42
      39
      38
      40
      37
      38
      42
      30
      36
      43
      55
      51
      49
      41
      35
      38
      40
      35
      26
      31
      32
      46
      48
      38
      40
      34
      32
      31
      31
      33
      44
      33
      43
      29
      27
      28
      22
      36
      29
      31
      24
      40
      39
      25
      17
      34
      31
      20
      27
      27
      28
      23
      21
      29
      37
      22
      30
      21
      19
      12
      26
      23
      25
      17
      22
      19
      18
      23
      19
      24
      11
      19
      20
      16
      17
      19
      13
      15
      18
       9
      16
      13
      22
      14
      14
      11
      18
      17
      14
      15
      13
      12
       9
      11
      20
      14
      16
      13
      11
      11
      14
      17
      13
      16
      11
       7
       4
      12
      13
       7
      15
       5
      15
       6
       8
      16
       9
      12
      12
      10
      14
       9
       9
      12
       7
       8
      11
       8
       8
      14
       6
       7
       7
      11
       9
       4
      11
      10
       9
       9
       8
      12
       5
       3
       9
       3
       6
       2
       9
       6
       5
       5
       6
       6
       7
       8
       5
       5
       5
       4
       9
       3
       9
       7
       4
       5
       8
       5
       8
       6
       8
      10
       7
       7
       6
       3
       7
       7
       3
       6
       6
       6
       5
       3
       4
       8
       5
      11
       3
       8
       6
       6
       4
       7
       6
       8
       4
       3
       3
       4
       6
       3
       4
       6
       5
       2
       3
       5
       6
       2
       7
       5
       8
       7
       1
       8
       4
       1
       7
       4
       5
       4
       2
       3
       3
       3
       4
       3
       1
       3
       6
       2
       4
       5
       1
       1
       5
       1
       1
       1
       2
       4
       4
       3
       3
       2
       3
       5
       2
       4
       6
       2
       2
       1
       7
       6
       2
       7
       2
       1
       5
       5
       2
       4
       1
       1
       1
       6
       5
       4
       3
       5
       5
       3
       1
       4
       2
       1
       6
       4
       5
       2
       1
       6
       6
       3
       3
       2
       4
       2
       4
       0
       0
       3
       4
       1
       4
       3
       4
       3
       2
       3
       4
       1
       1
       4
       2
       4
       2
       2
       4
       5
       5
       2
       7
       3
       2
       5
       1
       3
       5
       3
       3
       3
       6
       1
       4
       1
       6
       2
       4
       1
       2
       0
       2
       6
       2
       4
       4
       5
       3
       3
       1
       1
       3
       3
       2
       5
       5
       3
       4
       2
       5
       2
       2
       3
       1
       2
       1
       3
       4
       2
       4
       3
       3
       5
       3
       4
       4
       6
       0
       3
       3
       3
       4
       2
       7
       5
       1
       3
       2
       1
       2
       5
       6
       3
       4
       2
       3
       4
       3
       3
       5
       2
       3
       4
       1
       4
       2
       7
       3
       4
       5
       9
       3
       9
       5
       4
       3
       9
       3
       6
       5
       6
       1
       4
       7
       7
       8
       5
       6
      10
      10
       6
      12
       4
       9
      12
      15
      12
      17
      14
       8
      13
      15
      11
      26
      15
      12
      12
      25
      18
      25
      29
      25
      28
      37
      34
      35
      30
      45
      28
      46
      44
      40
      36
      44
      62
      62
      69
      54
      64
      71
      59
      83
      89
      87
      87
      88
     107
      96
     101
     110
      98
     128
     136
     127
     117
     140
     152
     139
     161
     148
     166
     148
     163
     138
     165
     184
     198
     193
     185
     231
     182
     257
     204
     217
     246
     241
     254
     262
     250
     273
     288
     271
     285
     270
     288
     290
     295
     330
     306
     314
     352
     309
     325
     364
     329
     397
     338
     361
     380
     397
     442
     404
     384
     428
     410
     412
     443
     392
     425
     438
     390
     465
     436
     432
     461
     412
     418
     467
     418
     422
     414
     434
     441
     431
     444
     451
     483
     485
     465
     413
     456
     460
     468
     464
     458
     441
     478
     458
     438
     438
     405
     416
     411
     372
     416
     374
     386
     397
     401
     384
     402
     344
     406
     343
     372
     322
     333
     298
     307
     299
     337
     313
     317
     289
     316
     301
     284
     256
     266
     261
     236
     262
     241
     241
     213
     221
     186
     197
     191
     184
     184
     200
     169
     178
     175
     142
     137
     149
     154
     153
     138
     109
      98
     115
     122
      95
     119
      94
      92
     102
      83
      90
      88
      81
      71
      73
      63
      63
      45
      55
      56
      52
      59
      34
      40
      46
      34
      40
      20
      36
      39
      26
      30
      21
      32
      26
      21
      22
      27
      18
      16
      16
      16
      19
      10
      11
      21
      15
       9
      14
      11
       9
      11
       9
       6
       7
       6
       4
       3
       7
       7
       5
       1
       1
       3
       4
       1
       2
       3
       4
       6
       2
       2
       1
       2
       6
       0
       2
       1
       3
       3
       0
       4
       1
       4
       0
       3
       1
       0
       1
       1
       1
       1
       2
       0
       3
       4
       1
       3
       2
       1
       1
       3
       1
       3
       2
       1
       0
       1
       2
       0
       1
       0
       1
       0
       3
       0
       2
       1
       1
       3
       1
       1
       3
       1
       1
       2
       2
       1
       0
       2
       2
       0
       2
       0
       1
       0
       0
       0
       1
       2
       2
       2
       0
       1
       0
       2
       1
       0
       0
       0
       0
       3
       5
       1
       0
       1
       1
       0
       1
       1
       0
       0
       3
       2
       2
       0
       2
       1
       1
       0
       2
       0
       0
       3
       1
       3
       0
       1
       0
       0
       2
       2
       3
       0
       0
       2
       0
       1
       0
       0
       2
       1
       2
       1
       2
       2
       1
       1
       2
       0
       1
       0
       1
       1
       0
       0
       0
       2
       0
       0
       2
       0
       0
       1
       1
       1
       0
       1
       2
       2
       1
       1
       1
       3
       1
       0
       0
       1
       1
       1
       0
       2
       0
       1
       0
       0
       0
       0
       0
       1
       2
       2
       0
       0
       0
       2
       2
       0
       0
       1
       1
       2
       1
       0
       1
       0
       0
       1
       1
       2
       1
       0
       0
       0
       0
       1
       1
       0
       2
       1
       0
       1
       1
       1
       1
       3
       3
       0
       1
       0
       2
       1
       1
       1
       1
       0
       2
       1
       1
       1
       2
       3
       3
       1
       0
       0
       2
       1
       0
       1
       1
       1
       0
       0
       2
       2
       2
       1
       1
       1
       0
       0
       0
       1
       2
       2
       1
       1
       1
       1
       0
       0
       0
       0
       0
       1
       1
       3
       1
       1
       1
       4
       1
       1
       1
       0
       1
       1
       0
       2
       2
       0
       6
       0
       1
       2
       2
       2
       0
       1
       1
       3
       3
       4
       0
       3
       1
       0
       0
       0
       0
       2
       1
       0
       0
       0
       2
       2
       2
       2
       0
       0
       0
       1
       0
       0
       1
       0
       1
       0
       0
       1
       0
       2
       1
       0
       2
       1
       1
       1
       0
       1
       1
       1
       1
       2
       0
       1
       2
       1
       0
       5
       0
       1
       0
       1
       1
       0
       1
       1
       1
       0
       3
       0
       2
       1
       1
       1
       0
       0
       1
       3
       2
       0
       2
       0
       0
       0
       0
       1
       2
       0
       0
       0
       1
       0
       0
       0
       1
       0
       1
       0
       1
       0
       3
       0
       1
       1
       4
       2
       2
       0
       2
       1
       1
       0
       0
       1
       0
       0
       3
       0
       0
       2
       0
       1
       0
       0
       0
       2
       2
       1
       1
       1
       1
       0
       1
       1
       1
       1
       0
       1
       0
       0
       1
       0
       0
       0
       0
       0
       1
       4
       2
       0
       0
       1
       0
       1
       3
       1
       1
       0
       2
       0
       0
       0
       1
       2
       0
       1
       2
       0
       2
       1
       2
       0
       1
       0
       1
       1
       2
       0
       1
       0
       0
       2
       0
       1
       1
       1
       1
       0
       0
       0
       0
       0
       0
       0
       0
       1
       0
       0
       0
       0
       0
       0
       0
       0
       0
       0
       0
       0
       0
       0
       0
       0
       0
$ROI:
3
162 224
345 375
1311 1544
$PRESETS:
Live Time
1200
0
$ENER_FIT:
0.000000 0.359353
$MCA_CAL:
3
0.000000E+000 3.593530E-001 0.000000E+000 keV
$SHAPE_CAL:
3
0.000000E+000 0.000000E+000 0.000000E+000
