$SPEC_ID:
This is sample 084.
$SPEC_REM:
DET# 1
DETDESC# DIP1456 PCI-Trump SN 253
AP# Maestro Version 7.01
$DATE_MEA:
01/26/2025 01:43:12
$MEAS_TIM:
1200 1254
$DATA:
0 2047
       0
       0
       0
       0
       0
       0
       0
       0
       0
       0
       0
       0
       0
       0
       0
       0
       2
       1
       1
       5
       7
       8
       9
       7
      16
      16
      21
      23
      17
      26
      19
      33
      24
      26
      19
      34
      33
      35
      33
      30
      15
      35
      28
      32
      34
      30
      36
      25
      19
      32
      26
      30
      28
      24
      29
      25
      25
      29
      34
      22
      37
      30
      31
      32
      26
      21
      33
      38
      41
      31
      38
      44
      27
      33
      32
      31
      28
      31
      29
      30
      33
      39
      25
      32
      36
      30
      37
      39
      25
      36
      37
      36
      40
      30
      34
      28
      29
      35
      49
      36
      48
      28
      28
      31
      40
      34
      28
      49
      41
      37
      44
      32
      32
      39
      23
      32
      43
      34
      36
      36
      40
      34
      32
      40
      30
      33
      40
      31
      39
      34
      33
      30
      38
      38
      46
      38
      33
      44
      30
      33
      31
      33
      41
      51
      30
      35
      46
      25
      37
      25
      39
      60
      36
      33
      35
      30
      33
      31
      46
      24
      42
      34
      27
      42
      38
      31
      28
      39
      35
      35
      36
      45
      38
      38
      33
      36
      34
      43
      39
      38
      34
      23
      33
      24
      41
      27
      46
      43
      47
      31
      30
      35
      36
      21
      34
      39
      37
      36
      43
      36
      34
      26
      43
      33
      35
      37
      35
      42
      39
      25
      34
      39
      20
      37
      33
      38
      31
      30
      30
      35
      34
      37
      36
      44
      33
      39
      30
      31
      38
      35
      49
      39
      31
      29
      45
      43
      28
      37
      35
      36
      33
      34
      38
      52
      35
      37
      37
      48
      43
      40
      34
      43
      51
      35
      39
      27
      34
      44
      36
      43
      34
      38
      35
      35
      48
      38
      42
      40
      28
      50
      38
      35
      41
      32
      30
      22
      40
      33
      46
      35
      40
      41
      31
      33
      30
      32
      40
      55
      40
      36
      39
      41
      40
      30
      25
      36
      32
      40
      39
      37
      36
      28
      37
      33
      31
      33
      34
      37
      35
      37
      45
      41
      32
      38
      34
      33
      37
      38
      39
      38
      39
      30
      27
      36
      47
      36
      38
      41
      45
      42
      34
      30
      36
      37
      28
      27
      38
      40
      32
      48
      37
      36
      43
      42
      40
      36
      33
      38
      37
      28
      38
      30
      38
      39
      40
      28
      37
      44
      43
      39
      39
      43
      34
      31
      36
      39
      24
      45
      34
      35
      38
      34
      38
      35
      39
      45
      36
      23
      29
      33
      33
      32
      45
      34
      24
      38
      37
      32
      31
      31
      45
      28
      30
      35
      30
      40
      44
      37
      40
      36
      31
      38
      33
      47
      35
      43
      35
      44
      31
      38
      39
      25
      44
      36
      37
      28
      31
      41
      41
      37
      41
      44
      30
      35
      30
      43
      38
      42
      31
      27
      40
      41
      35
      36
      35
      33
      44
      39
      29
      34
      40
      30
      41
      42
      42
      28
      44
      35
      40
      35
      38
      31
      31
      35
      47
      46
      45
      43
      38
      41
      48
      29
      29
      45
      41
      32
      38
      30
      38
      42
      38
      44
      45
      30
      32
      37
      29
      28
      37
      38
      42
      37
      44
      43
      43
      45
      37
      31
      38
      39
      40
      42
      32
      37
      41
      35
      30
      41
      28
      34
      35
      49
      30
      37
      38
      39
      35
      45
      27
      33
      40
      42
      34
      40
      47
      42
      36
      40
      42
      43
      38
      44
      37
      51
      46
      43
      52
      40
      40
      46
      36
      47
      31
      36
      41
      42
      33
      43
      37
      37
      34
      34
      36
      33
      44
      41
      50
      30
      30
      35
      40
      53
      20
      43
      34
      46
      29
      36
      38
      41
      40
      40
      58
      34
      42
      41
      22
      37
      37
      37
      39
      33
      36
      40
      36
      43
      45
      37
      47
      38
      31
      33
      41
      49
      32
      48
      35
      33
      32
      40
      43
      28
      36
      38
      32
      35
      26
      34
      39
      40
      36
      42
      43
      38
      35
      50
      36
      36
      38
      41
      23
      37
      37
      34
      40
      35
      41
      35
      28
      36
      36
      39
      34
      40
      26
      32
      43
      41
      31
      43
      29
      45
      29
      32
      34
      33
      27
      24
      41
      41
      38
      40
      40
      29
      39
      36
      45
      40
      33
      30
      31
      51
      37
      29
      35
      37
      33
      42
      38
      36
      32
      32
      40
      36
      35
      26
      42
      43
      42
      26
      41
      35
      45
      23
      48
      40
      29
      27
      32
      39
      36
      39
      33
      38
      35
      30
      39
      47
      36
      37
      32
      31
      39
      37
      30
      36
      42
      34
      27
      29
      35
      23
      27
      35
      35
      29
      38
      41
      35
      32
      38
      37
      24
      31
      50
      29
      35
      37
      43
      41
      33
      43
      33
      39
      30
      38
      44
      37
      28
      37
      33
      33
      41
      27
      35
      29
      33
      38
      28
      27
      41
      41
      40
      40
      40
      36
      27
      27
      36
      50
      43
      36
      33
      35
      33
      54
      43
      42
      40
      28
      23
      33
      26
      31
      36
      47
      38
      37
      42
      44
      31
      35
      40
      39
      41
      37
      41
      30
      45
      47
      36
      35
      41
      38
      40
      43
      34
      45
      44
      52
      42
      44
      40
      36
      40
      32
      39
      43
      41
      46
      41
      40
      32
      44
      41
      44
      31
      47
      45
      53
      35
      44
      44
      35
      47
      46
      40
      40
      35
      41
      43
      34
      51
      38
      47
      42
      47
      49
      38
      40
      46
      46
      46
      41
      46
      41
      45
      39
      41
      39
      33
      41
      35
      48
      38
      40
      43
      42
      28
      47
      38
      51
      40
      54
      46
      28
      40
      52
      40
      35
      43
      39
      39
      35
      46
      39
      45
      38
      38
      39
      43
      46
      37
      48
      45
      36
      46
      27
      35
      38
      44
      44
      44
      44
      35
      33
      42
      32
      31
      30
      36
      42
      31
      42
      39
      46
      31
      53
      27
      39
      40
      39
      44
      32
      37
      36
      39
      27
      32
      27
      23
      29
      39
      25
      32
      28
      32
      29
      27
      39
      32
      27
      27
      26
      23
      23
      28
      24
      31
      20
      25
      27
      25
      24
      20
      23
      22
      30
      14
      22
      22
      20
      19
      19
      14
      14
      17
      23
      21
      22
      16
      22
      18
      26
      15
      11
      19
      23
      13
      13
      10
      14
      16
      12
      14
      13
      11
       8
      21
      12
      12
      12
      12
      12
      13
      14
      17
      13
       9
      16
      10
      11
      11
      14
      10
      13
       9
       9
      10
       6
       6
       4
      16
       7
      13
      11
      18
       9
      13
      15
       7
       8
       8
      17
       8
       5
      10
       9
       7
      11
      14
      12
      10
      11
       4
       5
       8
      10
       9
      13
       5
       5
       9
      12
      10
      16
       7
       6
       6
       9
       6
      14
       8
       5
       5
       7
       8
       7
       8
       5
       9
       6
      12
       6
       6
       5
       4
       4
       7
       4
       3
       1
       7
       6
       9
       8
       8
      10
       5
       5
       3
       1
       9
       7
       5
       4
       6
       8
       0
       2
       1
       7
       1
       7
       1
       6
       4
       4
       3
       3
       2
       6
       4
       4
       3
       6
       3
       1
       4
       4
       2
       2
       3
       5
       4
       7
       1
       1
       4
       3
       5
       4
       9
       5
       1
       4
       5
       6
       4
       2
       2
       5
       1
       4
       7
       7
       3
       5
       5
       5
       5
       6
       4
       4
       2
       1
       3
       2
       6
       6
       4
       1
       6
       5
       3
       6
       3
       3
       2
       2
       2
       2
       2
       5
       1
       4
       2
       1
       5
       6
       7
       4
       5
       2
       3
       7
       3
       3
       1
       1
       4
       6
       5
       6
       1
       6
       4
       1
       1
       5
       5
       3
       2
       5
       2
       0
       2
       3
       4
       2
       2
       5
       3
       7
       2
       1
       3
       5
       3
       4
       7
       8
       4
       3
       3
       1
       4
       2
       1
       2
       3
       2
       4
       3
       3
       3
       0
       3
       3
       2
       4
       7
       1
       3
       0
       5
       4
       4
       7
       4
       3
       4
       1
       3
       5
       4
       3
       2
       4
       4
       5
       3
       2
       2
       1
       3
       6
       5
       4
       4
       6
       4
       2
       5
       4
       3
       5
       0
       2
       1
       0
       3
       2
       5
       1
       6
       4
       5
       4
       2
       2
       4
       3
       6
       3
       4
       4
       5
       2
       4
       3
       1
       4
       4
       4
       4
       3
       1
       3
       6
       2
       5
       8
       1
       4
       5
       4
       7
       4
       3
       8
       5
       4
       9
       7
       6
      10
       8
      10
       6
       9
      10
       7
       7
      20
       7
      11
      11
       9
      13
      21
      20
      15
      23
      17
      17
      20
      12
      17
      23
      29
      37
      30
      45
      30
      27
      35
      43
      38
      46
      46
      60
      37
      45
      60
      67
      57
      44
      58
      67
      81
      82
      71
      96
      92
      85
      93
      98
      92
     127
     108
     100
     114
     128
     140
     127
     121
     144
     138
     167
     168
     185
     191
     182
     183
     165
     163
     186
     242
     222
     209
     241
     202
     214
     244
     258
     213
     258
     298
     262
     281
     310
     300
     297
     320
     292
     325
     333
     311
     333
     367
     346
     351
     373
     383
     398
     342
     353
     375
     404
     444
     416
     421
     385
     401
     415
     425
     435
     435
     407
     408
     448
     471
     447
     454
     457
     453
     456
     499
     461
     467
     503
     449
     451
     463
     499
     439
     479
     418
     457
     456
     469
     455
     474
     454
     438
     428
     439
     425
     441
     441
     423
     445
     455
     390
     433
     413
     398
     370
     378
     390
     356
     362
     357
     387
     352
     373
     308
     321
     327
     296
     301
     313
     315
     295
     292
     265
     280
     261
     277
     246
     268
     240
     217
     184
     219
     192
     200
     212
     177
     194
     157
     161
     189
     166
     139
     147
     134
     133
     150
     124
     130
     104
     117
     113
     100
      85
     105
      97
     102
      98
      66
      85
      71
      68
      63
      61
      57
      85
      50
      52
      56
      65
      41
      35
      46
      41
      33
      37
      35
      29
      39
      29
      32
      25
      24
      23
      10
       9
      31
      17
      23
       6
       7
      15
      13
      12
      14
      14
      11
      10
       8
      10
      10
       6
       8
       9
       5
       8
       7
       7
       4
       3
       2
       9
       2
       6
       4
       6
       5
       2
       2
       1
       3
       5
       2
       1
       2
       1
       1
       0
       1
       5
       1
       2
       0
       1
       4
       3
       0
       2
       2
       0
       0
       0
       4
       2
       0
       1
       1
       2
       1
       3
       2
       0
       3
       0
       1
       0
       2
       1
       0
       4
       1
       3
       1
       3
       1
       1
       0
       2
       0
       2
       0
       2
       4
       0
       1
       1
       0
       2
       3
       2
       0
       1
       0
       3
       1
       2
       1
       3
       0
       0
       1
       3
       1
       2
       1
       1
       0
       1
       0
       0
       2
       2
       2
       3
       1
       0
       4
       0
       3
       3
       2
       2
       2
       1
       0
       3
       0
       2
       1
       0
       0
       1
       0
       3
       0
       0
       1
       1
       1
       3
       1
       0
       3
       1
       0
       0
       0
       1
       0
       3
       0
       1
       1
       1
       1
       0
       1
       2
       0
       1
       1
       1
       1
       2
       1
       2
       1
       0
       0
       0
       0
       1
       0
       0
       1
       0
       1
       2
       0
       1
       1
       1
       0
       0
       3
       2
       0
       0
       1
       1
       3
       0
       3
       1
       0
       4
       0
       1
       0
       0
       2
       0
       4
       1
       0
       0
       1
       0
       2
       0
       1
       0
       0
       0
       1
       2
       0
       1
       1
       1
       0
       1
       1
       1
       0
       0
       2
       0
       2
       2
       1
       1
       1
       1
       1
       0
       2
       1
       1
       1
       2
       6
       0
       2
       0
       0
       2
       1
       1
       2
       2
       2
       0
       0
       1
       0
       0
       0
       0
       1
       3
       0
       1
       0
       1
       1
       3
       3
       0
       1
       0
       2
       1
       0
       1
       1
       1
       2
       2
       1
       0
       0
       1
       2
       0
       1
       0
       1
       0
       2
       3
       2
       1
       1
       0
       0
       1
       2
       2
       1
       1
       0
       1
       3
       3
       1
       0
       1
       1
       1
       0
       1
       0
       0
       0
       2
       0
       0
       2
       2
       1
       0
       2
       1
       1
       1
       2
       0
       1
       0
       2
       0
       0
       3
       0
       3
       0
       2
       1
       2
       2
       0
       0
       0
       1
       0
       2
       1
       2
       2
       0
       2
       0
       0
       0
       1
       1
       0
       0
       1
       2
       1
       0
       0
       1
       1
       3
       0
       1
       1
       0
       1
       0
       3
       0
       0
       1
       1
       1
       2
       1
       1
       1
       0
       1
       0
       2
       2
       3
       2
       0
       1
       1
       2
       0
       0
       1
       0
       1
       2
       1
       1
       2
       1
       1
       3
       0
       0
       0
       1
       1
       0
       1
       1
       1
       1
       0
       4
       0
       0
       0
       2
       1
       0
       1
       2
       1
       0
       0
       2
       0
       0
       2
       0
       0
       0
       1
       1
       1
       0
       0
       1
       1
       0
       1
       1
       0
       0
       1
       0
       0
       0
       0
       0
       2
       0
       0
       2
       1
       0
       2
       2
       2
       0
       0
       1
       0
       0
       0
       0
       4
       0
       1
       0
       1
       2
       2
       1
       1
       0
       3
       0
       1
       1
       0
       1
       1
       0
       0
       0
       1
       0
       0
       0
       0
       0
       0
       0
       0
       0
       0
       0
       0
       0
       0
       0
       0
       0
       0
       0
       0
       0
       0
       0
       0
$ROI:
3
162 224
345 375
1311 1544
$PRESETS:
Live Time
1200
0
$ENER_FIT:
0.000000 0.359353
$MCA_CAL:
3
0.000000E+000 3.593530E-001 0.000000E+000 keV
$SHAPE_CAL:
3
0.000000E+000 0.000000E+000 0.000000E+000
