$SPEC_ID:
This is sample 156.
$SPEC_REM:
DET# 1
DETDESC# DIP1456 PCI-Trump SN 253
AP# Maestro Version 7.01
$DATE_MEA:
01/27/2025 04:48:07
$MEAS_TIM:
1200 1254
$DATA:
0 2047
       0
       0
       0
       0
       0
       0
       0
       0
       0
       0
       0
       0
       0
       0
       0
       0
       0
       3
       7
       4
       7
       5
      14
       7
      13
      20
      23
      35
      23
      18
      24
      41
      27
      24
      21
      29
      30
      25
      24
      26
      26
      37
      28
      27
      26
      32
      28
      30
      32
      29
      23
      30
      24
      34
      31
      32
      36
      30
      33
      29
      31
      30
      35
      28
      25
      29
      29
      30
      28
      42
      35
      34
      18
      37
      26
      37
      40
      39
      27
      28
      30
      35
      33
      34
      40
      24
      38
      24
      32
      26
      25
      27
      23
      36
      25
      28
      24
      33
      42
      33
      53
      40
      22
      41
      29
      43
      28
      28
      28
      27
      27
      33
      41
      47
      38
      20
      32
      36
      43
      32
      39
      36
      30
      27
      35
      36
      37
      40
      37
      29
      44
      39
      45
      40
      34
      35
      39
      27
      51
      38
      37
      38
      37
      38
      28
      41
      38
      33
      42
      37
      40
      40
      33
      40
      46
      45
      43
      29
      42
      44
      41
      44
      35
      35
      51
      43
      31
      42
      38
      46
      23
      29
      38
      40
      24
      37
      41
      37
      41
      44
      32
      36
      43
      43
      42
      35
      36
      43
      36
      27
      26
      40
      34
      47
      45
      36
      39
      33
      33
      32
      41
      42
      40
      38
      38
      38
      33
      45
      36
      37
      23
      44
      41
      33
      40
      29
      28
      36
      30
      50
      28
      38
      29
      45
      36
      28
      42
      30
      44
      41
      45
      38
      41
      40
      36
      39
      48
      27
      34
      42
      44
      33
      40
      27
      44
      25
      36
      44
      36
      25
      36
      47
      33
      28
      40
      36
      31
      33
      44
      34
      32
      31
      38
      44
      40
      42
      33
      37
      42
      40
      42
      45
      34
      47
      46
      38
      35
      51
      33
      39
      50
      32
      30
      32
      35
      32
      36
      34
      37
      37
      32
      41
      23
      43
      37
      36
      38
      48
      27
      35
      41
      31
      41
      39
      38
      36
      46
      34
      37
      34
      38
      39
      39
      39
      27
      28
      37
      26
      44
      42
      34
      33
      44
      38
      50
      36
      46
      51
      28
      40
      36
      37
      43
      45
      33
      40
      36
      43
      36
      42
      45
      31
      41
      29
      40
      48
      36
      29
      38
      32
      33
      35
      38
      41
      51
      47
      41
      31
      44
      23
      33
      31
      49
      30
      46
      37
      32
      34
      41
      34
      41
      42
      30
      31
      49
      32
      50
      35
      38
      36
      39
      34
      38
      27
      24
      34
      44
      32
      39
      36
      37
      31
      22
      37
      27
      42
      34
      41
      25
      42
      53
      40
      34
      54
      28
      42
      34
      26
      34
      31
      30
      52
      39
      39
      43
      30
      29
      43
      32
      34
      36
      39
      48
      44
      45
      40
      41
      39
      38
      34
      36
      35
      31
      34
      39
      27
      38
      32
      31
      30
      40
      33
      46
      31
      37
      33
      40
      28
      35
      29
      35
      49
      26
      48
      36
      55
      49
      36
      36
      33
      34
      50
      42
      33
      29
      43
      27
      39
      40
      36
      43
      49
      25
      35
      30
      33
      41
      33
      28
      33
      32
      51
      41
      45
      35
      38
      38
      30
      35
      41
      33
      50
      38
      46
      45
      45
      50
      38
      38
      45
      41
      29
      43
      45
      45
      36
      31
      45
      33
      39
      39
      37
      37
      33
      36
      44
      32
      36
      43
      47
      48
      47
      38
      43
      53
      60
      47
      54
      45
      40
      34
      43
      35
      35
      39
      36
      47
      38
      42
      50
      31
      42
      40
      44
      40
      28
      48
      50
      39
      23
      35
      33
      37
      30
      50
      35
      38
      35
      42
      34
      23
      36
      28
      36
      44
      44
      29
      32
      44
      35
      41
      26
      42
      36
      47
      31
      34
      33
      46
      43
      50
      36
      44
      47
      50
      37
      44
      36
      33
      34
      44
      47
      34
      30
      33
      31
      38
      42
      29
      36
      42
      31
      40
      38
      45
      40
      42
      37
      33
      38
      24
      43
      41
      31
      36
      41
      25
      38
      42
      38
      36
      40
      39
      34
      47
      44
      47
      27
      23
      44
      31
      27
      39
      29
      32
      41
      29
      27
      51
      41
      32
      39
      34
      29
      32
      48
      37
      43
      32
      36
      37
      30
      33
      39
      42
      35
      34
      29
      41
      36
      41
      35
      41
      39
      33
      35
      43
      31
      18
      32
      39
      53
      37
      36
      43
      42
      38
      28
      42
      31
      46
      26
      31
      28
      40
      39
      45
      31
      38
      45
      38
      32
      45
      24
      40
      34
      33
      35
      32
      39
      32
      33
      30
      41
      39
      41
      47
      35
      37
      41
      41
      38
      39
      36
      41
      30
      42
      29
      41
      43
      43
      30
      33
      40
      35
      40
      32
      44
      39
      43
      36
      34
      27
      39
      42
      37
      25
      37
      33
      25
      33
      23
      44
      37
      45
      34
      45
      46
      47
      34
      42
      34
      40
      38
      29
      43
      34
      44
      35
      40
      35
      38
      35
      33
      40
      32
      39
      29
      36
      40
      34
      44
      38
      47
      43
      36
      46
      48
      33
      40
      40
      27
      34
      41
      18
      42
      34
      48
      33
      35
      33
      26
      47
      52
      34
      39
      44
      37
      35
      38
      35
      41
      38
      44
      41
      36
      42
      44
      43
      41
      32
      43
      31
      44
      43
      45
      47
      39
      35
      40
      36
      48
      37
      44
      50
      36
      49
      39
      56
      39
      33
      46
      34
      52
      40
      47
      43
      36
      47
      52
      50
      42
      35
      52
      39
      39
      48
      43
      29
      45
      44
      30
      41
      44
      42
      45
      50
      39
      42
      38
      42
      39
      41
      49
      47
      47
      34
      33
      34
      32
      50
      33
      41
      47
      33
      33
      39
      39
      42
      38
      47
      37
      53
      34
      40
      35
      55
      35
      37
      28
      36
      37
      40
      43
      26
      34
      41
      33
      39
      37
      37
      38
      30
      44
      38
      34
      30
      34
      37
      29
      41
      34
      38
      38
      28
      20
      28
      25
      39
      23
      25
      29
      25
      16
      34
      22
      18
      37
      26
      18
      21
      22
      23
      18
      27
      18
      25
      24
      16
      26
      21
      16
      15
      26
      12
      22
      25
      21
      14
      21
      17
      16
      17
      12
      19
       9
      21
      18
      12
      13
      16
      10
      12
      21
       5
      11
      11
      18
       6
      10
      19
      13
      12
      11
      10
       8
      20
       9
       9
      11
      15
      13
       8
      13
       8
      13
      11
       9
      14
      12
       8
       7
       8
      13
       9
       9
      11
       7
      14
      16
       7
      10
       6
      11
      12
       7
       8
      12
       9
       8
       6
      12
       9
       7
       7
       5
       8
       5
      12
       6
       5
      10
       9
       8
       3
      10
       7
       9
       6
       9
       7
       4
       6
      11
       9
       8
       5
       4
       9
       4
       5
       8
      11
       3
       3
       4
       9
       4
       6
       4
       6
       4
       4
       8
       5
       5
      11
       6
       6
       6
       1
       1
       4
       4
       4
       4
       6
       7
       6
       5
       5
       2
       6
       3
       8
       3
       4
       7
       3
       5
       3
       2
       6
       3
       2
       6
       2
       3
       4
       3
       3
       5
       3
       5
       6
       6
       3
       6
       3
       6
       4
       5
       5
       5
       3
       5
       3
       1
       3
       2
       8
       5
       5
       4
       1
       5
       5
       8
       2
       2
       5
       3
       4
       1
       5
       5
       4
       5
       0
       3
       1
       3
       2
       4
       7
       5
       2
       6
       4
       2
       9
       2
       2
       5
       5
       2
       7
       2
       3
       0
       4
       4
       1
       2
       7
       6
       4
       2
       6
       4
       0
       2
       3
       4
       1
       1
       6
       2
       4
       3
       1
       4
       2
       2
       3
       4
       2
       1
       2
       3
       8
       0
       2
       0
       2
       4
       2
       3
       2
       2
       1
       2
       2
       2
       2
       4
       5
       3
       0
       2
       3
       3
       2
       2
       6
       2
       4
       2
       5
       4
       0
       1
       2
       2
       4
       3
       1
       3
       6
       3
       2
       3
       2
       3
       7
       2
       2
       1
       2
       3
       1
       1
       0
       3
       1
       4
       3
       6
       5
       1
       4
       5
       4
       2
       0
       2
       3
       2
       4
       2
       5
       7
       4
       2
       7
       5
       3
       0
       7
       5
       4
       4
       1
       2
       4
       1
       4
       1
       3
       4
       3
       2
       4
       2
       4
       4
       4
       1
       6
       7
       1
       3
       6
       8
       3
       1
       4
       7
       6
       3
      10
       5
       4
       5
       5
      10
      10
       7
      16
      15
      14
      16
      10
      11
      13
      12
      12
      18
      15
      22
      16
      24
      20
      19
      23
      28
      29
      24
      17
      27
      37
      32
      41
      44
      33
      52
      42
      38
      51
      59
      56
      58
      85
      64
      70
      76
      96
      71
      89
      81
      88
      86
      74
     100
     110
     110
     117
     104
     119
     129
     130
     132
     124
     150
     164
     171
     158
     179
     133
     162
     175
     176
     209
     216
     212
     223
     197
     210
     230
     232
     233
     257
     276
     271
     258
     245
     287
     285
     311
     304
     313
     313
     320
     324
     319
     357
     332
     373
     405
     340
     391
     375
     363
     383
     394
     380
     368
     435
     431
     407
     424
     439
     412
     476
     418
     436
     436
     483
     438
     424
     446
     444
     497
     484
     470
     517
     448
     468
     452
     456
     412
     450
     458
     507
     444
     459
     430
     482
     438
     441
     451
     424
     434
     429
     456
     474
     391
     394
     410
     425
     394
     417
     423
     387
     368
     404
     392
     392
     378
     334
     348
     367
     329
     349
     324
     354
     271
     307
     313
     316
     281
     265
     271
     277
     249
     256
     226
     251
     242
     214
     206
     209
     187
     212
     196
     190
     189
     174
     154
     144
     150
     173
     139
     124
     147
     122
     125
     128
     109
     133
     107
      98
      96
     104
      98
      77
      81
      82
      62
      71
      75
      55
      55
      58
      53
      64
      54
      55
      43
      42
      45
      38
      34
      36
      28
      39
      33
      32
      34
      23
      15
      27
      11
      21
      21
      11
       8
      13
      11
      13
      11
      12
      13
      11
       8
      11
       6
       6
       7
      11
       5
      10
       8
       1
       9
       5
       2
       5
       5
       5
       4
       2
       5
       5
       3
       6
       1
       4
       5
       1
       4
       2
       2
       1
       2
       3
       0
       0
       1
       5
       0
       0
       1
       4
       3
       0
       1
       4
       0
       0
       1
       1
       3
       2
       1
       1
       1
       0
       0
       1
       3
       2
       1
       2
       1
       0
       0
       1
       1
       0
       4
       0
       2
       0
       0
       2
       1
       2
       0
       2
       1
       1
       0
       1
       1
       2
       1
       1
       1
       0
       1
       3
       1
       2
       3
       1
       0
       2
       0
       1
       0
       3
       2
       0
       0
       0
       0
       2
       4
       0
       2
       0
       0
       1
       0
       0
       1
       1
       3
       0
       2
       0
       2
       1
       1
       1
       3
       0
       1
       2
       1
       2
       1
       1
       0
       2
       0
       3
       2
       1
       3
       2
       0
       0
       1
       2
       1
       1
       1
       1
       1
       1
       3
       0
       1
       2
       1
       1
       0
       0
       2
       1
       0
       1
       0
       2
       2
       2
       2
       0
       2
       2
       1
       3
       2
       1
       1
       3
       1
       0
       1
       2
       2
       0
       1
       1
       2
       1
       0
       0
       0
       0
       2
       3
       2
       2
       2
       3
       0
       1
       0
       0
       1
       2
       1
       4
       0
       0
       0
       1
       2
       0
       2
       0
       0
       2
       0
       0
       0
       0
       1
       1
       0
       0
       2
       1
       1
       1
       0
       0
       1
       1
       1
       0
       0
       0
       1
       0
       1
       2
       0
       0
       0
       0
       0
       1
       0
       0
       0
       1
       2
       0
       1
       1
       2
       0
       2
       0
       2
       1
       1
       0
       2
       2
       0
       0
       1
       2
       4
       1
       2
       0
       0
       2
       0
       2
       2
       1
       1
       0
       0
       0
       1
       1
       1
       4
       2
       1
       1
       1
       0
       1
       3
       0
       1
       0
       3
       1
       0
       0
       3
       1
       1
       1
       1
       1
       2
       0
       2
       1
       3
       1
       1
       3
       2
       1
       1
       2
       3
       0
       1
       0
       2
       0
       0
       3
       1
       0
       1
       3
       2
       1
       4
       2
       1
       0
       2
       1
       0
       1
       1
       0
       5
       2
       1
       0
       1
       1
       0
       2
       0
       0
       1
       1
       1
       1
       2
       2
       0
       0
       0
       0
       0
       0
       0
       0
       0
       0
       1
       1
       2
       1
       1
       1
       0
       1
       0
       0
       0
       0
       3
       2
       0
       0
       1
       0
       1
       3
       0
       0
       0
       1
       0
       2
       5
       1
       1
       2
       0
       0
       2
       1
       0
       2
       2
       0
       0
       1
       1
       0
       1
       1
       0
       2
       1
       2
       1
       0
       1
       3
       0
       2
       2
       4
       0
       1
       0
       0
       0
       0
       0
       0
       3
       0
       1
       1
       1
       0
       0
       0
       0
       1
       2
       0
       1
       2
       1
       1
       0
       0
       1
       1
       1
       0
       0
       1
       1
       0
       0
       0
       0
       1
       3
       0
       0
       2
       1
       0
       2
       1
       1
       0
       0
       1
       0
       0
       1
       2
       0
       0
       1
       0
       4
       1
       0
       0
       0
       0
       0
       0
       0
       1
       0
       1
       0
       0
       0
       0
       0
       0
       1
       0
       0
       0
       0
       0
       0
       0
       0
       0
       0
       0
       0
       0
       0
       0
       0
       0
$ROI:
3
162 224
345 375
1311 1544
$PRESETS:
Live Time
1200
0
$ENER_FIT:
0.000000 0.359353
$MCA_CAL:
3
0.000000E+000 3.593530E-001 0.000000E+000 keV
$SHAPE_CAL:
3
0.000000E+000 0.000000E+000 0.000000E+000
