$SPEC_ID:
This is sample 097.
$SPEC_REM:
DET# 1
DETDESC# DIP1456 PCI-Trump SN 253
AP# Maestro Version 7.01
$DATE_MEA:
01/26/2025 06:36:37
$MEAS_TIM:
1200 1254
$DATA:
0 2047
       0
       0
       0
       0
       0
       0
       0
       0
       0
       0
       0
       0
       0
       0
       0
       0
       1
       4
       5
       7
       8
       9
       8
      14
      17
      20
      18
      16
      21
      29
      27
      20
      23
      21
      34
      20
      33
      32
      28
      34
      29
      38
      33
      22
      25
      43
      26
      35
      35
      25
      28
      29
      23
      30
      37
      31
      29
      36
      31
      33
      36
      37
      28
      32
      24
      28
      28
      42
      21
      27
      33
      36
      23
      27
      24
      21
      29
      32
      35
      31
      24
      33
      32
      41
      20
      31
      37
      38
      36
      40
      26
      35
      26
      23
      23
      42
      31
      30
      29
      34
      36
      35
      35
      32
      36
      41
      33
      45
      40
      39
      42
      37
      30
      33
      29
      44
      38
      40
      28
      40
      25
      29
      32
      28
      36
      40
      36
      40
      26
      30
      36
      34
      37
      54
      33
      43
      39
      30
      33
      25
      25
      34
      33
      42
      34
      39
      40
      35
      38
      40
      31
      41
      44
      44
      30
      33
      32
      32
      43
      38
      47
      39
      37
      32
      35
      35
      34
      36
      18
      29
      41
      38
      28
      28
      29
      29
      39
      43
      27
      32
      32
      27
      34
      36
      35
      36
      31
      53
      41
      33
      41
      39
      42
      37
      24
      39
      35
      41
      27
      31
      38
      33
      36
      36
      35
      39
      36
      30
      52
      43
      47
      36
      34
      45
      40
      41
      34
      38
      29
      30
      32
      41
      36
      46
      40
      43
      45
      31
      33
      44
      41
      40
      27
      46
      47
      30
      29
      28
      26
      43
      24
      34
      27
      36
      36
      51
      34
      30
      36
      34
      31
      26
      37
      32
      33
      40
      40
      40
      38
      31
      32
      38
      39
      28
      38
      30
      47
      42
      44
      36
      32
      40
      40
      22
      36
      41
      37
      34
      33
      45
      44
      29
      38
      31
      52
      40
      31
      25
      34
      42
      30
      42
      31
      42
      34
      44
      37
      38
      33
      35
      43
      46
      30
      48
      46
      41
      47
      34
      45
      35
      42
      34
      47
      33
      31
      43
      37
      37
      34
      29
      38
      41
      33
      39
      35
      28
      33
      30
      45
      38
      36
      40
      35
      44
      34
      26
      40
      39
      30
      47
      36
      41
      31
      39
      33
      27
      36
      31
      39
      35
      36
      36
      25
      34
      40
      40
      30
      31
      35
      39
      34
      40
      40
      40
      44
      44
      38
      41
      42
      37
      30
      34
      37
      42
      28
      49
      32
      37
      37
      29
      37
      35
      41
      33
      33
      28
      35
      24
      33
      34
      29
      37
      37
      39
      36
      41
      30
      37
      30
      40
      41
      32
      29
      40
      39
      29
      36
      30
      37
      50
      36
      32
      36
      47
      25
      31
      37
      40
      44
      37
      36
      29
      33
      37
      42
      36
      39
      36
      28
      37
      40
      40
      43
      42
      39
      46
      30
      38
      41
      37
      29
      35
      32
      31
      40
      43
      36
      39
      29
      30
      42
      37
      39
      39
      38
      43
      35
      29
      42
      33
      31
      37
      30
      26
      48
      31
      33
      51
      29
      26
      43
      33
      26
      36
      35
      39
      45
      34
      39
      49
      34
      42
      30
      40
      30
      44
      27
      34
      31
      26
      28
      38
      35
      40
      31
      40
      40
      43
      38
      35
      45
      39
      40
      37
      35
      47
      61
      34
      38
      38
      39
      37
      43
      35
      33
      43
      28
      32
      38
      41
      47
      46
      38
      35
      48
      55
      45
      56
      29
      47
      41
      39
      32
      40
      58
      48
      35
      43
      42
      39
      48
      29
      45
      46
      44
      32
      56
      38
      39
      39
      40
      46
      42
      29
      45
      28
      38
      42
      34
      45
      41
      47
      40
      39
      31
      63
      42
      36
      27
      51
      38
      27
      47
      37
      35
      42
      31
      44
      39
      40
      47
      43
      33
      47
      31
      27
      38
      38
      35
      35
      22
      35
      36
      31
      41
      31
      48
      51
      40
      35
      49
      38
      42
      28
      35
      43
      28
      58
      48
      37
      39
      35
      43
      34
      46
      32
      31
      41
      30
      38
      32
      36
      41
      32
      43
      31
      31
      39
      43
      36
      28
      31
      35
      43
      38
      29
      30
      42
      41
      37
      29
      40
      43
      35
      43
      38
      39
      34
      29
      31
      37
      33
      42
      44
      50
      34
      31
      40
      38
      42
      40
      31
      34
      39
      32
      28
      32
      34
      34
      44
      41
      31
      32
      39
      45
      39
      40
      34
      36
      40
      33
      41
      32
      42
      38
      42
      38
      37
      35
      30
      31
      39
      32
      43
      46
      36
      32
      29
      31
      33
      40
      19
      37
      43
      30
      39
      35
      42
      34
      32
      56
      39
      39
      31
      25
      36
      37
      32
      29
      32
      34
      32
      36
      37
      41
      41
      45
      24
      29
      34
      32
      29
      31
      46
      39
      37
      31
      34
      34
      36
      27
      43
      34
      45
      32
      31
      31
      45
      40
      38
      34
      33
      36
      43
      33
      37
      32
      40
      38
      38
      47
      35
      19
      37
      52
      39
      33
      48
      51
      41
      34
      30
      28
      34
      39
      37
      33
      36
      29
      38
      34
      34
      47
      42
      41
      34
      30
      60
      42
      43
      42
      38
      27
      45
      41
      36
      35
      46
      36
      50
      45
      33
      29
      41
      34
      35
      42
      43
      38
      38
      41
      53
      45
      42
      51
      37
      30
      42
      39
      51
      42
      41
      40
      29
      45
      51
      48
      44
      29
      34
      37
      46
      39
      38
      36
      49
      42
      45
      43
      42
      39
      33
      43
      54
      33
      47
      38
      36
      36
      38
      32
      29
      47
      42
      45
      49
      38
      54
      40
      61
      34
      38
      37
      37
      32
      49
      37
      46
      42
      39
      49
      42
      33
      43
      40
      39
      33
      43
      47
      46
      44
      38
      46
      37
      36
      28
      33
      51
      47
      40
      49
      27
      33
      40
      41
      41
      42
      39
      42
      44
      30
      32
      43
      41
      27
      30
      30
      39
      29
      32
      36
      29
      31
      32
      31
      29
      35
      36
      33
      29
      18
      26
      22
      30
      24
      28
      27
      25
      25
      25
      23
      30
      30
      26
      27
      26
      23
      19
      20
      13
      36
      12
      14
      18
      17
      26
      21
      15
      21
      21
      23
      18
      17
      21
      16
      18
      12
      19
      10
      13
      17
      18
      13
      13
      16
      13
      10
      14
      14
      30
      11
      19
      11
      12
      15
      14
      17
       8
      12
       6
      12
      13
       9
       8
      10
      14
      11
       7
      16
       7
      11
       9
      10
      11
      13
       8
      11
      10
      13
       7
      11
       7
      13
      10
       6
       8
      15
      15
      10
      11
       9
       8
       8
       4
       2
      11
       3
       3
       5
       7
       4
       7
      11
       8
       5
      10
       8
       9
       6
       8
       8
       7
      11
       8
       6
       7
       5
       7
       8
       7
       9
       7
       6
       4
       6
       5
       4
       9
       4
      11
       5
       6
       7
       9
       4
       3
      10
       4
       5
       3
       4
       6
       6
       5
       6
       4
       2
       4
       3
       1
       8
       6
       3
       3
       5
       3
       3
       3
       5
       8
       6
       5
      10
      12
       5
       3
       6
       6
       7
       7
       3
       8
       3
       3
       7
       2
       8
       4
       5
       5
       2
       9
       1
       3
       4
       1
       4
       3
       4
       3
       4
       5
       4
       6
       4
       2
       3
       6
       5
       3
       3
       3
       5
       7
       4
       1
       2
       6
       3
       7
       3
       5
       4
       6
       0
       6
       5
       3
       3
       7
       1
       2
       2
       4
       6
       0
       6
       2
       5
       2
       3
       1
       1
       1
       3
       4
       7
       7
       1
       2
       2
       4
       5
       3
       3
       1
       5
       3
       3
       5
       5
       2
       2
       2
       2
       7
       4
       3
       6
       5
       5
       3
       2
       3
       1
       5
       4
       1
       5
       1
       6
       2
       2
       0
       1
       2
       3
       4
       0
       5
       5
       7
       5
       4
       1
       0
       7
       2
       2
       1
       7
       1
       1
       2
       3
       4
       3
       1
       6
       2
       6
       4
       1
       1
       3
       1
       6
       5
       3
       0
       2
       2
       2
       0
       3
       2
       1
       6
       6
       5
       4
       3
       4
       6
       5
       4
       4
       2
       1
       3
       5
       0
       1
       5
       2
       7
       5
       3
       5
       2
       5
       3
       0
       3
       2
       1
       5
       7
       4
       5
       1
       1
       5
       2
       8
       5
       3
       5
       2
       7
       3
       4
       6
       6
       6
       1
       6
       5
       4
       3
      10
       8
       7
       2
       9
       7
       8
       9
       7
       7
       8
       6
       9
       3
      13
      10
      12
      15
      14
       7
      14
      10
      20
      25
      15
      17
      24
      17
      18
      16
      19
      18
      34
      18
      26
      40
      40
      40
      43
      31
      48
      50
      40
      61
      51
      61
      72
      57
      64
      66
      71
      82
      67
      77
      93
     100
      81
      88
      85
     104
     109
     111
      90
     116
     112
     147
     144
     140
     139
     157
     183
     128
     169
     183
     155
     191
     155
     164
     158
     195
     213
     221
     210
     249
     217
     239
     244
     287
     249
     262
     258
     279
     282
     299
     300
     315
     337
     308
     305
     308
     296
     324
     309
     348
     366
     370
     367
     357
     384
     365
     378
     398
     424
     426
     411
     392
     406
     394
     400
     421
     435
     444
     415
     416
     441
     471
     450
     463
     432
     481
     498
     450
     460
     464
     471
     442
     478
     459
     456
     422
     431
     446
     441
     431
     487
     459
     460
     445
     424
     432
     415
     416
     446
     438
     423
     422
     432
     376
     439
     397
     360
     402
     397
     376
     369
     360
     343
     343
     369
     330
     338
     347
     295
     301
     312
     266
     269
     262
     288
     247
     246
     270
     233
     245
     223
     226
     208
     172
     203
     226
     172
     217
     145
     155
     180
     154
     157
     169
     147
     143
     140
     114
     134
     143
     114
     125
      90
     115
      95
      81
      89
      83
      97
      78
      80
      69
      71
      45
      55
      71
      62
      61
      64
      50
      55
      43
      38
      40
      37
      38
      35
      33
      32
      26
      18
      21
      23
      27
      16
      25
      11
      19
      21
      14
      18
       5
      14
      11
      14
      10
      12
      13
       5
       7
      12
       6
       5
       8
       6
       2
       2
       5
       7
       3
       5
       4
       1
       1
       6
       5
       5
       2
       4
       4
       6
       2
       3
       3
       0
       3
       1
       1
       4
       4
       2
       2
       0
       2
       1
       8
       2
       1
       2
       1
       0
       3
       0
       2
       0
       0
       0
       0
       2
       0
       3
       0
       0
       0
       0
       1
       0
       2
       1
       3
       1
       2
       1
       0
       0
       1
       0
       1
       0
       0
       2
       2
       2
       2
       0
       0
       0
       0
       1
       2
       0
       0
       0
       3
       1
       1
       1
       2
       1
       2
       2
       2
       1
       0
       0
       1
       0
       2
       1
       0
       0
       0
       0
       1
       0
       0
       3
       0
       1
       1
       2
       1
       0
       0
       1
       1
       0
       0
       1
       1
       1
       0
       0
       3
       0
       0
       3
       2
       0
       0
       1
       1
       1
       1
       0
       0
       1
       0
       3
       0
       2
       0
       1
       0
       3
       2
       1
       1
       1
       0
       1
       1
       0
       1
       2
       1
       5
       0
       0
       0
       1
       0
       2
       0
       0
       0
       4
       5
       1
       0
       2
       2
       1
       2
       2
       2
       0
       1
       0
       0
       1
       0
       1
       2
       1
       2
       0
       1
       3
       0
       0
       0
       0
       0
       0
       2
       0
       1
       0
       0
       1
       2
       1
       0
       1
       1
       0
       0
       1
       0
       3
       1
       0
       2
       1
       1
       0
       1
       2
       2
       1
       0
       2
       1
       1
       2
       2
       2
       0
       0
       1
       1
       1
       2
       0
       2
       1
       2
       3
       0
       0
       2
       0
       0
       0
       1
       5
       2
       1
       0
       2
       3
       0
       1
       2
       2
       0
       3
       1
       0
       2
       0
       2
       2
       1
       2
       0
       1
       0
       0
       0
       0
       3
       1
       0
       2
       0
       2
       0
       1
       1
       2
       0
       3
       0
       3
       2
       0
       1
       3
       0
       0
       0
       1
       1
       2
       0
       1
       1
       1
       1
       1
       1
       1
       0
       1
       1
       0
       0
       1
       0
       0
       0
       0
       2
       1
       2
       1
       1
       1
       0
       1
       0
       0
       1
       4
       1
       1
       1
       1
       1
       0
       0
       2
       0
       1
       1
       1
       2
       0
       1
       1
       0
       0
       0
       2
       0
       0
       1
       0
       1
       0
       1
       2
       1
       2
       1
       1
       0
       0
       2
       2
       1
       1
       0
       0
       1
       2
       0
       0
       2
       0
       2
       0
       0
       2
       1
       2
       1
       1
       2
       3
       1
       2
       1
       0
       1
       1
       0
       0
       1
       3
       0
       1
       1
       0
       1
       0
       2
       1
       1
       2
       3
       0
       1
       3
       1
       1
       1
       2
       1
       2
       2
       1
       0
       1
       1
       1
       0
       1
       2
       1
       0
       1
       0
       1
       0
       0
       1
       0
       0
       1
       1
       2
       3
       0
       2
       0
       0
       2
       1
       0
       1
       2
       1
       1
       1
       1
       0
       1
       1
       0
       1
       0
       1
       0
       0
       2
       2
       0
       1
       1
       0
       2
       1
       1
       0
       1
       1
       3
       0
       1
       0
       0
       1
       0
       0
       3
       2
       0
       1
       0
       0
       0
       0
       0
       0
       1
       0
       0
       0
       0
       0
       0
       0
       0
       0
       0
       0
       0
       0
       0
       0
       0
$ROI:
3
162 224
345 375
1311 1544
$PRESETS:
Live Time
1200
0
$ENER_FIT:
0.000000 0.359353
$MCA_CAL:
3
0.000000E+000 3.593530E-001 0.000000E+000 keV
$SHAPE_CAL:
3
0.000000E+000 0.000000E+000 0.000000E+000
