$SPEC_ID:
This is sample 054.
$SPEC_REM:
DET# 1
DETDESC# DIP1456 PCI-Trump SN 253
AP# Maestro Version 7.01
$DATE_MEA:
01/25/2025 14:26:07
$MEAS_TIM:
1200 1254
$DATA:
0 2047
       0
       0
       0
       0
       0
       0
       0
       0
       0
       0
       0
       0
       0
       0
       0
       0
       1
       2
       4
       6
       3
       5
       9
      11
      12
      20
      14
      26
      25
      21
      31
      29
      23
      20
      36
      37
      23
      21
      28
      30
      29
      26
      31
      33
      31
      30
      26
      26
      27
      25
      29
      27
      33
      30
      27
      31
      25
      31
      26
      27
      41
      36
      30
      25
      39
      29
      35
      38
      32
      34
      32
      30
      35
      35
      28
      36
      33
      29
      29
      30
      31
      36
      39
      28
      32
      33
      24
      31
      40
      24
      32
      29
      33
      36
      34
      32
      36
      33
      27
      29
      26
      26
      39
      29
      42
      34
      32
      24
      35
      34
      31
      37
      33
      42
      23
      32
      33
      35
      34
      28
      32
      22
      39
      35
      35
      26
      38
      29
      32
      34
      45
      24
      31
      32
      37
      33
      34
      31
      19
      42
      39
      33
      38
      39
      35
      34
      40
      36
      38
      37
      35
      22
      29
      31
      29
      33
      33
      33
      17
      32
      37
      35
      33
      27
      39
      43
      43
      51
      42
      43
      44
      34
      42
      38
      34
      45
      34
      39
      30
      37
      30
      35
      38
      35
      25
      37
      34
      37
      41
      31
      27
      35
      30
      29
      44
      28
      42
      36
      32
      30
      35
      36
      37
      24
      30
      30
      38
      33
      32
      28
      34
      38
      33
      38
      34
      38
      30
      43
      41
      47
      33
      35
      39
      31
      33
      29
      33
      23
      35
      37
      29
      36
      38
      31
      46
      28
      36
      35
      36
      39
      38
      35
      34
      43
      24
      41
      40
      52
      32
      33
      38
      43
      45
      41
      36
      30
      29
      38
      48
      43
      31
      43
      43
      23
      38
      38
      35
      35
      45
      33
      43
      36
      30
      27
      31
      35
      33
      40
      30
      42
      34
      34
      32
      38
      38
      32
      34
      37
      36
      33
      43
      37
      35
      37
      49
      42
      25
      36
      34
      34
      37
      38
      31
      31
      36
      44
      36
      30
      28
      41
      38
      35
      45
      43
      37
      46
      33
      36
      48
      43
      37
      38
      36
      42
      34
      41
      34
      41
      41
      41
      34
      39
      34
      32
      42
      42
      36
      36
      40
      25
      33
      33
      38
      44
      46
      40
      41
      40
      44
      44
      33
      33
      29
      31
      33
      31
      35
      32
      32
      36
      36
      48
      32
      35
      30
      33
      55
      37
      40
      41
      34
      44
      53
      32
      33
      42
      39
      41
      35
      41
      36
      41
      33
      38
      36
      45
      32
      35
      33
      29
      23
      37
      46
      41
      31
      41
      43
      28
      36
      37
      29
      54
      37
      31
      25
      40
      39
      49
      39
      37
      33
      27
      42
      28
      37
      36
      39
      43
      35
      35
      54
      37
      33
      31
      41
      40
      36
      37
      38
      38
      36
      43
      32
      52
      36
      34
      43
      35
      42
      37
      41
      24
      38
      36
      47
      38
      46
      40
      25
      36
      42
      38
      28
      32
      38
      28
      43
      32
      40
      33
      32
      33
      32
      28
      47
      38
      35
      27
      30
      38
      40
      41
      27
      45
      32
      38
      38
      44
      39
      41
      31
      33
      41
      36
      43
      35
      35
      36
      34
      33
      34
      44
      35
      41
      27
      44
      37
      47
      41
      38
      43
      40
      31
      35
      40
      34
      39
      38
      56
      44
      35
      53
      50
      40
      42
      38
      42
      34
      27
      41
      32
      49
      40
      35
      43
      34
      35
      42
      44
      47
      43
      27
      32
      37
      44
      41
      36
      45
      49
      46
      51
      49
      36
      34
      30
      37
      41
      32
      50
      37
      24
      37
      42
      45
      42
      31
      46
      40
      53
      44
      45
      43
      37
      40
      34
      27
      45
      44
      37
      34
      31
      43
      36
      41
      41
      43
      33
      37
      41
      40
      34
      28
      31
      34
      36
      28
      38
      36
      45
      47
      35
      36
      35
      36
      45
      37
      36
      42
      27
      47
      29
      45
      36
      36
      44
      36
      34
      45
      29
      34
      30
      31
      36
      34
      35
      41
      35
      32
      33
      47
      35
      39
      38
      35
      32
      44
      49
      39
      32
      33
      40
      40
      44
      41
      41
      35
      32
      30
      37
      31
      28
      32
      39
      29
      38
      34
      27
      46
      38
      36
      34
      36
      33
      37
      36
      38
      43
      34
      43
      28
      36
      44
      35
      30
      30
      38
      38
      38
      32
      37
      44
      31
      44
      38
      41
      33
      45
      31
      27
      32
      27
      32
      47
      42
      44
      39
      32
      39
      26
      31
      37
      44
      44
      35
      42
      38
      47
      33
      33
      42
      36
      37
      39
      33
      43
      38
      39
      26
      35
      33
      33
      46
      47
      36
      39
      43
      50
      43
      36
      40
      43
      31
      28
      32
      33
      30
      27
      42
      49
      30
      26
      35
      43
      31
      38
      25
      29
      34
      33
      30
      38
      37
      31
      23
      23
      22
      41
      46
      47
      40
      36
      45
      26
      31
      48
      43
      37
      31
      37
      35
      40
      29
      35
      41
      25
      34
      52
      38
      32
      41
      38
      42
      48
      35
      41
      37
      38
      36
      42
      35
      45
      41
      38
      35
      37
      36
      42
      41
      43
      38
      34
      18
      34
      44
      36
      41
      36
      39
      46
      41
      32
      31
      47
      35
      30
      27
      37
      44
      33
      41
      52
      38
      40
      43
      34
      46
      42
      37
      52
      40
      41
      29
      47
      47
      38
      38
      42
      54
      34
      46
      47
      56
      33
      48
      41
      47
      55
      38
      36
      38
      48
      59
      40
      45
      40
      42
      40
      48
      39
      47
      36
      40
      32
      46
      27
      53
      45
      31
      34
      32
      30
      32
      32
      40
      39
      38
      37
      47
      38
      39
      36
      45
      47
      34
      38
      35
      49
      40
      38
      41
      38
      37
      40
      37
      45
      34
      41
      39
      40
      35
      36
      46
      31
      42
      34
      38
      38
      35
      45
      30
      29
      50
      39
      29
      33
      35
      39
      31
      24
      26
      31
      45
      31
      30
      28
      32
      27
      28
      40
      30
      24
      21
      30
      26
      30
      22
      30
      23
      23
      20
      26
      20
      27
      25
      22
      27
      22
      19
      20
      23
      23
      23
      14
      12
      17
      12
      27
      13
      15
      23
      18
      18
      16
      21
      13
      10
      12
      11
      13
      24
      11
      17
      15
      11
      13
      18
      13
       7
      14
      13
      16
      14
      12
       9
      13
      11
      12
      11
      10
      14
       7
      18
      12
       9
       8
      16
       7
       9
       9
       8
      11
       9
      10
       4
       6
       9
       4
      10
       8
      12
      11
      13
      15
      14
       6
       7
      16
       6
       7
       7
       8
       9
       9
       9
       8
       3
       7
      12
      11
       5
      11
       8
       3
       5
       8
       9
       4
      12
       9
      11
       8
       3
       8
       5
      10
       3
       5
       5
       4
       4
       2
       7
       4
       6
      10
       1
      10
       7
       3
       4
       7
       9
       4
       6
       3
       7
       2
       6
      10
       5
       6
       6
       8
       2
       5
      12
       4
       5
       5
       2
       8
       8
       4
       3
       4
       5
       5
       1
       6
       4
       8
       5
       8
       5
       1
       4
       4
       2
       3
       7
       3
       9
       6
       4
       6
       3
       4
       4
       4
       1
       4
       3
       2
       4
       3
       5
       4
       6
       5
       4
       5
       3
       4
       2
       5
       3
       5
       3
       4
       3
       6
       2
       3
       3
       4
       6
       7
       3
       5
       1
       3
       4
       1
       1
       3
       6
       4
       4
       2
       2
       5
       2
       4
       3
       1
       4
       0
       4
       3
       0
       4
       5
       4
       3
       1
       3
       3
       7
       1
       2
       1
       2
       4
       7
       3
       1
       5
       1
       3
       2
       1
       4
       4
       6
       4
       4
       2
       4
       1
       5
       3
       2
       3
       2
       1
       5
       7
       3
       7
       2
       4
       4
       2
       4
       4
       3
       4
       4
       4
       3
       4
       3
       4
       0
       1
       2
       0
       2
       4
       0
       4
       6
       3
       3
       0
       0
       7
       2
       4
       3
       2
       2
       7
       3
       3
       1
       2
       3
       8
       4
       3
       3
       3
       4
       4
       1
       5
       4
       3
       3
       4
       2
       3
       2
       7
       0
       3
       2
       1
       7
       3
       3
       4
       5
       2
       3
       2
       1
       0
       0
       7
       3
       2
       1
       2
       3
       5
       5
       2
       3
       2
       3
       2
       6
       4
      11
       3
       4
       3
       2
       7
       3
       7
       6
      11
       4
       3
       4
       6
      11
       5
       6
       4
       6
       5
      10
       7
       7
       3
       9
      11
      13
      14
      12
      16
      13
      10
      15
      10
      17
      15
      14
      24
      23
      23
      16
      29
      24
      23
      32
      27
      28
      33
      38
      34
      39
      40
      46
      38
      46
      61
      45
      57
      48
      62
      66
      65
      74
      88
      85
      83
      85
     101
      92
      77
     106
     109
     112
      98
     127
     130
     139
     135
     123
     158
     153
     138
     147
     163
     163
     187
     190
     190
     184
     178
     199
     207
     219
     220
     236
     235
     248
     266
     268
     241
     268
     272
     256
     313
     294
     296
     291
     338
     296
     315
     323
     325
     314
     359
     376
     384
     378
     321
     379
     383
     396
     363
     415
     387
     438
     406
     396
     446
     411
     410
     433
     417
     462
     426
     444
     464
     454
     427
     466
     503
     465
     470
     444
     462
     432
     446
     445
     458
     468
     461
     456
     463
     464
     450
     452
     466
     441
     439
     476
     441
     423
     427
     421
     404
     406
     397
     421
     410
     419
     396
     416
     391
     370
     412
     370
     378
     330
     339
     371
     303
     346
     323
     354
     288
     313
     286
     289
     291
     272
     257
     250
     253
     278
     233
     244
     219
     205
     238
     218
     199
     222
     199
     199
     179
     189
     155
     159
     163
     136
     149
     135
     121
     125
     124
     132
     128
     112
     106
      93
      92
      83
      83
      68
      87
      74
      59
      63
      77
      69
      61
      54
      52
      70
      47
      53
      50
      29
      46
      46
      32
      30
      26
      46
      30
      24
      18
      22
      31
      19
      27
      22
      18
      12
      18
      15
      26
      16
      14
      14
      12
      14
       7
      11
       7
       9
       6
       7
       5
       5
       9
      11
      10
      12
       5
       3
       2
       4
       6
       3
       4
       4
       3
       0
       1
       2
       3
       4
       1
       0
       3
       1
       1
       1
       4
       3
       0
       3
       3
       0
       3
       0
       4
       1
       2
       1
       2
       1
       0
       1
       0
       2
       1
       1
       1
       0
       1
       2
       2
       0
       2
       0
       0
       3
       0
       2
       1
       0
       0
       1
       1
       4
       0
       1
       2
       4
       4
       3
       3
       3
       2
       1
       2
       1
       1
       1
       2
       2
       0
       0
       2
       3
       0
       4
       0
       5
       1
       1
       0
       1
       0
       0
       1
       3
       1
       2
       0
       1
       1
       0
       2
       1
       1
       1
       0
       2
       1
       0
       0
       1
       1
       1
       0
       0
       2
       1
       3
       1
       3
       0
       2
       2
       0
       1
       1
       0
       0
       0
       0
       1
       0
       1
       2
       1
       1
       1
       2
       1
       2
       0
       3
       1
       2
       2
       0
       0
       0
       1
       0
       0
       1
       0
       0
       1
       0
       3
       1
       1
       2
       0
       3
       3
       1
       0
       2
       0
       1
       1
       2
       0
       2
       0
       2
       2
       1
       3
       0
       2
       0
       1
       1
       1
       0
       1
       1
       3
       2
       0
       1
       0
       0
       1
       3
       2
       0
       1
       2
       0
       1
       2
       2
       0
       2
       1
       1
       1
       2
       0
       2
       1
       1
       1
       1
       0
       0
       1
       1
       0
       1
       2
       1
       0
       0
       1
       1
       1
       0
       0
       0
       0
       1
       0
       1
       0
       1
       0
       0
       0
       0
       1
       1
       3
       0
       2
       2
       2
       0
       0
       1
       1
       0
       1
       3
       1
       0
       1
       0
       2
       1
       1
       0
       0
       0
       0
       1
       1
       1
       0
       1
       3
       0
       2
       0
       0
       1
       0
       2
       0
       0
       0
       0
       1
       1
       1
       0
       2
       3
       0
       1
       0
       3
       1
       1
       2
       0
       1
       1
       1
       2
       0
       2
       0
       0
       1
       0
       2
       0
       0
       0
       2
       2
       1
       0
       1
       1
       3
       1
       0
       1
       0
       1
       1
       1
       3
       0
       0
       0
       0
       0
       0
       1
       1
       1
       2
       0
       1
       1
       1
       2
       2
       1
       2
       1
       0
       0
       0
       1
       2
       0
       1
       2
       0
       0
       0
       1
       2
       1
       0
       1
       0
       0
       3
       0
       1
       1
       0
       1
       2
       1
       1
       0
       1
       0
       0
       0
       0
       1
       1
       2
       2
       0
       1
       0
       0
       1
       1
       1
       0
       3
       1
       1
       0
       1
       2
       1
       0
       0
       0
       0
       0
       1
       2
       0
       0
       1
       1
       1
       0
       0
       0
       0
       1
       2
       2
       0
       0
       2
       2
       3
       0
       2
       1
       1
       0
       1
       2
       0
       2
       1
       0
       0
       1
       1
       0
       0
       0
       0
       2
       2
       1
       1
       0
       0
       0
       0
       0
       1
       0
       0
       2
       2
       1
       1
       1
       0
       1
       1
       3
       0
       2
       1
       1
       2
       0
       1
       0
       0
       2
       0
       1
       2
       1
       0
       0
       0
       1
       0
       2
       1
       0
       0
       0
       0
       0
       0
       0
       0
       0
       0
       0
       0
       0
       0
       0
       0
       0
       0
       0
       0
       0
       0
       0
       0
       0
$ROI:
3
162 224
345 375
1311 1544
$PRESETS:
Live Time
1200
0
$ENER_FIT:
0.000000 0.359353
$MCA_CAL:
3
0.000000E+000 3.593530E-001 0.000000E+000 keV
$SHAPE_CAL:
3
0.000000E+000 0.000000E+000 0.000000E+000
