$SPEC_ID:
This is sample 154.
$SPEC_REM:
DET# 1
DETDESC# DIP1456 PCI-Trump SN 253
AP# Maestro Version 7.01
$DATE_MEA:
01/27/2025 04:02:59
$MEAS_TIM:
1200 1254
$DATA:
0 2047
       0
       0
       0
       0
       0
       0
       0
       0
       0
       0
       0
       0
       0
       0
       0
       0
       1
       3
       5
       9
       5
      11
      13
      13
      15
      12
      26
      16
      20
      17
      26
      19
      34
      25
      29
      32
      30
      39
      26
      31
      29
      35
      22
      37
      22
      25
      36
      23
      32
      31
      29
      34
      35
      34
      32
      32
      27
      31
      29
      42
      32
      34
      34
      32
      36
      26
      31
      15
      26
      45
      26
      34
      35
      29
      27
      25
      28
      37
      22
      22
      34
      39
      36
      29
      29
      48
      34
      44
      34
      43
      29
      38
      34
      37
      27
      41
      37
      45
      29
      38
      36
      37
      35
      31
      27
      39
      35
      39
      41
      36
      28
      36
      34
      39
      36
      37
      41
      33
      26
      33
      27
      41
      29
      41
      36
      32
      40
      35
      43
      31
      29
      33
      35
      47
      29
      42
      38
      40
      24
      32
      39
      41
      40
      30
      33
      38
      40
      34
      37
      39
      34
      45
      41
      38
      36
      36
      31
      33
      32
      42
      39
      24
      35
      37
      43
      32
      35
      30
      33
      34
      42
      37
      28
      40
      31
      28
      38
      34
      40
      32
      33
      39
      33
      39
      22
      34
      36
      32
      32
      32
      40
      36
      30
      23
      42
      31
      42
      28
      41
      33
      45
      36
      30
      35
      19
      29
      24
      40
      40
      40
      41
      38
      40
      39
      37
      34
      36
      22
      38
      44
      36
      36
      35
      24
      44
      30
      38
      23
      44
      35
      28
      32
      33
      30
      37
      39
      33
      27
      32
      26
      37
      37
      35
      31
      47
      37
      37
      34
      38
      41
      36
      31
      35
      40
      36
      41
      44
      39
      38
      34
      32
      35
      42
      36
      44
      36
      30
      37
      50
      47
      33
      31
      32
      42
      39
      36
      43
      32
      39
      36
      37
      47
      35
      45
      36
      43
      32
      42
      26
      42
      39
      30
      38
      38
      41
      32
      33
      29
      32
      41
      36
      41
      36
      31
      35
      37
      27
      39
      38
      34
      37
      37
      41
      30
      39
      45
      43
      34
      32
      28
      52
      47
      38
      35
      38
      40
      33
      43
      31
      32
      35
      23
      42
      40
      39
      39
      41
      30
      30
      37
      35
      30
      56
      29
      42
      30
      34
      33
      38
      41
      38
      36
      29
      33
      37
      31
      33
      28
      39
      47
      35
      35
      34
      33
      46
      52
      31
      41
      26
      43
      40
      41
      31
      33
      41
      34
      35
      53
      43
      38
      38
      37
      40
      29
      40
      38
      36
      36
      41
      35
      32
      34
      45
      36
      44
      44
      33
      32
      35
      43
      34
      33
      35
      38
      36
      40
      30
      25
      34
      26
      35
      39
      37
      34
      47
      50
      46
      32
      46
      39
      38
      27
      32
      52
      29
      36
      31
      28
      50
      34
      32
      49
      25
      34
      31
      41
      41
      30
      34
      29
      33
      34
      32
      34
      38
      53
      37
      31
      33
      37
      36
      36
      32
      41
      40
      44
      49
      42
      40
      37
      36
      40
      37
      43
      36
      35
      37
      43
      37
      44
      37
      38
      34
      32
      30
      43
      42
      42
      35
      38
      38
      35
      33
      52
      48
      43
      39
      26
      39
      38
      32
      41
      41
      37
      37
      38
      36
      25
      37
      39
      39
      39
      46
      38
      48
      27
      42
      38
      47
      37
      44
      35
      33
      41
      41
      38
      51
      53
      40
      45
      49
      50
      35
      33
      36
      42
      43
      47
      36
      43
      39
      31
      45
      42
      41
      42
      41
      30
      50
      42
      44
      37
      37
      34
      35
      35
      31
      26
      37
      33
      26
      44
      38
      46
      38
      34
      45
      40
      35
      43
      41
      47
      42
      41
      45
      38
      44
      59
      39
      30
      51
      47
      40
      48
      45
      39
      36
      45
      28
      43
      46
      41
      42
      32
      41
      50
      29
      36
      45
      35
      31
      33
      48
      43
      52
      40
      31
      49
      41
      31
      44
      44
      48
      30
      33
      50
      35
      40
      40
      37
      33
      39
      31
      39
      43
      49
      34
      53
      49
      30
      42
      31
      35
      27
      29
      33
      38
      36
      31
      35
      34
      38
      40
      30
      43
      32
      44
      27
      30
      44
      26
      37
      38
      40
      39
      26
      32
      36
      34
      28
      32
      39
      41
      22
      42
      34
      43
      31
      32
      36
      38
      44
      33
      35
      29
      38
      40
      41
      33
      35
      45
      42
      32
      38
      25
      37
      41
      42
      29
      31
      40
      38
      48
      29
      41
      31
      41
      29
      40
      30
      27
      30
      37
      31
      37
      27
      33
      24
      35
      40
      42
      35
      26
      29
      32
      27
      39
      47
      37
      28
      38
      48
      45
      39
      37
      36
      35
      49
      40
      33
      32
      46
      36
      41
      41
      35
      24
      41
      42
      41
      40
      28
      48
      41
      43
      35
      41
      36
      42
      46
      25
      39
      37
      40
      38
      38
      46
      34
      35
      32
      36
      31
      24
      45
      38
      38
      33
      46
      33
      34
      43
      34
      34
      42
      35
      36
      26
      40
      43
      40
      47
      43
      29
      33
      28
      38
      43
      37
      41
      33
      40
      26
      39
      40
      38
      36
      44
      40
      47
      43
      43
      39
      55
      34
      38
      50
      35
      35
      39
      44
      36
      40
      37
      39
      46
      46
      49
      45
      40
      42
      37
      31
      46
      42
      36
      33
      35
      36
      41
      39
      37
      35
      36
      35
      43
      41
      38
      38
      42
      40
      34
      41
      41
      39
      36
      39
      49
      39
      50
      42
      46
      29
      43
      34
      54
      37
      52
      38
      48
      50
      37
      40
      43
      48
      50
      38
      33
      42
      45
      32
      44
      50
      40
      49
      37
      47
      36
      36
      41
      44
      32
      36
      48
      60
      36
      47
      40
      39
      38
      40
      30
      47
      51
      34
      38
      40
      34
      53
      38
      41
      31
      49
      44
      34
      32
      29
      32
      45
      35
      38
      31
      35
      36
      46
      44
      26
      38
      30
      40
      19
      30
      27
      28
      33
      28
      24
      36
      29
      26
      25
      27
      27
      33
      24
      20
      19
      17
      26
      19
      32
      30
      21
      24
      21
      22
      26
      21
      30
      26
      22
      21
      18
      17
      20
      19
      23
      23
      16
      12
      14
      23
      25
      18
      19
      25
      13
      12
       9
      13
      17
      15
      12
      14
      17
      14
      10
      12
      13
       9
      13
      20
       9
      13
       6
      12
      10
      11
       7
      14
       9
      11
       6
       8
       9
       5
       9
       9
       8
      12
       7
       9
      11
      14
      11
       9
       2
      11
      14
       9
       7
       8
       8
      12
      11
       4
      12
      13
      10
       5
      11
       4
      11
       6
       5
       8
      14
       7
       7
       5
       6
       7
       8
       7
       4
       9
      13
       8
       9
      10
       5
       4
       5
       5
       9
       6
       6
       8
       9
       7
       8
       4
       4
       8
       4
       5
       4
       5
       7
       5
       2
       5
       8
       8
       4
       3
       5
       5
       6
       9
       9
       8
       3
       1
       1
       6
       2
       3
       7
       7
       2
       4
       8
       7
       5
       1
       8
       5
       4
       4
       7
       2
       2
       3
       9
       7
       4
       5
       3
       3
       4
       4
       7
       3
       5
       2
       0
       6
       4
       3
       2
       2
       3
       6
       1
       7
       7
       3
       3
       5
       1
       4
       3
       3
       6
      10
       0
       4
       1
       3
       2
       6
       3
       6
       3
       5
       9
       3
       3
       1
       4
       2
       1
       2
       2
       4
       3
       4
       3
       7
       6
       3
       3
       8
       2
       1
       1
       4
       4
       2
       2
       3
       1
       4
       3
       2
       3
       4
       3
       1
       2
       1
       2
       5
       0
       5
       0
       3
       1
       5
       5
       3
       5
       3
       4
       4
       6
       1
       3
       1
       5
       2
       3
       0
       4
       0
       4
       3
       3
       3
       3
       5
       1
       6
       5
       6
       4
       4
       3
       1
       3
       6
       2
       4
       1
       1
       2
       4
       1
       3
       1
       2
       3
       3
       1
       7
       2
       4
       3
       5
       6
       4
       2
       1
       2
       0
       3
       5
       4
       4
       4
       4
       8
       4
       2
       4
       2
       2
       2
       3
       5
       2
       1
       1
       0
       0
       5
       5
       4
       5
       5
       2
       1
       2
       4
       2
       5
       2
       4
      10
       2
       4
       1
       5
       4
       5
       4
       5
       8
       7
       3
       3
       2
       7
       4
       4
       5
       5
       2
       3
       3
       2
       3
       6
       8
       3
       7
       8
       5
       6
       4
       6
       7
       5
       4
      11
       6
      10
       7
       6
       7
       9
      10
      10
      10
      10
      10
       8
      17
      15
      21
      18
      20
      22
      22
      24
      26
      24
      28
      37
      27
      37
      35
      36
      28
      46
      35
      44
      37
      52
      60
      52
      48
      55
      63
      74
      59
      54
      70
      71
      67
      70
      91
      85
     103
      95
     128
     106
     102
     122
     131
     127
     104
     110
     142
     132
     151
     147
     184
     149
     177
     175
     169
     189
     206
     178
     221
     225
     218
     237
     236
     229
     243
     274
     263
     249
     273
     316
     269
     276
     285
     256
     292
     334
     309
     321
     336
     349
     308
     379
     377
     387
     381
     376
     417
     361
     402
     397
     390
     437
     412
     417
     412
     403
     458
     443
     415
     439
     430
     412
     437
     478
     450
     462
     474
     459
     447
     475
     485
     456
     498
     414
     444
     472
     447
     496
     488
     432
     444
     444
     436
     437
     426
     440
     463
     421
     436
     423
     420
     462
     431
     427
     397
     358
     386
     376
     404
     362
     405
     358
     377
     326
     380
     370
     328
     306
     316
     297
     303
     264
     301
     305
     270
     253
     274
     245
     265
     235
     227
     227
     249
     213
     220
     205
     231
     212
     205
     174
     175
     185
     161
     191
     163
     150
     162
     141
     140
     137
     119
     132
     115
     129
      91
      86
     102
      84
      93
      84
      82
      81
      83
      78
      65
      67
      71
      59
      61
      65
      44
      51
      41
      60
      38
      39
      32
      40
      33
      40
      34
      37
      31
      28
      19
      23
      22
      20
      20
      17
      17
      14
      22
      17
      12
      11
       9
       5
       9
      16
       8
       8
      16
       9
       9
       5
       9
       6
       4
       6
       6
       8
       4
       2
       2
       2
       3
       5
       5
       6
       5
       2
       1
       4
       2
       5
       3
       0
       0
       3
       2
       4
       2
       1
       3
       4
       3
       2
       4
       2
       1
       3
       1
       1
       4
       4
       0
       4
       1
       3
       3
       1
       0
       5
       0
       2
       2
       2
       3
       1
       1
       2
       2
       4
       3
       0
       2
       1
       3
       1
       2
       2
       1
       0
       4
       1
       0
       3
       1
       1
       1
       3
       2
       0
       0
       5
       1
       0
       3
       3
       1
       0
       0
       1
       1
       3
       1
       1
       1
       1
       2
       0
       1
       0
       0
       1
       1
       0
       2
       0
       0
       0
       2
       2
       4
       0
       3
       2
       3
       1
       3
       2
       1
       0
       4
       1
       2
       3
       0
       0
       0
       1
       1
       0
       0
       4
       2
       0
       2
       0
       2
       1
       0
       1
       1
       5
       0
       1
       1
       0
       2
       4
       1
       2
       3
       1
       2
       2
       1
       1
       0
       0
       0
       1
       1
       1
       1
       0
       0
       2
       1
       1
       2
       1
       0
       0
       2
       1
       0
       0
       1
       1
       0
       0
       2
       2
       1
       0
       0
       2
       0
       0
       2
       0
       1
       0
       0
       0
       1
       4
       0
       1
       1
       0
       3
       0
       2
       0
       1
       1
       3
       1
       0
       2
       0
       2
       0
       0
       1
       1
       2
       0
       1
       1
       0
       1
       3
       0
       2
       1
       3
       1
       2
       2
       0
       1
       2
       2
       0
       1
       2
       1
       0
       2
       0
       2
       0
       2
       2
       0
       1
       1
       2
       0
       2
       5
       1
       0
       3
       1
       1
       1
       1
       6
       2
       1
       1
       1
       2
       1
       0
       1
       2
       0
       1
       0
       2
       1
       1
       0
       3
       0
       0
       1
       1
       0
       0
       2
       1
       2
       0
       1
       2
       1
       0
       1
       0
       0
       1
       1
       0
       2
       2
       0
       0
       0
       3
       4
       0
       1
       4
       0
       0
       1
       0
       0
       0
       0
       1
       2
       3
       0
       1
       1
       2
       0
       1
       2
       1
       1
       0
       2
       1
       3
       1
       2
       2
       2
       1
       1
       1
       2
       1
       2
       1
       0
       1
       1
       0
       1
       0
       2
       3
       0
       1
       1
       0
       1
       1
       0
       2
       0
       0
       0
       3
       0
       1
       0
       2
       0
       1
       3
       0
       2
       0
       1
       0
       1
       0
       0
       0
       2
       0
       1
       1
       1
       3
       0
       0
       0
       0
       0
       1
       0
       3
       1
       1
       0
       0
       0
       0
       0
       0
       1
       2
       0
       1
       2
       1
       1
       1
       0
       0
       1
       0
       1
       1
       1
       0
       0
       0
       0
       1
       2
       2
       0
       0
       1
       0
       0
       1
       0
       3
       0
       0
       1
       2
       0
       1
       1
       0
       2
       1
       0
       1
       0
       1
       0
       0
       0
       0
       1
       0
       0
       1
       1
       0
       0
       2
       0
       0
       1
       1
       0
       1
       0
       0
       1
       0
       0
       1
       0
       1
       0
       1
       0
       1
       1
       0
       0
       2
       0
       0
       0
       1
       1
       0
       0
       0
       1
       0
       0
       0
       0
       0
       0
       0
       0
       0
       0
       0
       0
       0
       0
       0
       0
       0
       0
       0
       0
       0
$ROI:
3
162 224
345 375
1311 1544
$PRESETS:
Live Time
1200
0
$ENER_FIT:
0.000000 0.359353
$MCA_CAL:
3
0.000000E+000 3.593530E-001 0.000000E+000 keV
$SHAPE_CAL:
3
0.000000E+000 0.000000E+000 0.000000E+000
