$SPEC_ID:
This is sample 300.
$SPEC_REM:
DET# 1
DETDESC# DIP1456 PCI-Trump SN 253
AP# Maestro Version 7.01
$DATE_MEA:
01/29/2025 10:57:45
$MEAS_TIM:
1200 1253
$DATA:
0 2047
       0
       0
       0
       0
       0
       0
       0
       0
       0
       0
       0
       0
       0
       0
       0
       0
       2
       4
       5
      10
       8
      11
       6
       8
       9
      16
      20
      17
      19
      28
      34
      27
      30
      26
      31
      32
      20
      26
      34
      32
      22
      26
      43
      24
      30
      26
      30
      29
      20
      26
      26
      27
      43
      34
      27
      23
      23
      31
      42
      35
      36
      32
      33
      15
      33
      33
      35
      41
      34
      31
      30
      33
      32
      22
      29
      34
      36
      32
      37
      33
      33
      36
      29
      29
      27
      34
      40
      44
      37
      43
      30
      27
      32
      47
      32
      35
      29
      32
      28
      27
      35
      35
      47
      25
      30
      32
      33
      28
      33
      35
      27
      36
      46
      37
      36
      40
      29
      26
      29
      37
      36
      35
      30
      35
      32
      25
      50
      39
      40
      35
      29
      37
      36
      38
      39
      44
      36
      35
      29
      30
      32
      27
      24
      41
      40
      28
      31
      29
      39
      39
      36
      37
      29
      35
      33
      26
      42
      41
      43
      30
      34
      33
      29
      31
      37
      34
      32
      29
      34
      32
      39
      40
      38
      27
      31
      42
      30
      41
      35
      35
      29
      41
      36
      40
      48
      29
      29
      36
      29
      34
      35
      34
      33
      35
      49
      25
      40
      38
      29
      43
      39
      47
      30
      25
      45
      45
      29
      39
      37
      36
      39
      31
      33
      30
      45
      39
      46
      35
      37
      35
      42
      42
      31
      44
      28
      44
      31
      35
      36
      43
      35
      39
      40
      32
      44
      47
      24
      26
      41
      45
      48
      33
      36
      30
      32
      39
      29
      34
      33
      27
      32
      47
      33
      53
      37
      30
      30
      51
      42
      38
      27
      41
      27
      39
      30
      41
      31
      35
      45
      35
      39
      34
      43
      30
      40
      36
      35
      32
      27
      34
      36
      44
      35
      37
      34
      49
      29
      33
      35
      36
      31
      27
      47
      40
      47
      38
      46
      28
      24
      42
      36
      40
      34
      38
      36
      39
      41
      34
      39
      31
      33
      38
      36
      40
      44
      48
      40
      32
      37
      29
      47
      44
      38
      33
      34
      44
      35
      25
      43
      42
      39
      37
      41
      34
      31
      34
      54
      39
      45
      37
      37
      34
      37
      38
      22
      42
      37
      37
      32
      37
      40
      38
      35
      40
      36
      38
      40
      33
      41
      33
      34
      37
      31
      36
      27
      32
      38
      39
      39
      30
      40
      37
      44
      26
      38
      29
      35
      44
      33
      38
      34
      31
      34
      34
      38
      33
      41
      27
      37
      47
      34
      41
      38
      27
      35
      37
      34
      37
      34
      39
      38
      40
      30
      33
      44
      42
      37
      31
      45
      29
      36
      43
      38
      31
      43
      33
      34
      36
      31
      31
      28
      45
      40
      40
      40
      31
      34
      31
      38
      43
      40
      39
      25
      43
      42
      41
      37
      41
      26
      49
      27
      37
      28
      37
      24
      35
      34
      41
      38
      42
      38
      31
      37
      32
      36
      35
      32
      29
      35
      35
      30
      32
      26
      45
      43
      33
      27
      37
      39
      46
      46
      42
      40
      49
      43
      41
      39
      33
      32
      49
      40
      26
      37
      37
      38
      42
      50
      40
      40
      46
      40
      45
      25
      43
      42
      29
      47
      44
      38
      44
      46
      46
      33
      41
      42
      30
      47
      39
      44
      40
      31
      45
      42
      50
      41
      58
      35
      34
      39
      47
      39
      36
      30
      53
      49
      47
      40
      30
      58
      43
      39
      39
      46
      38
      41
      28
      50
      43
      37
      44
      45
      37
      38
      43
      35
      33
      35
      53
      38
      33
      32
      29
      56
      41
      41
      43
      38
      48
      46
      33
      36
      41
      38
      33
      27
      47
      37
      42
      37
      33
      43
      41
      44
      48
      37
      38
      41
      38
      39
      37
      40
      40
      29
      46
      32
      39
      43
      34
      41
      31
      34
      39
      37
      23
      41
      27
      48
      42
      44
      39
      43
      32
      40
      32
      43
      43
      40
      36
      40
      34
      44
      27
      37
      35
      35
      31
      33
      42
      39
      41
      30
      34
      30
      41
      33
      36
      31
      50
      33
      38
      34
      35
      40
      39
      28
      45
      38
      30
      32
      42
      42
      29
      44
      30
      40
      45
      34
      36
      33
      37
      38
      34
      39
      37
      37
      39
      35
      29
      36
      37
      44
      50
      38
      43
      31
      34
      36
      46
      59
      41
      32
      32
      41
      37
      37
      26
      37
      28
      34
      37
      44
      40
      35
      36
      27
      39
      30
      28
      37
      30
      34
      34
      45
      30
      36
      39
      39
      42
      41
      33
      37
      38
      36
      46
      40
      36
      26
      37
      38
      42
      30
      43
      42
      40
      34
      39
      31
      39
      32
      28
      40
      47
      27
      30
      34
      38
      43
      30
      36
      32
      34
      28
      24
      39
      45
      31
      38
      32
      27
      31
      35
      40
      39
      32
      40
      36
      39
      40
      27
      36
      38
      40
      42
      28
      41
      51
      36
      28
      47
      33
      32
      33
      43
      30
      31
      41
      31
      37
      41
      42
      36
      40
      32
      28
      42
      35
      36
      42
      40
      32
      37
      37
      30
      39
      45
      29
      37
      42
      29
      34
      48
      42
      46
      39
      45
      41
      40
      42
      44
      49
      41
      39
      51
      40
      34
      32
      34
      33
      35
      33
      49
      43
      44
      41
      42
      42
      36
      40
      39
      48
      42
      46
      42
      37
      43
      45
      48
      37
      41
      49
      30
      43
      43
      34
      34
      34
      37
      48
      42
      36
      39
      45
      42
      37
      39
      40
      44
      47
      32
      50
      48
      35
      40
      40
      42
      41
      43
      47
      41
      43
      42
      34
      41
      38
      36
      40
      49
      49
      34
      33
      49
      32
      40
      40
      37
      44
      41
      36
      33
      33
      42
      58
      39
      51
      55
      44
      37
      36
      32
      39
      47
      35
      33
      42
      39
      22
      47
      48
      29
      36
      24
      33
      36
      35
      30
      43
      30
      27
      32
      32
      25
      34
      16
      22
      42
      33
      28
      39
      27
      17
      31
      22
      33
      21
      39
      18
      28
      30
      27
      19
      25
      23
      29
      26
      16
      20
      18
      25
      15
      16
      23
      15
      18
      15
      17
      16
      24
      27
      18
      18
      19
      19
      21
      14
      18
      14
      15
      10
      17
      20
      16
      13
      16
      20
      12
      16
      18
      15
      12
       9
      15
      15
       5
       5
      14
      15
      12
      10
      13
       7
      15
      14
       8
      17
      11
      14
      10
      17
       8
      10
      11
       8
      11
       5
       8
       7
       7
       8
      11
      12
       9
      13
      11
       9
       7
       9
       5
       8
       6
       5
       8
       4
       7
       9
       7
      10
       9
       6
       5
       6
      15
      12
       6
       6
       8
       5
       9
       9
       4
       6
       7
       8
       9
       3
       5
       3
      10
      12
       4
       7
       8
       6
       8
       7
       9
       4
       6
       9
       8
       6
       4
       6
       8
       6
       6
       2
       4
       7
       6
      11
       2
       6
       8
       6
       2
       7
       3
       3
       6
       5
       5
       4
       5
       6
       7
       8
       4
       4
       4
       1
       6
       6
       0
      10
       5
       7
       6
       4
       3
       4
       6
       3
       6
       4
       6
       3
       3
       3
       3
       8
       3
       3
       5
       3
       1
       2
       4
       7
       4
       3
       6
       3
       2
       7
       2
       2
       0
       5
       2
       0
       2
       2
       2
       3
       7
       3
       3
       1
       5
       2
       1
       4
       4
       1
       0
       4
       6
       2
       4
       3
       5
       2
       6
       7
       1
       1
       1
       7
       4
       2
       1
       2
       2
       4
       1
       3
       3
       1
       7
       1
       4
       0
       9
       5
       2
       4
       6
       2
       2
       5
       4
       2
       3
       0
       5
       2
       5
       5
       3
       6
       3
       1
       4
       3
       3
       1
       3
       2
       4
       4
       2
       1
       1
       5
       4
       2
       8
       1
       2
       2
       4
       3
       4
       2
       2
       4
       4
       5
       4
       2
       5
       2
       5
       3
       2
       4
       3
       3
       5
       4
       1
       1
       2
       2
       3
       6
       1
       4
       3
       2
       0
       2
       6
       6
       2
       4
       2
       0
       3
       4
       3
       3
       4
       2
       3
       2
       3
       1
       3
       5
       2
       6
       4
       1
       3
       7
       0
       2
       4
       4
       4
       4
       1
       7
       5
       2
       5
       5
       7
       3
       3
       4
       2
       3
       3
       7
       1
       5
       6
       8
       3
       2
       7
       5
       9
       5
       6
       6
       1
       9
       8
       1
       6
       8
       8
      17
      10
       6
      10
       7
      13
      10
      15
       9
      21
      14
      18
      19
      17
      19
      23
      22
      20
      27
      29
      24
      33
      34
      25
      34
      35
      33
      34
      36
      44
      44
      61
      44
      51
      51
      56
      56
      64
      69
      69
      55
      78
      93
      80
     104
      81
      91
      96
      97
     107
     106
     118
     122
     109
     138
     130
     146
     147
     159
     146
     152
     162
     146
     172
     158
     163
     202
     199
     222
     205
     218
     217
     226
     233
     246
     242
     251
     248
     302
     300
     285
     282
     330
     336
     287
     304
     307
     353
     337
     390
     352
     347
     381
     346
     385
     377
     357
     384
     368
     383
     402
     398
     405
     397
     428
     405
     450
     449
     424
     429
     416
     442
     460
     440
     462
     440
     500
     458
     449
     425
     507
     474
     450
     453
     460
     491
     450
     452
     427
     471
     473
     409
     445
     446
     429
     482
     462
     424
     421
     439
     408
     418
     401
     413
     371
     408
     364
     373
     354
     408
     386
     359
     380
     372
     326
     321
     362
     347
     330
     298
     291
     287
     285
     322
     256
     281
     267
     276
     240
     239
     243
     253
     228
     229
     216
     190
     195
     192
     219
     167
     166
     152
     154
     168
     158
     146
     146
     127
     133
     140
     128
     124
     125
     113
     115
      92
      93
      96
      80
      99
      83
      76
      71
      63
      80
      57
      68
      64
      45
      55
      47
      59
      42
      38
      50
      43
      38
      40
      33
      28
      27
      21
      24
      20
      18
      14
      30
      18
      17
      14
      20
      24
      16
      18
      12
       9
      14
      14
       3
       9
       3
      11
      10
       6
       8
       6
      12
       5
       8
       9
       4
       1
       8
       5
       3
       2
       8
       3
       4
       2
       2
       4
       4
       2
       1
       3
       3
       2
       1
       3
       1
       3
       1
       3
       3
       2
       2
       0
       1
       2
       2
       3
       3
       1
       0
       2
       2
       4
       1
       0
       2
       0
       2
       3
       1
       2
       0
       2
       3
       3
       4
       0
       3
       1
       3
       0
       1
       2
       0
       1
       2
       1
       5
       1
       1
       2
       2
       0
       2
       1
       0
       1
       2
       1
       0
       1
       0
       0
       1
       3
       1
       0
       2
       1
       1
       2
       1
       0
       0
       1
       1
       0
       0
       1
       0
       1
       2
       1
       2
       2
       0
       1
       0
       1
       0
       0
       1
       1
       3
       2
       0
       1
       1
       2
       3
       0
       0
       0
       0
       1
       0
       2
       2
       2
       0
       0
       1
       0
       1
       2
       0
       2
       1
       1
       4
       0
       0
       0
       1
       1
       1
       0
       1
       2
       2
       1
       0
       1
       1
       4
       4
       2
       2
       0
       3
       0
       1
       2
       1
       1
       2
       1
       1
       0
       2
       4
       1
       0
       1
       0
       0
       1
       2
       3
       1
       1
       3
       0
       0
       1
       2
       2
       0
       0
       2
       0
       0
       1
       0
       3
       1
       0
       0
       2
       2
       1
       0
       2
       0
       0
       1
       1
       2
       2
       1
       0
       2
       1
       1
       2
       2
       0
       1
       2
       2
       0
       0
       1
       0
       0
       0
       0
       4
       1
       1
       0
       3
       0
       2
       1
       1
       0
       0
       0
       1
       2
       0
       2
       2
       0
       3
       2
       0
       1
       0
       1
       1
       0
       1
       2
       1
       0
       1
       2
       2
       0
       0
       0
       2
       1
       1
       0
       1
       1
       0
       1
       3
       0
       1
       2
       1
       0
       1
       0
       3
       2
       2
       0
       1
       1
       2
       1
       0
       1
       0
       3
       0
       1
       1
       1
       1
       1
       2
       2
       0
       0
       1
       0
       2
       1
       1
       1
       2
       2
       1
       0
       3
       2
       1
       0
       1
       1
       0
       1
       3
       3
       3
       3
       1
       2
       3
       2
       0
       0
       0
       1
       1
       0
       1
       0
       0
       1
       1
       1
       2
       1
       1
       0
       0
       2
       0
       0
       2
       1
       1
       0
       3
       1
       1
       1
       1
       1
       2
       0
       1
       1
       1
       1
       1
       1
       0
       2
       1
       1
       0
       0
       2
       1
       1
       0
       1
       1
       2
       1
       4
       0
       0
       2
       1
       1
       2
       1
       0
       0
       3
       0
       3
       1
       0
       0
       0
       0
       1
       0
       0
       1
       1
       1
       1
       2
       4
       1
       0
       1
       1
       0
       0
       1
       1
       1
       1
       3
       1
       1
       0
       1
       2
       2
       0
       0
       1
       0
       2
       2
       0
       1
       0
       3
       1
       3
       1
       1
       1
       3
       0
       4
       1
       1
       0
       0
       1
       1
       2
       1
       1
       0
       0
       0
       1
       0
       0
       0
       0
       1
       1
       1
       0
       0
       0
       1
       0
       0
       1
       0
       5
       2
       0
       0
       2
       1
       1
       0
       1
       2
       0
       1
       2
       0
       0
       2
       0
       0
       0
       0
       0
       0
       0
       0
       0
       0
       0
       0
       0
       0
       0
       0
       0
       0
       0
       0
       0
       0
       1
$ROI:
3
162 224
345 375
1311 1544
$PRESETS:
Live Time
1200
0
$ENER_FIT:
0.000000 0.359353
$MCA_CAL:
3
0.000000E+000 3.593530E-001 0.000000E+000 keV
$SHAPE_CAL:
3
0.000000E+000 0.000000E+000 0.000000E+000
