$SPEC_ID:
This is sample 297.
$SPEC_REM:
DET# 1
DETDESC# DIP1456 PCI-Trump SN 253
AP# Maestro Version 7.01
$DATE_MEA:
01/29/2025 09:50:03
$MEAS_TIM:
1200 1253
$DATA:
0 2047
       0
       0
       0
       0
       0
       0
       0
       0
       0
       0
       0
       0
       0
       0
       0
       0
       0
       5
       9
       3
       6
       8
      11
      16
      19
      16
      28
      15
      15
      24
      31
      35
      29
      31
      31
      21
      25
      18
      33
      28
      28
      34
      37
      18
      28
      25
      25
      37
      30
      33
      30
      34
      27
      40
      33
      25
      24
      30
      30
      30
      44
      35
      24
      24
      22
      30
      30
      26
      35
      36
      26
      38
      35
      36
      35
      43
      32
      37
      34
      42
      28
      35
      39
      35
      37
      36
      29
      29
      31
      33
      33
      39
      32
      43
      34
      32
      39
      34
      41
      24
      27
      32
      35
      35
      38
      31
      41
      35
      38
      36
      40
      32
      35
      31
      28
      32
      30
      47
      34
      34
      50
      32
      31
      37
      32
      28
      31
      38
      42
      37
      38
      30
      31
      33
      39
      44
      36
      51
      25
      31
      45
      39
      27
      29
      29
      31
      42
      27
      30
      32
      38
      36
      28
      36
      36
      26
      39
      35
      38
      37
      44
      32
      39
      23
      35
      29
      41
      38
      34
      32
      30
      27
      43
      30
      31
      37
      37
      33
      40
      41
      40
      41
      33
      38
      40
      42
      35
      29
      46
      37
      34
      31
      32
      34
      26
      30
      40
      32
      38
      27
      38
      36
      41
      45
      37
      39
      42
      30
      39
      34
      44
      39
      34
      31
      43
      38
      36
      38
      29
      37
      36
      20
      31
      23
      38
      35
      31
      36
      34
      44
      32
      36
      30
      32
      43
      45
      39
      37
      41
      34
      35
      43
      50
      35
      36
      45
      32
      35
      34
      35
      40
      46
      39
      33
      34
      40
      42
      40
      41
      44
      36
      32
      38
      32
      29
      38
      41
      28
      34
      41
      40
      46
      32
      34
      39
      35
      38
      38
      30
      44
      37
      32
      40
      35
      44
      29
      45
      48
      37
      41
      34
      35
      34
      34
      46
      35
      32
      37
      32
      32
      33
      35
      42
      34
      48
      35
      27
      36
      40
      40
      36
      36
      49
      41
      28
      32
      35
      32
      28
      25
      28
      36
      33
      31
      25
      36
      39
      28
      28
      40
      39
      53
      28
      40
      40
      35
      41
      41
      38
      32
      36
      31
      32
      44
      29
      39
      35
      29
      29
      25
      41
      36
      35
      27
      50
      34
      31
      37
      44
      41
      30
      32
      33
      43
      40
      27
      35
      31
      43
      44
      35
      34
      24
      38
      33
      41
      35
      34
      43
      37
      35
      25
      39
      36
      37
      37
      42
      33
      41
      35
      38
      51
      43
      35
      32
      37
      28
      32
      37
      44
      43
      43
      39
      31
      39
      38
      40
      28
      37
      42
      33
      51
      32
      41
      30
      36
      29
      36
      26
      41
      41
      46
      44
      27
      30
      30
      31
      33
      28
      33
      43
      41
      44
      28
      35
      28
      34
      37
      45
      29
      36
      51
      30
      33
      32
      31
      39
      33
      30
      41
      27
      38
      33
      26
      38
      20
      37
      30
      34
      54
      36
      29
      36
      29
      36
      36
      45
      24
      35
      30
      39
      36
      44
      39
      37
      34
      31
      46
      39
      37
      31
      49
      43
      40
      38
      40
      28
      39
      30
      38
      41
      40
      37
      36
      44
      29
      40
      36
      38
      42
      51
      36
      45
      34
      26
      47
      37
      42
      34
      39
      36
      53
      54
      37
      31
      47
      47
      43
      50
      41
      41
      54
      42
      38
      32
      44
      39
      48
      40
      47
      46
      21
      38
      51
      61
      46
      43
      43
      48
      40
      49
      31
      41
      40
      43
      33
      38
      19
      44
      31
      36
      43
      43
      41
      30
      32
      51
      43
      42
      41
      32
      48
      40
      33
      29
      44
      42
      30
      41
      34
      31
      37
      35
      36
      35
      23
      43
      35
      32
      35
      31
      20
      41
      33
      28
      44
      44
      44
      34
      39
      45
      40
      43
      46
      47
      42
      34
      33
      45
      33
      30
      34
      32
      33
      37
      37
      30
      40
      47
      41
      36
      39
      31
      46
      39
      25
      39
      30
      32
      46
      32
      40
      39
      35
      36
      46
      42
      29
      40
      34
      30
      37
      33
      38
      31
      38
      35
      38
      31
      36
      33
      33
      34
      37
      36
      40
      37
      33
      34
      34
      26
      41
      43
      40
      38
      24
      37
      35
      34
      33
      36
      33
      37
      40
      39
      32
      30
      47
      50
      33
      39
      45
      40
      40
      39
      43
      40
      42
      44
      31
      34
      43
      30
      37
      40
      25
      23
      35
      34
      32
      35
      32
      35
      36
      42
      34
      40
      35
      31
      37
      30
      35
      40
      27
      39
      46
      25
      40
      38
      25
      39
      37
      35
      30
      45
      30
      50
      37
      29
      29
      29
      32
      38
      27
      38
      32
      34
      37
      39
      35
      39
      41
      35
      30
      47
      36
      23
      33
      37
      35
      35
      32
      35
      33
      30
      35
      31
      36
      44
      46
      39
      40
      51
      39
      23
      39
      42
      28
      27
      35
      40
      44
      32
      52
      42
      46
      38
      37
      36
      36
      39
      40
      37
      39
      40
      40
      39
      34
      33
      36
      39
      33
      37
      39
      46
      48
      33
      35
      36
      32
      38
      24
      30
      42
      38
      42
      40
      40
      40
      40
      38
      49
      48
      43
      53
      44
      34
      31
      36
      37
      37
      42
      49
      44
      33
      44
      44
      43
      44
      38
      48
      32
      40
      41
      38
      37
      37
      34
      39
      45
      42
      44
      30
      41
      41
      26
      36
      38
      30
      37
      43
      37
      48
      43
      45
      50
      39
      35
      34
      39
      40
      47
      43
      45
      36
      37
      52
      44
      58
      41
      33
      38
      47
      46
      39
      48
      54
      37
      52
      32
      48
      39
      30
      46
      33
      39
      38
      36
      33
      50
      41
      40
      44
      42
      31
      45
      42
      40
      24
      39
      35
      41
      33
      38
      37
      45
      49
      33
      29
      26
      30
      33
      34
      36
      35
      31
      32
      30
      35
      38
      24
      22
      23
      33
      24
      24
      27
      48
      28
      40
      25
      29
      25
      25
      31
      30
      27
      31
      31
      40
      22
      26
      20
      28
      27
      26
      15
      18
      25
      18
      21
      18
      22
      14
      22
      15
      19
      13
      12
      20
      14
      13
      18
      17
      29
      13
      20
      13
      11
      10
      14
      16
      16
      14
      18
      23
      11
       8
      12
      14
      15
      13
      13
      11
      13
      16
      20
      12
      11
      16
       7
      17
      12
      16
      10
       9
       9
      14
      10
      13
      11
      10
       8
      10
       9
       9
      11
       9
      14
       4
       4
       7
      15
       8
      12
       7
      10
       7
       9
      12
       8
      10
       6
       6
       7
       6
      12
       7
       9
       8
       6
       6
       8
       6
       8
       8
       5
       8
      10
      10
       2
       6
       8
       4
       7
       7
       6
       6
       6
       6
       8
       7
       9
       8
       4
       4
       4
       3
       6
       5
       4
       8
       7
       4
       4
       4
       4
       5
       1
       8
      10
       4
       3
       5
       5
       8
       7
       6
       5
       5
       5
       6
       8
       2
       4
       5
       2
       7
       4
       7
       8
       4
       4
       4
       7
       5
      11
       5
       5
       6
       2
       7
       3
       5
       7
       3
       1
       8
       3
       6
       4
       7
       3
       0
       8
       7
       3
       6
       4
       0
       5
       2
       4
       4
       6
       2
       6
       3
       1
       4
       5
       4
       7
       3
       3
       4
       4
       3
       6
       6
       2
       4
       2
       6
       3
       1
       7
       3
       1
       5
       2
       2
       6
       3
       2
       4
       0
       3
       2
       5
       4
       3
       4
       3
       2
       6
       5
       2
       4
       3
       2
       1
       3
       5
       1
       4
       2
       0
       1
       3
       4
       5
       1
       3
       5
       2
       2
       3
       2
       3
       3
       3
       3
       1
       2
       4
       2
       0
       4
       0
       4
       7
       4
       4
       4
       3
       5
       1
       2
       3
       3
       6
       6
       5
       4
       5
       1
       3
       3
       0
       1
       2
       4
       1
       0
       5
       1
       5
       3
       1
       4
       1
       5
       5
       0
       4
       2
       2
       4
       2
       4
       3
       5
       5
       5
       7
       4
       2
       3
       1
       1
       6
       6
       0
       1
       1
       2
       3
       7
       3
       3
       4
       2
       4
       1
       3
       1
       1
       2
       3
       1
      10
       1
       5
       1
       5
       8
       3
       2
       1
       4
       1
       5
       6
       4
       3
       0
       3
       2
       4
       3
       5
       7
       5
       7
       6
       7
       2
       6
       5
       4
       6
       9
      11
       8
       9
       5
      14
      11
       9
      11
      10
      15
      11
      16
      21
       5
      15
      14
      23
      19
      14
      18
      28
      19
      24
      21
      19
      30
      37
      37
      38
      43
      41
      30
      42
      50
      47
      55
      51
      57
      59
      45
      52
      75
      71
      77
      70
      90
     102
     107
      84
      86
     102
     118
      78
     109
     142
     135
     143
     135
     131
     141
     135
     141
     147
     143
     175
     179
     178
     178
     194
     211
     237
     197
     216
     223
     217
     244
     254
     259
     248
     268
     280
     269
     270
     263
     298
     288
     294
     311
     286
     318
     332
     330
     337
     346
     363
     368
     371
     348
     359
     401
     370
     411
     395
     371
     414
     387
     412
     424
     397
     417
     452
     434
     453
     445
     440
     451
     428
     426
     506
     435
     436
     463
     451
     441
     475
     462
     469
     465
     470
     475
     444
     482
     481
     453
     457
     451
     444
     446
     441
     404
     407
     447
     434
     438
     416
     432
     430
     386
     403
     369
     357
     372
     394
     374
     389
     340
     368
     365
     332
     319
     328
     310
     317
     310
     319
     323
     290
     292
     251
     282
     256
     255
     247
     248
     239
     220
     233
     190
     204
     196
     217
     171
     167
     182
     163
     181
     180
     156
     129
     143
     127
     125
     128
     126
     110
     119
     118
      81
     102
      84
     102
     104
      74
      82
      75
      77
      53
      76
      64
      62
      69
      50
      59
      63
      46
      43
      37
      43
      30
      47
      42
      29
      32
      31
      29
      32
      29
      27
      18
      16
      31
      18
      14
      11
      15
      21
      14
      12
      14
      13
      14
       8
       4
      12
      10
       9
       7
       4
       2
       5
       3
       5
       9
      10
       3
       6
       4
       4
       4
       3
       2
       2
       5
       4
       3
       3
       2
       2
       2
       8
       5
       1
       1
       0
       3
       1
       1
       2
       0
       1
       2
       2
       2
       1
       0
       1
       1
       0
       1
       0
       0
       0
       4
       0
       1
       3
       1
       2
       0
       1
       1
       0
       1
       1
       2
       2
       1
       0
       2
       1
       0
       1
       0
       2
       2
       2
       2
       2
       0
       0
       0
       0
       0
       2
       3
       1
       2
       1
       3
       0
       3
       3
       1
       0
       0
       2
       3
       0
       0
       1
       0
       2
       0
       2
       1
       1
       1
       2
       2
       0
       1
       2
       0
       1
       0
       2
       0
       1
       0
       1
       2
       0
       0
       0
       1
       0
       0
       0
       5
       0
       2
       0
       0
       2
       0
       1
       0
       3
       0
       0
       1
       0
       2
       0
       2
       2
       0
       1
       2
       1
       2
       2
       0
       5
       0
       0
       2
       1
       0
       1
       0
       0
       1
       2
       2
       2
       0
       0
       0
       1
       0
       1
       0
       1
       2
       2
       4
       0
       0
       0
       2
       1
       1
       1
       1
       0
       1
       0
       1
       1
       2
       4
       1
       1
       0
       0
       1
       0
       0
       0
       2
       0
       2
       0
       0
       2
       0
       3
       1
       2
       1
       0
       2
       0
       1
       0
       1
       2
       3
       1
       1
       1
       1
       1
       1
       0
       2
       1
       1
       0
       0
       0
       3
       1
       2
       3
       0
       2
       1
       1
       1
       3
       0
       0
       1
       0
       1
       2
       0
       1
       2
       2
       1
       1
       0
       2
       2
       3
       1
       2
       1
       1
       0
       1
       0
       2
       0
       2
       2
       1
       1
       0
       2
       1
       0
       1
       0
       1
       0
       0
       0
       2
       0
       1
       1
       1
       1
       1
       1
       1
       2
       0
       2
       1
       1
       1
       0
       0
       0
       0
       2
       0
       0
       2
       0
       2
       0
       1
       1
       1
       0
       0
       2
       1
       0
       1
       1
       0
       1
       1
       0
       0
       0
       1
       0
       1
       0
       0
       1
       1
       2
       0
       1
       0
       4
       1
       1
       0
       2
       1
       1
       1
       2
       0
       0
       3
       0
       0
       0
       2
       0
       0
       1
       0
       1
       0
       0
       2
       1
       0
       1
       1
       0
       1
       0
       0
       1
       0
       0
       0
       1
       0
       0
       0
       1
       0
       2
       1
       0
       0
       1
       1
       1
       1
       0
       1
       0
       1
       1
       0
       0
       0
       1
       1
       0
       1
       0
       1
       1
       2
       0
       0
       0
       0
       0
       1
       1
       1
       0
       0
       1
       0
       1
       1
       1
       1
       1
       0
       2
       2
       0
       0
       1
       2
       1
       1
       1
       1
       0
       0
       2
       1
       1
       0
       0
       0
       3
       2
       1
       1
       0
       1
       1
       0
       0
       1
       0
       2
       0
       0
       0
       0
       1
       0
       0
       1
       0
       0
       1
       0
       0
       0
       0
       1
       1
       0
       0
       0
       0
       3
       1
       1
       0
       1
       2
       2
       0
       1
       1
       1
       1
       0
       0
       1
       0
       3
       1
       0
       1
       0
       2
       2
       0
       0
       0
       0
       0
       0
       0
       0
       0
       0
       0
       0
       0
       0
       0
       0
       0
       0
       0
       0
       0
       0
       0
$ROI:
3
162 224
345 375
1311 1544
$PRESETS:
Live Time
1200
0
$ENER_FIT:
0.000000 0.359353
$MCA_CAL:
3
0.000000E+000 3.593530E-001 0.000000E+000 keV
$SHAPE_CAL:
3
0.000000E+000 0.000000E+000 0.000000E+000
