$SPEC_ID:
This is sample 124.
$SPEC_REM:
DET# 1
DETDESC# DIP1456 PCI-Trump SN 253
AP# Maestro Version 7.01
$DATE_MEA:
01/12/2025 09:00:25
$MEAS_TIM:
1000 1028
$DATA:
0 2047
       0
       0
       0
       0
       0
       0
       0
       0
       0
       0
       0
       0
       0
       0
       0
       0
       0
       0
       0
       0
       0
       0
       0
       0
       0
       0
       0
       0
       0
       0
       0
       0
       0
       0
       0
       0
       0
       0
       0
       0
       0
       0
       0
       0
       0
       0
       0
       0
       0
       0
       0
       0
       0
       0
      25
      14
       9
      10
      12
      15
      17
      17
       8
      17
      23
       8
      12
      14
      16
      12
      13
      19
      21
      20
      12
      14
      14
       9
       7
       6
      17
      16
      15
       7
      14
       8
      14
      13
      16
      22
      12
      17
      13
      18
      11
      12
      13
      16
      11
      20
      23
      13
      18
      13
      18
       8
      19
      17
      16
      15
      10
      11
      14
      12
      13
      16
      12
      14
      19
      22
      11
      12
      20
      17
      21
      17
      21
      21
      11
      18
      16
      18
      19
      14
      21
      19
      10
      15
      15
      14
      13
      12
      15
      16
      30
      10
      15
      18
      17
      14
      15
      17
      13
      14
      12
      16
      20
      16
      12
       9
      24
      13
      14
      20
      12
      27
      14
      14
      16
      15
      13
      11
      15
      13
      19
      16
      11
       8
      14
      11
      22
      19
      12
      17
      21
      15
      12
      19
      11
      18
      25
      21
      17
      13
      19
       5
      13
      19
      23
      12
      10
      16
      19
      14
      13
      10
      20
      22
      20
      11
      12
      20
      14
       8
      19
      13
      21
      13
      26
      15
      17
      18
      13
       8
      16
      20
      16
      18
      15
      19
      16
      15
      27
      23
      12
       9
      19
      12
      18
      13
      14
      14
      15
      16
      17
      14
      13
      12
      19
      16
      24
      14
      21
      15
      12
      17
      11
      15
      13
      21
      15
      13
      17
      17
      20
      14
      15
      22
      17
      16
      17
      19
      19
      15
      20
      14
      16
      18
      14
      21
      18
      18
      19
      15
      13
      16
      13
      21
      18
      16
      16
      16
      13
      24
      15
      14
      17
      12
      14
      24
      16
      19
      16
      16
      18
      19
      19
      20
      19
      19
      17
      25
      16
      15
      13
      14
      15
      17
      24
      13
      13
      21
      14
      19
      17
      14
      20
      14
      15
      16
      18
      19
       9
      18
      18
      12
      19
      18
      11
      19
      17
      19
      12
      16
      16
      14
      19
      11
      13
      14
      17
      16
      24
      23
      12
      15
      17
      13
      28
      24
       9
      15
      19
      21
      16
      23
      17
      21
      20
      17
      16
      17
      13
       8
      16
      15
      16
      23
      17
      19
      12
      13
      18
      10
      23
      16
      17
      11
      11
      17
      17
      16
      15
       8
      16
      15
      21
      20
      16
      17
      10
      14
      19
      20
      21
      19
      19
      25
       8
      21
      15
      16
      23
      20
      19
      19
      21
      17
      17
      14
      22
      17
      17
      11
      23
      18
      18
      17
      14
      15
      10
      18
      19
      13
      16
      11
      15
      17
      13
      16
      20
      13
      19
      20
      22
      14
      17
      24
      17
      16
      12
      22
      17
      14
      18
      15
       7
      11
      10
      10
      20
      17
      14
      24
      12
      23
      12
      14
      14
      17
      19
      18
      20
      22
      17
      18
      16
      27
      19
      13
      20
      19
      17
      14
      18
      16
      11
      18
      18
      16
      10
      12
      12
      18
      17
      15
      13
      18
      19
      16
      18
      15
      18
      20
      20
      15
      15
      19
      17
      20
      29
      27
      15
      19
      24
      21
      19
      16
      18
       9
      22
      18
      27
      18
      16
      16
      21
      17
      17
      16
      19
      10
      21
      20
      17
      30
      19
      20
      16
      18
      16
      11
      20
      17
      19
      13
      19
      13
      13
      30
      13
      17
      15
      16
      19
      21
      18
      21
      15
      10
      20
      18
      18
      10
      12
      18
      24
      17
      17
      15
      25
      20
      24
      17
      18
      26
      14
      14
      19
      16
      13
      15
      17
      21
      17
      19
      19
      16
      31
      20
      15
      15
      13
      17
      18
      15
      13
      16
      14
      13
      18
      19
      19
      12
      16
      21
      18
      14
       8
      20
      18
      12
      16
      17
      19
      23
      11
      10
      19
      16
      19
      18
       9
      15
       7
      15
      12
      18
      21
      11
       8
      11
      22
      17
       9
      10
       9
      17
      18
      14
      15
      21
      15
      21
      18
      16
      12
      15
      19
      16
      14
      16
      19
      16
      15
      20
      19
      17
      19
      20
      18
      19
      16
      23
      16
      15
      15
      12
      17
      22
      18
      21
      16
      13
      17
      12
      18
      20
      17
      17
       9
      20
      24
      15
      17
      16
      16
       9
      12
      14
      13
      18
      16
      12
      18
      14
      17
      15
      19
      15
       9
      17
      17
      21
      15
       3
      16
      14
      16
      10
      18
       7
       8
      14
      18
      16
      14
      10
      15
      11
      13
      24
      16
      24
      18
      20
      14
      18
      13
      12
      25
      14
      28
      14
      22
      14
      15
      15
      20
      15
      20
      18
      19
      18
      21
      20
      20
      15
      19
      11
      13
      12
      21
      23
      16
       8
      20
      13
      13
      15
      20
      13
      22
      13
      14
      22
      15
       9
      13
      21
      23
      13
      22
      13
      13
      11
      15
      21
      15
      12
      13
      16
      14
      11
      17
       6
      21
      24
      26
      15
      14
      17
      16
      13
      18
      14
      22
      16
      17
      13
      17
      13
      27
      16
      16
      14
      12
      14
      11
      28
      21
      11
      22
      22
      11
      19
      13
      17
      18
      20
      11
      13
      13
      15
      16
      15
      16
      15
      19
      17
      14
       9
      16
      19
      23
      16
      23
      20
      16
      15
      20
      24
      17
      31
      17
      22
      13
      14
      17
      21
      17
      18
       9
      26
      16
      16
      18
      17
      17
      18
      11
      14
      17
      20
      20
      19
      20
      16
      17
      19
      18
      18
      22
      17
      19
      28
      13
      20
      12
      20
      15
      23
      21
      11
      27
      18
      21
      13
      23
      17
      13
      18
      19
      13
      20
      16
      19
      16
      22
      18
      22
      20
      21
      15
      21
      12
      15
      18
      24
      11
      19
      10
      18
      11
      18
      10
       8
       9
      15
      16
      22
      17
      16
       7
      14
      14
      14
       7
      14
      13
      15
      19
      14
      11
      18
      10
      12
       9
       9
      16
      15
      15
      14
      11
       9
      20
      13
      13
       8
      10
      13
      13
      15
      12
      13
       9
      10
       6
       6
      10
       4
       6
      13
       7
      10
       8
       3
       8
      11
       8
       4
      11
      15
       7
       9
       6
       6
       8
      11
       4
      12
       7
       4
       5
       1
       6
       9
       3
       4
       2
       6
       6
      12
       5
       7
      12
       2
       5
       6
       7
       4
       5
       8
       2
       2
       1
       7
       2
       3
       6
       4
       3
       3
       5
       3
       3
       3
       1
       2
       2
       2
       2
       2
       1
       4
       3
       3
       4
       5
       5
       6
       2
       3
       5
       5
       6
       1
       2
       4
       2
       3
       2
       2
       0
       3
       1
       3
       2
       3
       1
       3
       2
       2
       6
       3
       3
       6
       3
       2
       4
       4
       1
       2
       2
       1
       2
       3
       2
       2
       3
       2
       2
       3
       2
       3
       3
       2
       4
       1
       4
       3
       1
       1
       3
       1
       1
       3
       2
       2
       2
       2
       3
       1
       1
       2
       4
       1
       2
       2
       1
       2
       4
       0
       0
       1
       2
       1
       2
       2
       0
       1
       4
       2
       1
       0
       0
       6
       1
       1
       2
       3
       1
       3
       2
       3
       3
       3
       1
       3
       0
       0
       1
       2
       1
       3
       1
       0
       1
       2
       0
       4
       1
       0
       1
       1
       2
       2
       0
       1
       1
       0
       3
       1
       1
       0
       1
       3
       0
       2
       1
       3
       1
       2
       0
       0
       2
       1
       0
       1
       2
       1
       0
       1
       1
       0
       1
       0
       1
       2
       2
       1
       1
       2
       0
       2
       0
       1
       3
       1
       1
       2
       0
       1
       3
       0
       2
       0
       3
       2
       2
       2
       2
       1
       3
       3
       0
       1
       3
       2
       2
       1
       2
       3
       3
       1
       1
       0
       2
       3
       1
       0
       0
       2
       1
       1
       1
       2
       2
       0
       1
       2
       2
       5
       3
       2
       0
       2
       1
       0
       3
       2
       4
       1
       3
       1
       3
       0
       2
       1
       2
       2
       4
       2
       1
       1
       3
       1
       2
       1
       3
       1
       3
       0
       0
       0
       1
       1
       2
       0
       1
       2
       1
       3
       0
       0
       2
       4
       1
       0
       0
       0
       1
       1
       0
       0
       2
       1
       2
       0
       2
       0
       3
       0
       1
       4
       1
       2
       3
       3
       0
       1
       1
       1
       0
       4
       1
       0
       1
       4
       0
       3
       3
       0
       2
       2
       1
       2
       2
       1
       0
       0
       2
       4
       2
       4
       4
       3
       1
       4
       2
       3
       4
       7
      10
       7
       3
       4
       6
       8
       9
       7
       3
       8
       7
      10
       9
       6
      12
      14
      18
      10
      14
      19
      14
      15
      19
      20
      28
      15
      20
      24
      32
      25
      18
      22
      22
      27
      25
      27
      41
      34
      44
      44
      35
      54
      50
      57
      41
      47
      53
      57
      56
      49
      64
      58
      70
      62
      71
      85
      78
      84
      87
      69
      90
      80
      78
      85
     111
     100
     107
     113
     114
     117
     130
     119
     136
     126
     157
     132
     131
     147
     119
     128
     142
     142
     165
     176
     162
     162
     173
     201
     174
     213
     169
     187
     187
     201
     214
     196
     186
     199
     237
     206
     212
     198
     221
     211
     211
     230
     209
     208
     227
     221
     250
     243
     238
     269
     293
     274
     236
     267
     217
     261
     245
     253
     246
     252
     252
     249
     242
     260
     237
     268
     230
     255
     230
     275
     262
     255
     241
     262
     226
     224
     229
     254
     249
     254
     246
     242
     240
     232
     255
     208
     203
     225
     218
     207
     221
     201
     203
     188
     210
     177
     195
     177
     164
     167
     168
     176
     153
     158
     163
     154
     142
     139
     146
     142
     138
     133
     132
     120
     126
     126
     110
     111
     119
     115
     104
     102
     105
      92
      75
      87
      83
      91
      72
      71
      66
      69
      64
      70
      79
      60
      67
      51
      55
      46
      45
      51
      43
      49
      41
      46
      41
      35
      34
      28
      37
      25
      26
      29
      25
      14
      23
      25
      18
      25
      12
      15
      12
      17
      18
      15
      16
      15
      14
      13
      14
      11
      12
      14
       8
       4
       4
       5
      14
       4
       7
       7
       6
       6
       9
       2
       4
       1
       4
       3
       4
       3
       1
       1
       4
       4
       3
       3
       1
       3
       2
       1
       6
       3
       1
       0
       2
       1
       1
       0
       0
       0
       0
       2
       1
       0
       1
       1
       1
       0
       2
       1
       0
       0
       0
       1
       1
       2
       1
       0
       0
       2
       1
       0
       2
       1
       0
       0
       0
       0
       0
       2
       1
       2
       0
       0
       3
       0
       0
       0
       0
       0
       1
       1
       0
       0
       3
       0
       0
       1
       0
       0
       0
       3
       2
       0
       2
       1
       1
       0
       0
       1
       1
       0
       0
       0
       0
       1
       0
       0
       1
       0
       1
       0
       1
       0
       0
       0
       1
       0
       0
       0
       0
       0
       0
       0
       1
       0
       0
       3
       1
       0
       0
       1
       0
       0
       0
       2
       0
       1
       0
       1
       0
       3
       0
       2
       1
       1
       0
       0
       0
       0
       0
       1
       0
       0
       1
       0
       1
       0
       0
       1
       0
       0
       0
       0
       0
       0
       0
       1
       1
       0
       0
       0
       0
       2
       0
       0
       1
       0
       0
       0
       0
       0
       2
       0
       0
       1
       0
       0
       0
       0
       0
       1
       0
       0
       0
       1
       0
       0
       1
       0
       2
       1
       0
       0
       1
       1
       0
       0
       1
       0
       0
       0
       1
       0
       0
       0
       0
       0
       0
       0
       0
       0
       2
       0
       1
       1
       1
       1
       0
       0
       1
       1
       0
       1
       1
       0
       1
       1
       0
       0
       1
       0
       0
       0
       0
       0
       0
       3
       1
       0
       2
       1
       0
       0
       0
       1
       0
       1
       0
       1
       0
       0
       0
       0
       0
       0
       1
       0
       0
       0
       0
       0
       1
       1
       1
       0
       1
       2
       0
       1
       0
       3
       0
       1
       0
       0
       1
       0
       0
       0
       0
       0
       0
       0
       0
       1
       0
       1
       0
       0
       0
       0
       1
       0
       1
       1
       0
       1
       0
       1
       0
       0
       0
       0
       0
       0
       0
       0
       1
       0
       0
       0
       0
       1
       1
       1
       1
       0
       0
       0
       0
       0
       1
       1
       0
       1
       1
       2
       0
       0
       0
       1
       0
       1
       2
       1
       0
       2
       0
       0
       1
       0
       0
       0
       0
       0
       1
       0
       1
       1
       0
       1
       1
       0
       0
       0
       0
       1
       0
       1
       0
       0
       0
       1
       1
       0
       1
       0
       2
       1
       1
       1
       0
       0
       0
       0
       0
       1
       0
       0
       0
       2
       0
       0
       0
       0
       0
       0
       1
       1
       0
       0
       0
       0
       0
       1
       1
       0
       0
       0
       0
       0
       1
       1
       0
       0
       0
       0
       1
       0
       1
       0
       0
       0
       1
       1
       0
       0
       0
       0
       0
       0
       0
       0
       1
       1
       0
       1
       0
       2
       0
       2
       0
       0
       0
       0
       0
       0
       1
       1
       0
       1
       0
       0
       0
       1
       0
       0
       0
       0
       0
       0
       1
       1
       0
       1
       0
       0
       0
       0
       0
       0
       0
       0
       0
       0
       0
       0
       0
$ROI:
1
1331 1635
$PRESETS:
Live Time
1000
0
$ENER_FIT:
-37.406231 1.986979
$MCA_CAL:
3
-3.740623E+001 1.986979E+000 0.000000E+000 keV
$SHAPE_CAL:
3
0.000000E+000 0.000000E+000 0.000000E+000
