$SPEC_ID:
This is sample 229.
$SPEC_REM:
DET# 1
DETDESC# DIP1456 PCI-Trump SN 253
AP# Maestro Version 7.01
$DATE_MEA:
01/13/2025 17:56:08
$MEAS_TIM:
1000 1028
$DATA:
0 2047
       0
       0
       0
       0
       0
       0
       0
       0
       0
       0
       0
       0
       0
       0
       0
       0
       0
       0
       0
       0
       0
       0
       0
       0
       0
       0
       0
       0
       0
       0
       0
       0
       0
       0
       0
       0
       0
       0
       0
       0
       0
       0
       0
       0
       0
       0
       0
       0
       0
       0
       0
       0
       0
       4
       5
      13
      13
      11
      12
      18
      10
      13
      19
      13
      28
      14
      17
       7
      15
      17
      12
      15
       9
      12
      12
      12
      19
      10
      13
      12
      14
      17
      27
      13
      17
      21
      15
      13
      16
      15
      22
      14
       7
      13
      18
       7
      10
      12
      14
      11
      10
      17
      14
       8
      18
      20
      13
      11
      12
      15
      12
      15
      13
      15
      19
      11
      18
      20
      14
      14
      13
      18
      12
      13
      13
      10
      11
      20
      15
      12
      14
      15
       9
      10
      15
      17
      12
      19
      12
      17
      14
      12
      10
      14
      21
      20
      14
      10
      18
      15
      16
      20
      19
       8
      16
      17
      10
      12
       7
      14
      25
      16
      12
      21
      19
      11
      16
      12
      17
      18
      17
       6
      10
      17
      14
       9
      15
      13
      12
      16
      20
      20
      13
      15
      15
      16
      18
      20
      18
      10
      20
      18
      11
      18
      12
      12
      15
      19
      13
      15
      13
      21
      23
      16
      11
      18
      17
      22
      21
      20
      23
      15
       7
      22
      15
      15
      13
       8
      17
      11
      20
      18
      11
      20
      17
      18
      15
      17
      16
      17
      19
      15
      12
      13
      21
      13
      21
      10
      17
      20
      17
      16
      15
      10
      16
      15
      15
      18
      16
      20
      25
      23
      10
      27
      22
      21
      19
      22
      15
      18
      15
       6
      13
      14
      17
      17
      13
      16
      13
      16
      15
      20
      21
      19
      13
      18
      17
      31
      16
      16
      22
      21
      20
      20
      12
      23
      24
      19
      16
      19
      15
      16
      11
      19
      14
      19
      22
      15
      20
      14
      19
      17
      16
      16
      19
      10
      22
      20
      19
       7
      14
      17
      21
      20
      20
      18
      17
      10
      15
      22
      22
      22
      15
      17
      16
      14
      19
      24
      13
      19
      19
      14
      21
      16
      19
      13
       9
      16
      21
      11
      22
      22
      14
       9
      10
      12
      21
      17
      15
      13
      16
      18
      16
      10
      17
      22
      21
      13
      19
      22
      24
      16
      21
      16
      15
      16
      15
      13
      21
      14
      11
      19
      14
      18
       9
      17
      17
      19
      26
      21
      21
      13
       9
      14
      22
      20
      20
      21
      14
      15
      21
      17
      13
       8
      23
      17
      13
      12
      14
       7
      11
      23
      12
      23
      16
      13
      10
      15
      20
      15
      11
      14
      12
      15
      17
      18
      11
      14
      14
      15
      16
      10
      19
      22
      12
      17
      16
      21
      10
      15
      13
      15
      23
      15
      20
      14
      18
      19
      15
      21
      19
      14
      22
      15
      18
      11
       9
      19
      12
      18
      15
      16
      23
      14
      13
      18
      19
      18
      19
      17
      19
      15
      20
      12
       7
      18
      20
      27
      13
      10
      10
      11
      16
      11
      13
      17
      17
      18
      19
      19
      14
      12
      21
      23
      16
      16
      13
      18
      16
      13
      25
      14
      18
       9
      13
      21
      13
      16
      12
      17
      16
      18
      16
      14
      11
      23
      10
      12
      15
      17
      13
      16
      18
      17
      19
      19
      17
      14
      21
      23
      16
      20
      14
      17
      12
      18
      14
      25
      15
      15
      13
      16
      14
      27
      17
      20
      14
      12
      20
      23
      13
      18
      20
      14
      20
      22
      16
      14
      22
      19
      16
      25
      15
      15
      19
      14
      20
      16
      21
      18
      18
      26
      18
      15
      20
      17
      24
       9
      17
      11
      23
      21
      23
      20
      15
      12
      14
      14
      13
      14
      26
      14
      20
      24
       8
      15
      24
      14
      21
      22
      13
      14
      18
      16
      11
      14
      11
      17
      24
      15
      18
      18
      15
      23
      12
      20
      22
       9
      22
      12
      16
      18
      22
      15
      20
      23
      18
      16
      11
      18
      23
      16
      14
      20
      18
      14
      19
      19
      12
      13
      13
      18
      22
      22
      12
      15
      20
      12
      18
      26
      21
      18
      23
      14
      14
      12
      12
      18
      22
      11
      12
       9
      15
      12
      18
      20
      16
      23
      13
      12
      19
      16
      19
      18
      16
      18
      15
      14
      19
      17
      12
      10
      11
      15
      12
      20
      17
      10
      16
      17
      11
      18
      17
      23
      14
      19
       6
      21
      18
      24
      26
       9
      17
      17
      16
      14
      16
      20
      15
      16
      13
      23
      14
      16
      14
      15
      19
      17
      27
      17
      22
      21
      14
      17
      14
      19
      10
      17
      12
      18
      18
      24
      15
      15
      12
      15
      15
      18
      13
      14
      10
      14
      24
      19
      12
      15
      19
      14
      17
      17
      19
      14
      14
      13
      16
      16
      10
      14
      13
      20
      17
      16
      16
      21
      19
       8
      24
      14
      15
      10
      21
      12
      17
      16
      19
      15
      11
      13
      18
      13
      16
      17
      12
      17
      13
      17
      24
      14
      18
      15
      20
      18
      26
      20
      15
      18
      14
      11
      25
      18
      10
      16
      18
      17
      17
      19
      13
      13
      14
      16
      14
       9
      23
      17
      17
      18
      24
      15
      17
      22
      13
      11
      19
       9
      16
      24
      17
      18
      17
      18
      18
      20
      17
      15
      21
      14
      17
      19
      21
      19
      10
      12
      15
      10
      15
      11
      12
      16
      18
      11
      20
      20
      16
      19
      15
      17
      19
      17
      13
      25
      12
      16
      20
      21
      16
      12
      21
      12
      23
      20
      13
      18
      14
      22
      13
      17
      23
      22
      18
      12
      16
      17
      22
      17
      12
      18
      18
      19
      20
      17
      21
      17
      18
      16
      21
      17
      27
      20
      13
      19
      17
      21
      24
      21
      16
      21
      13
      16
      16
      19
      19
      18
      14
      21
      25
      13
      17
      24
      20
      18
      32
      21
      13
      10
      22
      24
      15
      14
      19
      13
      13
      15
      12
      17
      16
      13
      25
      12
      12
      10
      14
      11
       9
      11
      21
       5
      12
      12
      10
       9
      11
      12
      12
      11
      14
       6
      13
       6
       8
      10
      11
       7
      10
       9
       7
      15
      12
       7
      14
       8
       8
       8
       4
       6
       5
       9
      12
       7
      10
       8
       8
       4
       6
       9
       7
      12
       1
       4
       5
       8
       4
       4
       8
       8
       3
       5
       7
       5
       4
       5
       3
       4
       7
       8
       4
       4
       3
       2
       4
       5
       7
       6
       6
       2
       2
       0
       2
       3
       7
       6
       3
       5
       3
       7
       4
       7
       1
       0
       0
       4
       2
       4
       5
       3
       5
       6
       7
       4
       3
       2
       7
       3
       4
       4
       2
       0
       3
       3
       3
       4
       3
       5
       4
       8
       4
       2
       3
       4
       2
       2
       1
       1
       3
       2
       2
       3
       1
       3
       2
       2
       3
       3
       2
       4
       5
       3
       5
       0
       1
       0
       1
       5
       1
       0
       2
       3
       2
       1
       2
       1
       1
       4
       2
       6
       2
       2
       2
       2
       2
       2
       1
       2
       3
       4
       2
       2
       1
       0
       1
       2
       3
       2
       2
       1
       0
       1
       1
       4
       4
       0
       1
       1
       2
       4
       6
       3
       0
       2
       3
       1
       3
       3
       1
       1
       3
       1
       1
       2
       1
       1
       0
       2
       4
       4
       1
       2
       0
       5
       2
       1
       0
       2
       0
       1
       0
       1
       2
       3
       3
       2
       3
       0
       1
       2
       0
       0
       0
       5
       1
       2
       2
       0
       0
       1
       2
       1
       1
       0
       1
       0
       3
       2
       1
       3
       2
       2
       2
       0
       1
       0
       1
       2
       1
       0
       3
       1
       1
       1
       1
       0
       1
       2
       2
       0
       2
       2
       2
       2
       0
       0
       1
       3
       4
       1
       0
       1
       1
       2
       1
       0
       0
       3
       1
       2
       1
       1
       1
       1
       0
       1
       2
       2
       0
       1
       2
       1
       3
       3
       2
       1
       2
       1
       0
       1
       3
       2
       1
       3
       1
       0
       0
       0
       1
       1
       1
       2
       0
       0
       1
       0
       0
       3
       1
       2
       1
       3
       0
       2
       0
       3
       4
       2
       2
       1
       1
       1
       1
       0
       2
       0
       1
       1
       4
       1
       2
       3
       1
       1
       4
       1
       0
       1
       1
       3
       0
       3
       2
       0
       0
       2
       2
       4
       5
       0
       1
       4
       2
       3
       2
       0
       3
       1
       1
       2
       1
       2
       3
       1
       2
       6
       2
       2
       2
       3
       1
       3
       6
       3
       4
       6
       2
       2
       3
       9
       5
       4
       6
       3
       5
       6
      11
      13
       8
       8
      12
       7
      10
      11
      10
      20
      14
       6
      10
      16
      12
       9
      13
      21
      18
      25
      17
      23
      22
      24
      27
      26
      35
      43
      31
      41
      18
      37
      39
      38
      32
      50
      36
      47
      52
      48
      56
      40
      40
      56
      61
      66
      73
      57
      74
      68
      83
      84
      87
      85
      87
      90
     102
      96
      91
      93
     100
      93
     108
     120
     118
     121
     108
     130
     144
     141
     119
     144
     141
     155
     135
     137
     176
     163
     175
     163
     178
     182
     187
     182
     215
     178
     206
     185
     205
     194
     214
     191
     234
     231
     226
     240
     212
     218
     246
     228
     247
     217
     229
     244
     261
     248
     227
     231
     262
     241
     251
     266
     248
     233
     268
     275
     264
     249
     252
     240
     254
     254
     243
     269
     277
     254
     248
     219
     278
     242
     242
     240
     255
     244
     265
     230
     237
     229
     258
     257
     234
     224
     229
     239
     245
     237
     213
     212
     231
     185
     215
     190
     216
     193
     193
     192
     177
     165
     188
     167
     187
     169
     148
     156
     174
     155
     139
     148
     150
     134
     146
     117
     127
     127
     127
     121
     115
     121
     122
     101
      83
      93
      77
      98
      84
      59
     100
      96
      69
      75
      62
      65
      51
      57
      65
      39
      62
      47
      48
      43
      54
      34
      35
      32
      59
      28
      33
      40
      36
      27
      36
      28
      26
      25
      23
      15
      11
      25
      24
      19
      14
      11
      18
      17
      13
      10
      13
      14
      12
      12
       4
       4
       6
       5
       4
       5
       4
       8
       5
       5
       4
       7
       6
       7
       3
       7
       5
       2
       5
       1
       3
       2
       0
       5
       3
       3
       3
       6
       3
       1
       3
       1
       6
       2
       0
       0
       1
       0
       1
       1
       1
       0
       0
       0
       0
       1
       0
       1
       0
       1
       1
       1
       0
       0
       1
       0
       0
       1
       0
       0
       0
       0
       0
       1
       1
       0
       0
       0
       1
       1
       0
       1
       1
       2
       1
       0
       0
       2
       0
       0
       0
       1
       0
       1
       1
       0
       0
       0
       0
       0
       0
       1
       0
       0
       0
       0
       0
       0
       0
       0
       0
       3
       0
       0
       0
       0
       1
       0
       1
       0
       1
       0
       0
       0
       1
       1
       0
       0
       1
       0
       0
       0
       0
       0
       0
       1
       0
       0
       0
       1
       0
       2
       0
       0
       0
       0
       0
       0
       0
       0
       2
       1
       0
       0
       1
       1
       0
       0
       0
       1
       1
       0
       1
       0
       1
       0
       1
       1
       1
       1
       0
       3
       0
       1
       0
       0
       1
       0
       0
       0
       3
       0
       0
       0
       0
       1
       1
       0
       2
       0
       1
       0
       0
       1
       0
       0
       0
       0
       1
       1
       0
       0
       0
       0
       1
       1
       1
       0
       0
       0
       0
       0
       1
       0
       0
       0
       0
       0
       1
       1
       1
       0
       0
       1
       1
       0
       0
       0
       0
       1
       0
       1
       0
       1
       0
       0
       0
       1
       0
       1
       1
       0
       0
       0
       0
       0
       2
       0
       1
       0
       0
       1
       1
       0
       0
       0
       0
       1
       0
       1
       1
       0
       1
       0
       1
       0
       0
       0
       1
       0
       0
       1
       1
       0
       1
       1
       0
       0
       1
       1
       0
       0
       0
       1
       0
       0
       1
       1
       0
       0
       0
       0
       3
       0
       0
       0
       0
       1
       0
       3
       0
       1
       0
       0
       0
       1
       0
       0
       1
       0
       0
       0
       0
       0
       0
       2
       1
       2
       0
       0
       0
       0
       0
       0
       0
       0
       1
       0
       0
       0
       0
       0
       0
       0
       1
       1
       0
       0
       0
       0
       1
       0
       1
       1
       1
       0
       0
       0
       1
       0
       0
       1
       0
       0
       0
       0
       0
       0
       1
       0
       1
       0
       1
       0
       0
       0
       0
       0
       0
       1
       0
       0
       1
       0
       0
       1
       0
       0
       0
       0
       1
       0
       0
       0
       1
       0
       1
       0
       0
       0
       1
       0
       1
       0
       0
       1
       0
       0
       1
       0
       0
       1
       1
       0
       0
       0
       0
       0
       0
       1
       0
       0
       1
       0
       0
       0
       0
       1
       2
       0
       0
       1
       0
       2
       0
       0
       0
       0
       1
       0
       0
       0
       1
       0
       0
       0
       0
       0
       0
       1
       0
       0
       0
       1
       2
       1
       0
       1
       1
       0
       0
       1
       0
       1
       0
       0
       0
       0
       0
       0
       0
       0
       0
       0
       1
       0
       0
       1
       0
       0
       2
       0
       1
       0
       0
       0
       0
       0
       0
       0
       0
       0
       0
       0
       0
       0
       0
       0
       0
       0
       0
       0
       0
       0
       0
       0
       0
       0
$ROI:
1
1331 1635
$PRESETS:
Live Time
1000
0
$ENER_FIT:
-37.406231 1.986979
$MCA_CAL:
3
-3.740623E+001 1.986979E+000 0.000000E+000 keV
$SHAPE_CAL:
3
0.000000E+000 0.000000E+000 0.000000E+000
