$SPEC_ID:
This is sample 039.
$SPEC_REM:
DET# 1
DETDESC# DIP1456 PCI-Trump SN 253
AP# Maestro Version 7.01
$DATE_MEA:
01/11/2025 06:21:02
$MEAS_TIM:
1000 1028
$DATA:
0 2047
       0
       0
       0
       0
       0
       0
       0
       0
       0
       0
       0
       0
       0
       0
       0
       0
       0
       0
       0
       0
       0
       0
       0
       0
       0
       0
       0
       0
       0
       0
       0
       0
       0
       0
       0
       0
       0
       0
       0
       0
       0
       0
       0
       0
       0
       0
       0
       0
       0
       0
       0
       0
       0
       2
      16
      12
      17
      16
      13
      18
      18
      12
      17
      14
      16
      14
      10
      11
      17
      14
      16
      24
      11
      15
      17
      11
      20
      13
      13
      20
      12
      15
      15
      18
      17
      22
      15
      19
      15
      17
      19
      18
      10
      10
      14
      14
      12
      26
       9
      15
      10
      10
      12
      16
      10
      16
      18
      10
      20
      12
      10
      15
      15
       7
      22
      14
      16
      18
      14
      16
      15
      11
      16
      15
      16
       7
      18
      15
      17
      12
      13
      16
      21
      10
      13
      21
      17
      15
      15
      13
      15
      18
      18
      18
      11
      12
      17
      13
      14
      10
      15
      12
      12
      10
      15
      21
      18
      11
      12
      15
      17
      21
      15
      14
      13
       9
      17
      20
      25
      12
      13
      10
       8
      15
      16
      15
      20
      20
      14
      15
      14
      17
      14
      18
      19
      19
      11
      12
      11
      12
      15
      16
      13
      16
      12
      12
      12
      21
      12
      11
      10
      18
      13
      17
      14
      14
      24
      16
      13
      13
      11
      11
      14
      11
      18
      11
      17
      17
      14
      17
      23
      16
      15
      12
      16
      12
      15
      13
      17
      21
      15
      21
      21
      18
       9
      12
      13
      15
      20
      21
      19
      22
      10
      21
      11
      18
      17
      13
      11
      19
      19
      10
      14
      12
      17
      14
      22
      18
      21
      12
      19
      16
      12
      11
      19
       9
      23
      14
      15
      17
      22
      17
      23
      19
      24
      18
      15
      21
      11
      25
      19
      14
      15
      20
      14
      19
      24
      17
      20
      20
      13
      16
      15
      16
      10
      16
      19
      16
      21
      13
      17
      25
      22
      23
       9
      16
      17
      10
      15
      15
       9
      10
      20
      17
      13
      22
      15
      10
      16
      15
      13
      17
      21
      12
      11
      19
      18
      18
      19
      16
       8
      23
      18
       9
      13
      16
      10
      15
      20
      16
      21
      15
      12
      21
      12
      15
      13
      22
       8
      16
      13
      20
      18
      17
      17
      15
      16
      16
      13
       9
      20
      19
      17
      13
      17
      19
      18
      13
      21
      16
       8
      21
      18
      14
      12
      18
      14
      16
      12
      21
      13
      22
      13
      20
      20
      12
      26
      13
      19
      15
      10
      17
      20
      20
      24
      13
      20
      19
      21
      20
      24
      18
      16
      21
      14
      16
      19
      22
      14
      17
      24
      17
      15
      17
      15
       9
      13
      14
       9
      17
      13
      19
      16
      18
      21
      13
      15
      14
      22
      17
      18
      23
      21
      23
      17
      16
      18
      18
      24
      19
      15
      12
      17
      12
      16
      18
      14
      11
      17
      20
      24
      18
      13
      18
      12
      20
      23
      23
      10
       9
      13
      24
      22
      20
      28
      22
      21
      16
      16
      26
      16
      10
      18
      19
      23
      19
      10
      22
      22
      16
      18
      13
      15
      11
      15
      16
      17
      22
      16
      16
      16
      12
      17
      18
      17
      14
      20
      23
      22
      23
      17
      15
      13
      15
      13
      21
      20
      17
      17
      12
      19
      13
      15
      17
      18
      11
      15
      14
      15
      18
      17
      21
      18
      16
      15
      16
      14
      13
      15
      16
      19
      15
      16
      16
      15
      19
      23
      17
      24
      22
      15
      13
      23
      15
      24
      18
      20
      15
      19
      18
      23
      21
      12
      11
      17
      25
       4
      21
      21
      19
      12
      20
      19
      18
      19
      14
      16
      19
      20
      18
      27
      12
      19
      21
      15
      15
      19
      10
      18
      20
      14
      16
      19
      19
      16
      13
       9
      13
      17
      21
      14
      20
      19
      17
      21
      18
      16
      16
      28
      16
      10
      20
      17
      19
      13
      22
      17
      19
      13
      13
      14
       9
      22
      14
      22
      17
      21
      14
      13
      12
      12
      13
      15
      21
      11
      15
      14
      13
      19
      19
      13
      22
      15
      19
      19
      27
      17
      16
      14
      13
      12
      24
       9
      13
      15
      15
      15
      15
      17
      16
      29
      22
      19
      18
      24
      17
      14
      16
      13
      18
      16
      17
      15
      15
      21
      17
      19
      17
      18
      16
      17
      15
      21
       9
      10
      16
      13
      19
      18
      18
      15
      20
      12
      11
      12
      15
      14
      16
      15
      14
      20
      13
      12
      14
      13
      13
      18
      20
      11
       9
      16
      12
      19
      11
      12
      19
      15
      21
      17
      18
      14
      21
      10
      13
      12
      13
      17
      11
      17
      12
      17
       9
      17
      19
      10
      19
      18
      17
      18
      24
      18
      25
      19
      14
       9
      14
      20
      14
      18
      17
      11
      10
      12
      16
      16
      17
      17
      18
      12
      15
      17
      18
      16
      16
      22
      15
      16
      12
      20
      23
      21
      18
      18
      19
      14
      20
      10
      15
      17
      20
      18
      19
      22
      17
      16
      12
      15
      14
      17
      22
      21
      16
      11
      21
      20
      13
      20
      17
      11
      19
      22
      15
      17
      11
      16
      15
      19
      17
      16
      22
      22
      20
      17
      13
      13
      14
      20
      17
      24
      12
      19
      16
      15
      13
      11
      15
      18
      22
      15
      11
      18
      16
      19
      22
      21
      20
      23
      23
      14
      17
      17
      16
      16
      19
      17
      14
      18
      18
      17
      12
      25
      23
      17
      12
      12
       9
       5
      16
      24
      16
      17
      19
      16
      15
      12
      17
      16
      19
      24
      17
      18
      25
      17
      12
      16
      21
      22
      12
      16
      13
      13
      15
      17
      20
      19
      23
      32
      21
      16
      14
      16
      24
      26
      18
      17
      24
      23
      12
      12
      12
      22
      19
      10
      23
      16
      21
      27
      16
      19
      18
      17
      20
      11
      20
      18
      23
      11
      17
      17
      23
      21
      20
      21
      22
      14
      19
      11
      14
      21
      19
      16
      18
      21
      15
      18
      10
      18
      15
      13
      10
      13
      16
      16
      13
      12
      10
      13
      12
      17
      14
      16
      12
      13
       5
      11
      13
      10
      13
      10
      12
      12
       7
      12
       8
       9
      10
       8
      13
       9
      12
      10
       4
       8
       8
      14
      19
       4
       7
      11
       5
       8
       9
       8
       5
       3
       4
       4
       4
      11
      13
       7
       8
       5
       4
       4
       5
       8
       6
       7
       3
       7
       6
       7
       1
       3
       4
       7
       7
       3
       5
       7
       5
       3
       4
       9
       7
       4
       8
       3
       4
       2
       4
       4
       3
       5
       3
       5
       7
       2
       4
       4
       4
       5
       6
       3
       7
       3
       3
       0
       7
       1
       5
       1
       1
       4
       4
       6
       3
       2
       1
       2
       1
       3
       2
       2
       4
       1
       3
       2
       0
       2
       1
       2
       7
       2
       5
       4
       3
       2
       3
       4
       6
       1
       2
       3
       4
       1
       0
       0
       0
       0
       1
       2
       2
       4
       3
       2
       2
       3
       3
       1
       1
       3
       4
       2
       1
       1
       1
       2
       1
       2
       1
       1
       0
       3
       2
       2
       2
       0
       1
       4
       3
       4
       1
       2
       0
       3
       2
       2
       3
       3
       1
       2
       8
       4
       2
       1
       1
       1
       1
       3
       3
       3
       1
       2
       2
       5
       2
       2
       1
       2
       2
       4
       4
       1
       1
       1
       4
       2
       2
       3
       3
       1
       4
       2
       2
       1
       0
       0
       1
       1
       0
       1
       1
       0
       1
       0
       2
       2
       3
       1
       2
       0
       1
       1
       2
       1
       0
       0
       3
       2
       0
       2
       1
       0
       2
       1
       1
       3
       1
       3
       1
       3
       1
       2
       1
       3
       0
       2
       1
       1
       1
       1
       3
       0
       2
       0
       1
       1
       0
       3
       1
       0
       4
       0
       1
       2
       1
       0
       2
       2
       0
       2
       2
       2
       0
       2
       1
       0
       1
       0
       1
       0
       1
       0
       1
       0
       2
       2
       1
       1
       1
       1
       0
       4
       1
       2
       1
       1
       0
       1
       1
       2
       0
       2
       0
       1
       1
       0
       2
       2
       1
       0
       1
       1
       1
       2
       4
       3
       2
       1
       5
       0
       4
       2
       0
       2
       1
       1
       0
       0
       0
       3
       2
       1
       1
       3
       1
       0
       2
       1
       3
       2
       1
       0
       0
       1
       3
       1
       2
       2
       1
       0
       0
       1
       1
       0
       2
       1
       6
       1
       0
       2
       3
       5
       2
       0
       3
       0
       3
       4
       1
       2
       2
       2
       1
       2
       3
       3
       4
       1
       4
       4
       5
       4
       3
       5
       2
       5
       5
       9
       6
       6
       8
       7
       7
       4
       9
      11
       7
      10
       7
       7
      12
      16
      14
      16
      16
      12
      16
      10
      18
      16
      17
      21
      12
      20
      21
      20
      21
      28
      34
      37
      39
      27
      41
      40
      36
      39
      42
      43
      45
      43
      49
      43
      50
      50
      59
      44
      60
      66
      71
      65
      62
      58
      86
      68
      64
      89
     106
      90
      98
     102
      88
     110
      84
     106
     106
     126
     144
     113
     140
     156
     129
     127
     121
     122
     150
     140
     120
     134
     156
     179
     171
     163
     165
     176
     171
     208
     174
     179
     193
     194
     194
     216
     191
     209
     212
     226
     202
     220
     230
     231
     235
     213
     236
     212
     228
     244
     231
     232
     212
     244
     221
     244
     235
     240
     219
     248
     281
     275
     256
     270
     247
     269
     244
     246
     245
     252
     257
     272
     248
     279
     262
     245
     274
     273
     249
     270
     243
     216
     216
     208
     220
     245
     223
     254
     248
     239
     224
     228
     210
     226
     211
     205
     218
     177
     194
     185
     195
     200
     171
     201
     174
     163
     191
     156
     151
     180
     156
     163
     130
     145
     141
     119
     142
     136
     120
      99
     133
     121
     126
     119
     101
      97
     123
      96
      93
      93
      91
      84
      90
      88
      80
      79
      88
      75
      59
      58
      88
      70
      61
      52
      54
      47
      54
      43
      54
      36
      34
      32
      25
      34
      34
      28
      27
      30
      34
      30
      25
      24
      25
      21
      26
      20
      21
      19
       9
       8
       7
       8
      18
      12
      10
      13
      17
      14
      12
       8
      11
      12
      10
       7
       9
       8
       9
       3
       9
       3
       3
       4
       0
       4
       0
       2
       3
       6
       3
       3
       2
       1
       1
       1
       5
       0
       3
       1
       3
       5
       2
       1
       0
       1
       2
       4
       0
       2
       0
       0
       1
       2
       2
       0
       1
       3
       0
       0
       1
       1
       2
       1
       0
       2
       0
       0
       0
       0
       0
       0
       0
       2
       0
       1
       1
       1
       0
       0
       0
       0
       2
       0
       0
       1
       1
       0
       0
       1
       0
       1
       0
       1
       0
       1
       0
       1
       0
       0
       1
       0
       0
       0
       0
       0
       0
       0
       1
       0
       1
       0
       1
       0
       0
       0
       0
       1
       1
       2
       2
       0
       1
       1
       2
       1
       0
       1
       2
       2
       3
       0
       0
       0
       1
       1
       1
       2
       1
       1
       0
       0
       1
       0
       4
       0
       0
       1
       1
       0
       0
       0
       0
       0
       0
       0
       0
       2
       0
       0
       0
       0
       0
       2
       1
       0
       0
       0
       0
       0
       1
       0
       0
       0
       1
       0
       0
       1
       2
       0
       1
       0
       1
       3
       0
       0
       0
       0
       1
       0
       0
       0
       0
       0
       0
       0
       0
       1
       0
       0
       0
       0
       1
       1
       1
       0
       0
       0
       0
       0
       0
       0
       0
       0
       1
       0
       2
       0
       1
       0
       1
       0
       1
       0
       1
       0
       1
       0
       1
       0
       1
       0
       1
       1
       1
       0
       0
       1
       0
       2
       0
       0
       0
       4
       1
       1
       1
       1
       1
       2
       0
       0
       0
       1
       1
       0
       0
       0
       0
       0
       0
       0
       0
       0
       0
       0
       1
       0
       1
       0
       1
       0
       0
       0
       0
       0
       0
       0
       0
       0
       0
       0
       0
       2
       1
       2
       1
       0
       0
       0
       0
       1
       0
       1
       0
       0
       1
       0
       1
       0
       0
       0
       0
       0
       3
       0
       0
       0
       0
       0
       0
       1
       1
       0
       0
       0
       0
       0
       0
       0
       0
       2
       0
       0
       0
       0
       0
       0
       0
       0
       1
       0
       1
       0
       0
       1
       0
       1
       0
       2
       0
       0
       0
       1
       0
       1
       0
       0
       0
       0
       0
       2
       1
       0
       0
       1
       0
       1
       1
       1
       2
       0
       0
       1
       0
       0
       0
       0
       0
       1
       0
       1
       0
       0
       0
       1
       0
       1
       1
       0
       2
       0
       0
       0
       0
       0
       0
       0
       0
       0
       1
       1
       3
       0
       0
       0
       3
       0
       0
       1
       1
       0
       0
       0
       0
       0
       0
       1
       0
       0
       1
       1
       0
       0
       1
       1
       0
       0
       0
       0
       0
       1
       0
       0
       1
       1
       1
       1
       1
       0
       0
       2
       0
       0
       0
       0
       1
       0
       0
       0
       0
       0
       1
       1
       0
       1
       1
       1
       1
       0
       0
       1
       0
       0
       1
       0
       0
       0
       0
       1
       2
       1
       0
       0
       1
       2
       1
       0
       0
       0
       0
       1
       0
       0
       0
       0
       0
       0
       0
       0
       0
       0
       0
       0
       1
       0
       0
       0
       0
       0
       0
$ROI:
1
1331 1635
$PRESETS:
Live Time
1000
0
$ENER_FIT:
-37.406231 1.986979
$MCA_CAL:
3
-3.740623E+001 1.986979E+000 0.000000E+000 keV
$SHAPE_CAL:
3
0.000000E+000 0.000000E+000 0.000000E+000
