$SPEC_ID:
This is sample 365.
$SPEC_REM:
DET# 1
DETDESC# DIP1456 PCI-Trump SN 253
AP# Maestro Version 7.01
$DATE_MEA:
01/15/2025 12:35:08
$MEAS_TIM:
1000 1028
$DATA:
0 2047
       0
       0
       0
       0
       0
       0
       0
       0
       0
       0
       0
       0
       0
       0
       0
       0
       0
       0
       0
       0
       0
       0
       0
       0
       0
       0
       0
       0
       0
       0
       0
       0
       0
       0
       0
       0
       0
       0
       0
       0
       0
       0
       0
       0
       0
       0
       0
       0
       0
       0
       0
       0
       0
       1
      14
       9
      18
      10
      14
      13
      17
      13
      18
      14
      19
      18
      13
      15
      13
      14
      14
      13
      20
      13
      15
      13
       7
      18
      13
      12
      16
      13
      12
      11
      12
      11
      15
      22
      23
      20
       7
      15
      12
      14
      17
      18
      12
      19
      13
      10
      12
      12
      16
       9
      14
      13
      18
      12
      15
      18
      15
      13
      19
      10
      14
      16
      15
      21
      17
      20
      13
      19
      13
      25
      13
      11
      20
      10
      15
      14
      19
      15
      16
      14
      12
      20
      15
      15
      23
      10
      11
      17
      18
      22
      11
      15
      11
      14
      18
      11
      13
      17
      13
      12
      19
       7
      16
      19
      12
      14
      12
      20
      21
      12
      11
      13
      13
      17
      18
      23
      18
      17
       9
      12
      18
      24
      21
      18
      20
      17
      14
      27
      12
      18
      14
      21
      17
      14
       8
      14
      13
      23
      15
      14
      15
      13
      16
      11
      16
      13
      19
      22
      15
      12
      13
      14
      16
      11
      18
      13
      16
       7
      22
      17
      13
      14
      13
      17
      14
      17
      20
      14
      12
      19
       9
      18
      10
      17
      17
      17
      11
      20
      10
      17
      19
      19
      17
      21
      25
      13
      10
      18
      17
      15
      16
      10
      22
      17
      15
      24
      20
      16
      19
      15
      21
      20
      19
      18
      13
      20
      12
      17
      18
      20
      21
      22
      13
      14
      12
       9
      14
      21
      15
      22
      12
      11
      17
      19
      14
      14
      15
      20
      17
      12
      17
      14
      20
      18
      15
      15
      14
       9
      20
      12
      12
      16
      14
      19
      14
      19
      14
      17
      22
      13
      17
      16
      18
      20
      13
      18
      17
      12
      20
      17
      20
      20
      16
      19
      19
      15
      17
      21
      13
      13
      19
      11
      18
      10
      23
      21
      14
      13
      18
      12
      16
      13
      12
      20
      16
      18
      17
      17
      12
      14
      16
      21
      12
      19
      13
      18
      20
      15
      15
      17
       8
      19
      14
      19
      15
      12
      20
      16
      16
      18
      17
      18
      22
      16
      18
      16
      24
      17
      13
      14
       9
      26
      18
      21
      11
      30
      19
      24
      18
      27
      10
      16
      16
      16
      19
      16
      17
       8
      18
      14
      14
      14
      13
      21
      15
      14
      12
      14
      16
      15
      15
      19
      16
      19
      19
      22
      22
      25
      16
      20
      18
      16
      22
      18
      14
      16
      12
      18
      17
      16
      10
      16
      11
      17
      12
      20
      26
      21
      18
      16
      19
      16
      11
      21
      20
      19
      18
      18
      16
      21
      25
      18
      16
      16
      19
      19
      20
      15
      15
      17
      25
      13
      17
      13
      18
      22
      18
      21
       9
      13
      24
      21
      17
      12
      18
      15
      16
      16
      24
      16
      16
      12
      14
      19
      11
      21
      16
      18
      21
      22
      25
      21
      22
      18
      18
      19
      14
      15
      12
      14
      18
      19
      17
      20
      11
      29
      14
      20
      16
      18
      16
      15
      13
      16
      16
      17
      17
      23
      21
      11
      19
      25
      14
      21
      16
      17
      19
      17
      18
      16
      13
      10
      20
      18
      17
      21
      14
      15
      25
      14
      18
      23
      24
      16
      19
      15
      19
      12
      23
      12
      21
      20
      22
      17
      17
      18
      15
      19
      16
      14
      10
      11
      14
      15
      14
      19
      12
      16
      14
      18
      25
      16
      18
      16
      13
       8
      17
       8
      17
      17
      14
      11
      17
      13
      25
      13
      13
      23
      21
      19
      22
      21
      15
      17
      23
      14
      20
       9
      14
      16
       7
      12
      17
      21
      15
      18
      16
      12
      19
      19
      14
       7
      18
      18
      12
      18
      23
      15
      13
      24
      20
      12
      16
      15
      23
      17
      18
      20
      20
      14
      18
      12
      15
      14
      20
      18
      14
      15
      18
      16
      18
      11
      14
      21
      12
      15
      14
      16
      15
      11
      12
      18
      15
      19
      19
      13
      11
      17
      11
      12
      13
      24
      17
      17
      14
       8
      18
      23
      17
      14
      22
      12
      18
      14
      15
      14
      18
      13
       9
      14
      19
      16
      17
       9
      16
      14
      12
      14
      12
      16
      12
      12
      16
      15
      14
      13
      16
      23
      16
       7
      16
      17
      11
      21
      12
      21
      15
      11
      12
      19
      27
      13
      12
      14
       9
      11
      13
      14
      17
      18
      17
      13
      19
      14
      16
      13
      13
      16
      20
       9
      19
      17
      18
      21
      11
      18
      13
      13
      13
      20
      21
      20
      18
      17
      19
      15
      23
      17
      14
      12
      16
      11
      19
      11
      15
      18
      16
      15
      14
      20
      20
      13
      18
      11
      14
      14
      11
      22
      19
      17
      17
      18
      11
      14
      23
      14
      15
      22
      13
      19
       9
      16
      14
      19
      20
      13
      18
      15
      18
      14
      15
      10
      15
      15
      17
      21
      19
      23
      21
      13
      23
      20
      20
      15
      13
      18
      16
      18
      19
      16
      23
      20
      17
      17
      15
      23
      17
      27
      18
      21
      10
      19
       9
      18
      17
      12
      15
       8
      18
      13
      18
      20
      18
      17
      15
      22
      19
       8
      18
      17
      18
      26
      20
      16
      14
      21
      12
      19
      14
      18
      19
      14
      14
      15
      17
      15
      20
      19
      16
      17
      17
      20
      15
       9
      16
      17
      12
      18
      25
      15
      22
      18
      20
      22
      26
       9
      18
      13
      21
      12
      10
      17
      12
      20
      21
      23
      17
      17
      12
      17
      14
      18
      17
      13
      13
      26
      18
      18
      17
      19
      13
      13
      17
      20
      17
      17
      18
      24
      14
      11
      12
      20
      17
      18
      20
      15
      20
      12
      19
      10
      16
      12
      19
      19
      10
      16
      11
      20
      18
       8
       8
      15
       9
      14
      11
      19
       9
      17
      10
      11
      13
      14
      11
       8
      13
      13
      12
       9
      12
       9
      13
      18
      11
       9
       9
      13
       4
      10
       8
       9
       7
      12
       7
      10
       2
      10
       5
       5
       9
       9
      10
       8
       5
       3
      10
       6
       6
       8
       6
       5
       4
       8
       6
      10
       7
       2
       3
       6
       6
       7
       7
       4
       4
       7
       6
       3
       2
       4
       7
       4
       3
       8
       5
       5
       9
       3
       4
       0
       3
       3
       5
       4
       3
       4
       3
       3
       4
       2
       2
       5
       4
       4
       5
       3
       1
       4
       6
       3
       3
       4
       4
       4
       5
       5
       5
       6
       2
       3
       7
       4
       2
       1
       6
       4
       4
       7
       0
       1
       1
       2
       5
       3
       4
       4
       1
       0
       3
       0
       4
       6
       2
       3
       5
       4
       3
       2
       5
       3
       1
       2
       3
       3
       1
       2
       1
       1
       5
       4
       5
       1
       2
       3
       2
       1
       2
       2
       0
       3
       1
       4
       3
       4
       2
       1
       0
       1
       0
       0
       2
       0
       1
       3
       2
       0
       3
       2
       1
       1
       3
       1
       1
       2
       0
       1
       0
       2
       2
       1
       2
       1
       1
       1
       2
       3
       1
       2
       1
       0
       1
       2
       0
       0
       0
       2
       1
       1
       4
       0
       1
       4
       2
       0
       6
       2
       0
       1
       1
       1
       3
       1
       1
       1
       2
       2
       2
       0
       2
       0
       0
       1
       1
       3
       5
       2
       2
       1
       1
       1
       0
       1
       2
       2
       3
       2
       3
       3
       1
       1
       2
       1
       6
       1
       1
       1
       1
       0
       0
       0
       2
       0
       1
       0
       3
       2
       3
       0
       1
       0
       1
       1
       1
       2
       2
       6
       4
       4
       1
       2
       2
       1
       1
       1
       1
       0
       3
       2
       2
       4
       3
       0
       1
       1
       0
       2
       4
       1
       0
       1
       2
       1
       1
       1
       1
       0
       5
       1
       1
       1
       2
       1
       0
       3
       3
       2
       0
       1
       0
       2
       2
       2
       0
       1
       1
       1
       0
       2
       3
       2
       0
       2
       2
       0
       0
       0
       2
       5
       2
       1
       1
       1
       2
       1
       1
       1
       3
       1
       2
       2
       4
       1
       2
       0
       1
       2
       0
       1
       2
       2
       3
       2
       1
       2
       1
       1
       1
       2
       1
       1
       6
       2
       2
       3
       1
       3
       1
       1
       1
       1
       1
       5
       2
       1
       3
       3
       3
       2
       2
       3
       3
       1
       8
       5
       2
       6
       3
       1
       2
       8
       4
       2
       4
       9
       5
      12
       4
       9
      10
       5
       9
      12
       8
      19
      15
      11
      14
      19
      13
      16
      13
      18
      14
      14
      23
      23
      24
      25
      33
      20
      29
      25
      27
      37
      33
      34
      51
      34
      34
      35
      44
      49
      45
      42
      50
      61
      59
      51
      69
      83
      70
      74
      72
      66
      76
      88
      89
      83
      86
     108
     102
      92
      92
     109
     121
     113
     132
     105
      99
     119
     143
     143
     128
     135
     123
     138
     156
     157
     184
     181
     151
     153
     171
     126
     177
     172
     174
     169
     199
     188
     198
     220
     207
     221
     208
     207
     238
     201
     217
     234
     224
     252
     230
     248
     259
     264
     243
     256
     288
     268
     255
     255
     218
     226
     247
     265
     262
     244
     259
     292
     225
     271
     245
     238
     256
     246
     257
     242
     250
     232
     286
     267
     243
     248
     250
     261
     245
     244
     254
     239
     229
     234
     243
     230
     220
     273
     235
     206
     204
     227
     209
     212
     223
     196
     210
     182
     189
     194
     182
     192
     165
     183
     168
     173
     164
     156
     137
     180
     138
     140
     133
     137
     138
     126
     142
     141
     114
     112
     112
     121
     106
     119
     102
     119
      86
      99
      86
      91
      76
      65
      86
      54
      77
      65
      73
      51
      74
      51
      50
      45
      38
      59
      51
      53
      33
      47
      38
      40
      41
      29
      30
      24
      30
      20
      27
      24
      25
      14
      22
      15
      16
      16
      20
      20
      14
       8
       9
      17
      12
      11
      16
       9
       8
       6
       5
       8
       4
       6
       4
       4
      13
       1
       4
       7
       2
       1
       6
       4
       2
       3
       4
       1
       3
       2
       2
       4
       4
       2
       1
       2
       2
       1
       2
       3
       2
       1
       1
       1
       1
       1
       0
       1
       2
       0
       0
       0
       1
       0
       2
       0
       1
       0
       1
       2
       1
       2
       2
       0
       0
       0
       1
       0
       0
       0
       1
       0
       1
       0
       2
       1
       0
       0
       0
       0
       0
       0
       1
       0
       0
       0
       1
       0
       0
       0
       0
       0
       2
       0
       1
       1
       2
       0
       1
       0
       0
       0
       0
       0
       2
       0
       1
       0
       0
       0
       1
       0
       2
       0
       0
       0
       0
       2
       0
       0
       1
       0
       0
       2
       0
       0
       1
       1
       1
       0
       0
       0
       1
       0
       2
       1
       1
       1
       0
       0
       0
       0
       0
       0
       1
       0
       0
       1
       2
       0
       0
       0
       0
       0
       0
       0
       0
       0
       0
       0
       0
       1
       0
       0
       0
       0
       0
       1
       0
       1
       1
       1
       1
       0
       1
       2
       1
       1
       1
       3
       0
       0
       1
       0
       1
       1
       0
       0
       0
       2
       0
       0
       0
       0
       0
       1
       0
       0
       0
       1
       0
       0
       0
       0
       1
       1
       1
       0
       0
       0
       0
       0
       3
       0
       0
       0
       1
       0
       0
       3
       1
       1
       0
       1
       0
       0
       0
       0
       0
       0
       0
       1
       0
       1
       0
       1
       0
       0
       0
       0
       1
       0
       0
       0
       0
       0
       0
       0
       0
       0
       1
       1
       0
       0
       1
       1
       0
       0
       1
       1
       0
       0
       3
       0
       0
       0
       0
       2
       2
       2
       0
       0
       1
       0
       0
       2
       1
       0
       0
       0
       2
       0
       1
       0
       1
       1
       0
       1
       0
       2
       1
       1
       0
       0
       1
       0
       3
       0
       1
       0
       0
       0
       0
       1
       2
       0
       0
       0
       2
       1
       1
       0
       0
       0
       0
       0
       0
       1
       2
       0
       0
       0
       0
       0
       1
       0
       0
       0
       1
       1
       0
       2
       1
       1
       0
       0
       0
       0
       0
       1
       0
       0
       0
       2
       1
       3
       0
       0
       0
       0
       0
       0
       0
       0
       2
       0
       0
       0
       0
       1
       1
       0
       0
       3
       1
       0
       0
       0
       0
       0
       1
       0
       1
       0
       0
       1
       1
       1
       1
       0
       0
       0
       0
       0
       0
       0
       0
       0
       1
       0
       0
       0
       0
       0
       0
       2
       0
       0
       1
       0
       0
       0
       0
       0
       0
       0
       0
       0
       1
       3
       0
       0
       0
       0
       1
       0
       1
       1
       0
       1
       1
       1
       0
       0
       1
       1
       0
       0
       0
       0
       1
       1
       0
       3
       0
       0
       1
       0
       0
       0
       0
       0
       1
       0
       0
       0
       0
       1
       0
       0
       0
       0
       0
       1
       0
       1
       1
       0
       1
       0
       0
       0
       1
       1
       0
       1
       0
       1
       0
       1
       0
       0
       1
       0
       0
       0
       0
       0
       0
       0
       0
       0
       0
       0
       0
       0
       0
       0
       0
       0
       0
       0
       0
       0
       0
       1
       0
       0
       0
       0
       0
       0
$ROI:
1
1331 1635
$PRESETS:
Live Time
1000
0
$ENER_FIT:
-37.406231 1.986979
$MCA_CAL:
3
-3.740623E+001 1.986979E+000 0.000000E+000 keV
$SHAPE_CAL:
3
0.000000E+000 0.000000E+000 0.000000E+000
