$SPEC_ID:
This is sample 314.
$SPEC_REM:
DET# 1
DETDESC# DIP1456 PCI-Trump SN 253
AP# Maestro Version 7.01
$DATE_MEA:
01/14/2025 20:35:30
$MEAS_TIM:
1000 1028
$DATA:
0 2047
       0
       0
       0
       0
       0
       0
       0
       0
       0
       0
       0
       0
       0
       0
       0
       0
       0
       0
       0
       0
       0
       0
       0
       0
       0
       0
       0
       0
       0
       0
       0
       0
       0
       0
       0
       0
       0
       0
       0
       0
       0
       0
       0
       0
       0
       0
       0
       0
       0
       0
       0
       0
       0
       0
      13
      11
      13
      18
      11
      10
      10
      11
      17
      14
      19
      12
      11
      17
      16
      16
      13
      12
      17
      14
      16
       9
      17
      13
      19
      10
      25
      17
      12
      14
      11
       7
      12
      10
      18
      15
      22
      13
      11
      21
      18
      15
      11
      14
      12
      21
      15
       8
      10
      17
       8
      15
       8
       9
      14
      17
      11
      10
      13
       9
      15
      17
      13
      19
      13
      23
      18
      10
      18
       4
      20
      16
      12
      13
      10
      21
      16
      20
      22
      24
       9
      18
      23
      19
       7
      19
       9
      20
      18
      13
      12
      17
      20
      10
      16
      10
      20
      15
      16
      15
      16
      23
      19
      16
      22
      14
      10
      16
      11
      12
      15
      15
      13
      14
       9
      17
      18
      17
      11
      15
      13
      16
      14
      16
      16
      18
      21
      16
      14
      20
      11
      13
      15
      10
      18
      12
      17
      25
      17
      20
      17
      16
      15
      17
      11
      21
      16
      13
      14
      17
      25
      21
       9
      21
      18
      21
      17
      11
      14
      19
      13
      18
      13
      14
      16
      11
      17
       9
      19
      16
      13
      12
      20
      11
      14
      17
      20
      22
      19
      17
       9
      21
      15
      17
      16
      17
      22
       9
      19
      11
      21
      13
      13
      12
      17
      17
      18
      10
      17
      13
      13
      17
      15
      11
      21
      15
      11
      21
      14
      15
      15
      14
      15
      20
      18
      19
      15
      16
       9
      18
      12
      17
      21
      15
      15
      13
      12
      18
      18
      21
      12
      16
      16
      18
      12
      12
      20
      16
      13
      17
      11
      15
      18
      20
      14
      16
      11
      23
      19
      12
      12
      18
      15
      16
      15
      17
      13
      19
      12
      16
      12
      17
      18
      15
      24
      20
      16
      22
      21
      13
      19
      24
      12
      21
      23
      20
      25
      18
      15
      21
      25
       8
      18
      14
      12
      20
      20
      19
      15
      17
      20
      17
      19
      10
      28
      20
      11
      20
      17
      20
      15
      21
      18
      22
      20
      18
      18
      18
      21
      16
      18
      22
      17
      10
      16
      22
      17
      14
      16
      23
      19
      20
      11
      16
      21
      16
      12
      20
      17
      15
      15
      16
      15
      18
      14
      19
      22
      17
      11
      15
      15
      13
      12
      19
      17
      12
      24
      25
      15
      20
      19
      17
      13
      17
      21
      19
      13
      26
      13
       7
      14
      19
      16
      15
      13
      12
      16
      19
      14
       8
      17
      16
      19
      13
       7
      23
      14
      15
      12
      16
      13
      13
      21
      17
      14
      21
      11
      11
      11
      25
      16
      18
      15
      28
      16
      22
      11
      16
      15
      15
      22
      21
      12
      12
      12
      18
      24
      11
      17
      10
      14
      16
      17
      18
      14
      14
      16
      14
      22
      18
      18
      25
      16
      16
      13
      11
      23
      15
      25
      17
      16
      17
      21
      18
      15
      11
      16
       8
      14
      16
      14
      18
      20
      21
       7
      20
      19
      20
      15
      11
      16
      15
      19
      16
      11
      20
      24
      18
      17
      17
      18
      19
      16
      12
      17
      23
      21
      17
      18
      21
      12
      26
      21
      16
      13
      14
      26
      19
      13
      14
      13
      17
      16
      20
      19
      14
      14
      17
      22
      11
      14
      26
      14
      20
      20
      18
      20
      18
      16
      17
      18
      16
      19
      14
      18
      11
      11
      14
      12
      15
      21
      14
      15
      22
      19
      13
      17
      25
      17
      23
      14
      14
      13
      13
      13
      16
      15
      15
      12
      19
      19
      18
      20
      19
      19
      13
      11
      10
      11
      25
      16
      16
      14
      15
      16
      21
      20
      10
      20
      14
      18
      15
      19
      25
      17
      23
      22
      16
      20
      22
      18
      18
      14
       9
      19
      13
      15
      14
      17
      16
      17
      20
      24
      14
      14
      14
      10
      17
      15
      16
      17
      28
      20
      16
      17
      14
      14
      16
      17
      12
      24
      15
      13
      15
      16
      20
      13
      19
      14
      12
       8
      11
      17
      18
      15
      17
      13
      11
      20
      20
      21
      17
      15
      16
      20
      19
      10
      16
       9
      19
      15
      17
      13
      12
      18
      17
      13
      11
      20
      20
      19
      16
      15
      12
       9
      17
      26
      21
      17
      10
      12
      19
      22
      12
      15
      14
       9
      22
      15
      16
      13
      14
      23
      21
      17
      17
      16
      22
      19
      20
      14
      14
      14
      16
      17
      18
      14
      11
      12
      15
      16
      18
      11
      15
      16
      11
      13
      10
      12
      14
      15
      20
      12
      16
      20
      16
      12
      12
      15
      16
      13
      11
      20
      21
      17
      14
      16
      16
       9
      16
      16
      23
      11
      22
      18
      12
      12
      17
      19
      18
      13
      20
      26
      19
      18
      14
      18
      16
      15
      15
      19
      12
      16
      14
      19
      19
      10
      12
      14
      15
      19
      23
      19
      13
      14
      14
      21
      15
      21
      12
      14
      17
      22
      19
      18
      15
      12
      12
      20
      11
      14
      15
       9
      18
      19
      18
      13
      26
      14
      18
      17
      19
       8
      24
      17
      19
      24
      13
      21
      17
      16
      18
      12
      20
      30
      17
      17
      16
      15
      19
      16
      20
      20
      19
      19
      16
      24
      19
      13
      19
      16
      15
      15
      22
      17
      21
      17
      21
      13
      20
      12
      21
      17
      15
      16
      14
      15
      19
      23
      18
      15
      15
      16
      14
      21
      18
      18
      28
      21
      18
      19
      17
      17
      19
      13
      24
      15
      13
      14
      17
      23
      18
       9
      18
      16
      18
      21
      18
      12
      23
      18
      28
      20
      16
       9
      23
      27
      17
      16
      23
      20
      14
      14
      17
      15
      16
      18
      19
      14
      20
      21
      11
      15
      17
      15
      11
      11
      13
      16
      13
      12
      14
      12
      16
      17
       7
       8
      15
      11
      12
      10
      11
      12
      11
      10
      17
      12
       7
      12
       3
      10
      11
      21
      16
      10
      13
      11
       8
      12
      11
      15
       9
       8
      12
       6
       4
       9
      10
      11
       7
       8
      12
       3
       9
       4
       2
      10
       5
       7
       4
       7
       7
       3
       9
       4
       8
       6
       4
       4
       0
       6
       7
      10
       2
       3
       3
       4
       7
       3
       6
       5
       6
       4
       3
       6
       9
       6
       7
       3
       6
       5
      12
       4
       3
       5
       3
       3
       3
       3
       4
       1
       3
       3
       3
       2
       3
       2
       4
       9
       3
       3
       3
       6
       7
       3
       4
       1
       4
       4
       5
       6
       3
       5
       2
       3
       4
       3
       3
       2
       5
       2
       8
       0
       5
       5
       1
       1
       4
       4
       2
       0
       4
       2
       2
       5
       1
       1
       3
       1
       2
       2
       1
       3
       3
       2
       1
       2
       4
       1
       3
       3
       0
       4
       3
       3
       0
       1
       5
       3
       1
       0
       4
       0
       1
       3
       3
       2
       1
       2
       0
       1
       1
       3
       2
       2
       3
       1
       2
       1
       1
       2
       1
       4
       2
       3
       1
       0
       0
       4
       0
       3
       1
       1
       3
       2
       3
       2
       1
       2
       1
       1
       3
       1
       3
       0
       1
       1
       2
       3
       0
       1
       3
       4
       2
       1
       2
       2
       3
       3
       1
       1
       1
       3
       3
       2
       2
       2
       4
       1
       0
       1
       0
       2
       1
       2
       2
       4
       4
       0
       2
       1
       1
       2
       1
       2
       2
       0
       1
       1
       2
       2
       3
       1
       0
       1
       1
       2
       1
       2
       1
       4
       2
       2
       2
       4
       2
       3
       3
       1
       0
       0
       3
       1
       3
       0
       0
       1
       2
       0
       2
       0
       3
       0
       2
       0
       2
       1
       2
       0
       2
       1
       1
       1
       2
       2
       2
       1
       1
       2
       2
       1
       0
       2
       0
       4
       0
       1
       1
       3
       1
       1
       0
       0
       2
       1
       3
       3
       1
       1
       1
       2
       1
       4
       1
       1
       2
       2
       1
       3
       0
       0
       0
       0
       3
       2
       2
       0
       1
       0
       1
       0
       1
       0
       1
       3
       3
       1
       2
       4
       1
       0
       0
       0
       2
       2
       1
       1
       3
       0
       2
       2
       1
       3
       2
       1
       1
       3
       2
       2
       0
       1
       0
       1
       1
       1
       0
       2
       1
       2
       1
       3
       3
       4
       4
       0
       1
       3
       3
       0
       1
       3
       4
       4
       6
       6
       4
       5
       6
       1
       4
       8
       6
       9
       5
       5
      10
       9
      11
       6
       8
      10
       7
      10
      13
      13
       9
      13
       7
      15
      12
       9
      22
      11
      20
      21
      13
      23
      27
      36
      20
      28
      22
      31
      19
      34
      37
      42
      41
      33
      37
      43
      49
      43
      57
      50
      60
      49
      74
      62
      72
      80
      66
      74
      78
      70
      62
      89
      91
      79
      82
     103
     108
      91
     102
     129
     113
      89
     124
     103
     107
     112
     136
     144
     126
     120
     139
     122
     139
     141
     167
     148
     167
     191
     154
     149
     189
     164
     193
     189
     180
     207
     196
     187
     172
     202
     224
     218
     193
     217
     204
     212
     207
     220
     244
     247
     246
     224
     251
     233
     231
     242
     251
     281
     244
     259
     245
     266
     268
     276
     254
     226
     257
     268
     250
     244
     245
     275
     263
     242
     256
     241
     224
     265
     271
     259
     285
     296
     233
     262
     259
     266
     223
     234
     224
     258
     251
     225
     225
     239
     214
     235
     216
     197
     205
     209
     198
     187
     212
     175
     172
     239
     170
     187
     142
     159
     172
     154
     141
     183
     162
     149
     136
     127
     131
     143
     125
     117
     113
     102
     121
     105
     106
     126
     110
     104
      99
     100
     103
      78
      72
      96
      76
      76
      73
      54
      61
      73
      59
      66
      55
      63
      50
      53
      56
      31
      43
      43
      39
      36
      40
      30
      25
      32
      36
      24
      24
      25
      23
      21
      25
      26
      23
      20
      19
      14
      13
      15
       9
      12
      12
      12
      13
      13
       8
       8
       7
       7
       7
       5
       6
       7
       8
       2
       2
       3
       4
       7
       5
       0
       3
       2
       1
       4
       4
       6
       2
       5
       4
       3
       0
       2
       3
       2
       3
       2
       1
       2
       1
       0
       2
       2
       1
       0
       1
       0
       0
       0
       0
       0
       0
       1
       0
       0
       0
       0
       0
       1
       1
       0
       0
       1
       0
       0
       1
       0
       0
       0
       0
       0
       0
       0
       0
       0
       0
       0
       2
       0
       1
       1
       2
       2
       1
       1
       0
       0
       0
       0
       0
       1
       0
       0
       0
       1
       2
       0
       1
       1
       1
       0
       2
       1
       0
       0
       0
       2
       0
       0
       1
       2
       2
       1
       0
       1
       0
       0
       0
       0
       1
       1
       1
       2
       2
       0
       1
       1
       0
       0
       2
       1
       1
       0
       1
       0
       1
       0
       1
       0
       1
       1
       1
       0
       0
       0
       0
       0
       1
       0
       0
       0
       0
       0
       2
       0
       0
       2
       0
       0
       1
       1
       2
       0
       0
       0
       1
       2
       0
       0
       0
       0
       0
       0
       1
       0
       2
       1
       0
       1
       0
       0
       0
       1
       0
       0
       0
       0
       1
       1
       0
       0
       0
       1
       0
       0
       1
       0
       1
       0
       1
       0
       3
       0
       1
       0
       1
       0
       0
       0
       0
       0
       0
       1
       0
       0
       1
       0
       0
       2
       1
       0
       0
       0
       0
       0
       1
       2
       0
       0
       0
       0
       0
       0
       0
       0
       0
       0
       2
       0
       0
       1
       2
       0
       0
       0
       1
       0
       0
       1
       1
       0
       0
       1
       0
       4
       0
       1
       1
       0
       0
       1
       0
       0
       0
       1
       0
       0
       0
       1
       0
       1
       0
       0
       0
       0
       0
       2
       0
       0
       0
       0
       1
       0
       1
       0
       0
       1
       1
       1
       0
       1
       2
       0
       1
       0
       0
       0
       0
       2
       0
       0
       0
       0
       1
       0
       0
       0
       0
       1
       0
       0
       1
       0
       1
       0
       1
       0
       0
       1
       0
       1
       0
       1
       1
       0
       0
       0
       0
       0
       0
       0
       1
       1
       0
       1
       0
       1
       0
       0
       0
       0
       0
       0
       0
       2
       0
       1
       1
       0
       0
       0
       0
       0
       0
       1
       0
       0
       0
       0
       0
       0
       0
       1
       1
       0
       1
       0
       1
       0
       1
       0
       0
       0
       0
       0
       1
       0
       1
       0
       0
       0
       1
       0
       0
       0
       0
       1
       0
       0
       0
       0
       0
       2
       1
       0
       1
       1
       0
       0
       0
       0
       1
       0
       1
       0
       0
       1
       0
       1
       0
       1
       0
       0
       0
       0
       0
       0
       0
       0
       0
       0
       0
       0
       1
       0
       0
       1
       0
       0
       1
       0
       0
       0
       0
       0
       2
       1
       1
       0
       1
       0
       0
       0
       0
       0
       0
       0
       1
       0
       0
       0
       0
       0
       0
       0
       0
       1
       0
       0
       2
       0
       1
       0
       0
       0
       2
       0
       1
       0
       0
       0
       1
       0
       0
       0
       0
       0
       0
       0
       0
       0
       0
       0
       0
       0
       0
       0
       0
       0
       0
       0
       0
       0
       0
       0
       0
$ROI:
1
1331 1635
$PRESETS:
Live Time
1000
0
$ENER_FIT:
-37.406231 1.986979
$MCA_CAL:
3
-3.740623E+001 1.986979E+000 0.000000E+000 keV
$SHAPE_CAL:
3
0.000000E+000 0.000000E+000 0.000000E+000
