$SPEC_ID:
This is sample 318.
$SPEC_REM:
DET# 1
DETDESC# DIP1456 PCI-Trump SN 253
AP# Maestro Version 7.01
$DATE_MEA:
01/14/2025 21:50:46
$MEAS_TIM:
1000 1028
$DATA:
0 2047
       0
       0
       0
       0
       0
       0
       0
       0
       0
       0
       0
       0
       0
       0
       0
       0
       0
       0
       0
       0
       0
       0
       0
       0
       0
       0
       0
       0
       0
       0
       0
       0
       0
       0
       0
       0
       0
       0
       0
       0
       0
       0
       0
       0
       0
       0
       0
       0
       0
       0
       0
       0
       0
       1
      16
      15
      11
      14
      24
      20
      19
      20
      10
      11
      14
      13
      17
      16
      19
      12
      13
      10
      11
      11
      11
      19
      22
      15
      15
      21
      15
      16
      13
      16
      11
      12
      15
      19
      13
      16
      13
      11
      28
      15
      15
      17
      18
      18
      17
      15
      11
      14
      13
      15
      13
      16
      23
      14
      12
      23
      10
      22
      15
      10
      13
      23
      19
      14
      12
      14
      20
      19
      11
      16
      17
      18
      16
      20
      17
      21
      13
      15
      17
      20
      14
       7
      14
      16
      10
      11
      15
      13
      12
      13
      23
      19
       9
      12
      22
      15
      21
      23
      21
      13
      16
       9
      12
       7
      16
      11
      11
      15
      13
      16
      18
      15
      16
      17
      20
      13
      22
      11
      22
      20
      23
      16
       9
       8
      17
      14
      18
      12
      19
      16
      10
      15
      18
      17
       7
      17
      12
      13
      15
      17
      14
      27
      18
       8
      14
      12
      15
      20
      21
      13
      12
      19
      17
      20
      16
      13
      18
      22
      12
      19
      17
      15
      21
      18
      13
       8
      19
      16
      13
      11
      18
      17
      20
      15
      20
      11
      10
      17
      13
      23
      13
      16
      23
      18
      16
      18
      19
      17
      14
      19
      17
      12
      10
      18
      20
      11
      17
      14
      13
      20
      14
      15
      17
      11
      13
      15
      15
      20
      17
      18
      13
      15
      26
      19
      17
      16
      13
      16
      19
      17
      15
      12
      12
       9
      19
      16
      15
      14
      22
      18
      13
      21
      14
      18
      17
      16
      21
      15
      11
      14
      23
      16
      12
      13
       8
      16
      15
      10
      13
      14
       8
      19
      13
      19
      16
      14
      17
      10
      16
      18
       7
      17
      19
      17
      13
      26
      11
      20
      11
      16
      12
      16
      17
      15
      17
      19
      21
      15
      26
      20
      24
      14
      18
      21
      19
      17
      21
      17
      14
      25
      22
      18
      19
      16
      14
      16
      17
      13
      22
      10
      22
      22
      17
      16
      21
      28
      12
       9
      18
      20
      12
      20
      16
      16
      12
      18
      16
      14
      24
      23
      13
      24
      15
      16
      20
      14
      11
      16
      14
      16
      19
      24
      27
      16
       9
      20
      16
      16
      15
      20
      11
      17
      12
      14
      13
      20
      15
      18
      18
      17
       8
      11
      14
      16
      18
      19
      21
      17
      25
      15
      15
      13
      24
      11
      19
      15
      23
      20
      13
      21
      16
      21
      23
      22
      17
      17
      20
      16
      14
      13
      17
      20
       6
      14
      15
      12
      15
      15
      25
      16
      20
      19
      12
      15
      14
      21
      16
      13
      11
      18
      13
      12
       9
      17
      15
      20
      18
      19
      10
      12
      18
      13
      17
      22
      18
      14
      24
      18
      17
      16
      18
      21
      23
      24
      25
      19
      21
      19
      14
      16
      21
      20
      19
      19
      18
      21
      12
      25
      19
      18
      20
      16
      18
      14
      20
      15
      14
      23
      22
      14
      17
      22
      24
      19
      22
      19
      30
      18
      18
      19
      15
      19
      20
      21
      18
      14
      20
      14
      14
      17
      11
      21
      19
      14
      27
      25
      14
      22
      21
      21
      12
      15
      22
      15
      11
      11
      21
      11
      20
      15
      15
      11
      14
      14
      15
      22
      21
      13
      19
      15
      28
      11
      18
      25
      18
      19
      20
      25
      21
      22
      11
      12
      18
      15
      16
      24
      22
      15
      16
      10
      21
      19
      21
      15
      19
      19
      13
      17
      16
      19
      17
      20
      22
      12
      16
      20
      13
      13
      18
      12
      18
      24
      12
      18
      23
      17
      16
      11
      17
      23
      15
      19
      18
      13
      14
      23
      15
      18
      19
      10
      23
      15
      13
      22
      17
      14
      25
      20
      13
      17
      21
      15
      15
      14
      16
      22
      13
      13
      14
      13
      15
      15
      15
      15
      24
      21
      19
      11
      18
      20
      20
      17
      22
      21
      15
      17
      18
      15
      16
      10
      13
      16
      17
      16
      13
      30
      16
      17
      18
      23
      12
      15
      23
      22
      18
      13
      15
      26
      12
      17
      12
      17
      16
      10
      19
      10
      16
      11
      17
      17
      15
      19
      14
      25
      14
      12
      16
      14
      21
      19
      16
      12
      14
      14
      10
      20
      16
      12
      19
      20
       9
      14
      14
      15
      15
      13
      12
      22
      14
      14
      18
      22
      10
      17
      13
       9
      13
      16
       6
      15
      10
      14
      14
      16
      15
      17
      17
      25
      13
      10
      11
      17
      17
       9
      19
      26
      17
      16
      12
      11
      17
      17
      12
      17
      17
      12
      11
      19
      20
      15
      12
      18
      20
      22
      19
      17
      14
      13
      28
      13
      11
      10
      18
      12
      21
      16
      17
      18
      17
      25
      14
      11
      17
      25
      22
      15
      12
      22
      19
      23
      16
      20
      15
      20
      17
      18
      17
      20
       8
      14
      18
      25
      25
      19
      12
      19
      19
      21
      20
       9
      16
      15
      22
      12
      25
      14
      14
      19
      20
      22
      12
      23
      18
      17
      15
      12
      15
      23
      17
      14
      21
      21
      23
      17
      12
      15
      18
      20
      16
      18
      19
      20
      20
      17
      16
      20
      14
      21
      26
      15
      23
      22
      15
      13
      15
      19
      11
      18
      12
      22
      16
      13
      19
      20
      17
      24
      25
      25
      22
      19
      17
      12
      24
      24
      22
      29
       9
      13
      18
      17
      15
      18
      24
      18
      21
      13
      20
      19
      13
      17
       8
      23
      11
      25
      25
      23
      24
      19
      12
      24
      22
      16
      11
      20
      12
       9
      17
      14
      18
      20
       9
       9
      16
      20
      14
      20
      19
      18
      22
      15
      22
      12
      15
      19
      17
      10
      23
      14
      15
      16
      17
      14
      15
       9
      12
       9
      22
      17
      16
      11
      15
      16
      11
      20
      15
       8
      20
      10
      12
      15
      11
      11
      15
       4
       9
       7
      15
      11
       9
       3
      13
       5
       3
       5
       4
       9
       9
       4
       7
       6
      10
       9
       8
       6
       8
      10
      10
       8
       5
       8
       7
      13
       2
       2
       1
       5
       3
       8
      11
       2
       2
       4
       1
       6
       4
       3
       3
       7
      10
       3
       3
       3
       7
       4
       2
       5
       8
       6
       6
       4
       5
       2
       4
       4
       3
       8
       4
       7
       2
       4
       5
       2
       8
       0
       3
       3
       5
       2
       4
       4
       7
       3
       4
       2
       4
       2
       5
       1
       4
       5
       5
       3
       0
       5
       6
       2
       5
       3
       2
       2
       7
       1
       2
       3
       2
       5
       2
       1
       5
       1
       4
       0
       2
       4
       3
       4
       2
       4
       3
       5
       1
       3
       3
       4
       3
       0
       1
       5
       2
       3
       3
       2
       0
       2
       3
       4
       2
       1
       1
       5
       2
       2
       1
       1
       4
       1
       2
       3
       4
       0
       0
       3
       1
       3
       2
       1
       1
       0
       0
       1
       1
       1
       3
       1
       3
       4
       1
       1
       2
       2
       2
       4
       1
       2
       4
       2
       3
       3
       3
       2
       3
       3
       3
       2
       0
       2
       3
       4
       3
       1
       1
       0
       3
       3
       0
       2
       1
       2
       4
       1
       1
       1
       3
       3
       1
       2
       1
       3
       2
       1
       1
       4
       0
       3
       3
       0
       1
       4
       0
       2
       0
       2
       3
       3
       1
       1
       0
       1
       0
       1
       2
       0
       1
       1
       0
       3
       1
       3
       1
       1
       0
       1
       2
       0
       2
       5
       0
       2
       2
       2
       1
       2
       3
       1
       0
       2
       0
       0
       3
       2
       2
       0
       1
       4
       2
       2
       1
       0
       2
       2
       4
       2
       1
       2
       1
       2
       2
       2
       1
       3
       0
       2
       0
       3
       0
       3
       2
       2
       3
       0
       1
       3
       2
       2
       3
       2
       1
       0
       2
       2
       2
       1
       1
       1
       1
       2
       1
       1
       0
       0
       1
       0
       2
       3
       3
       2
       1
       1
       1
       1
       2
       2
       2
       0
       0
       3
       1
       3
       1
       0
       1
       1
       0
       2
       1
       1
       2
       4
       2
       2
       1
       1
       3
       1
       2
       2
       3
       1
       3
       0
       2
       2
       3
       2
       3
       1
       1
       3
       5
       1
       3
       1
       2
       2
       4
       1
       1
       0
       4
       5
       3
       7
       3
       4
       6
       6
       6
       4
       2
       3
       3
       7
       2
       4
       4
       8
       8
       2
       5
       7
      10
       8
      12
      12
      10
      19
      12
      14
      18
      14
      18
      22
      12
      12
      22
      20
      27
      22
      26
      32
      31
      32
      33
      35
      26
      31
      42
      34
      39
      39
      38
      43
      60
      39
      64
      38
      56
      70
      62
      53
      69
      68
      58
      85
      76
      75
      87
      71
      88
     102
      88
      99
     102
      92
     112
     114
     112
     103
     119
     105
     109
     138
     119
     118
     139
     139
     128
     171
     144
     149
     141
     171
     147
     170
     165
     185
     171
     185
     168
     171
     195
     170
     182
     204
     191
     217
     162
     204
     215
     227
     207
     237
     228
     237
     216
     234
     240
     236
     242
     279
     237
     252
     253
     244
     242
     250
     208
     241
     259
     259
     279
     295
     268
     261
     246
     280
     241
     242
     277
     260
     251
     264
     282
     231
     270
     234
     263
     273
     266
     291
     247
     262
     220
     226
     236
     240
     219
     218
     229
     222
     202
     199
     230
     189
     209
     209
     180
     156
     194
     194
     208
     214
     185
     182
     179
     180
     171
     169
     170
     175
     132
     138
     137
     139
     129
     125
     137
     133
     132
     109
     124
     113
     112
     118
      86
     105
      89
     129
      99
      83
      75
      85
      75
      69
      73
      66
      58
      65
      62
      47
      64
      57
      54
      48
      34
      37
      49
      34
      46
      45
      33
      26
      30
      29
      25
      33
      23
      19
      14
      22
      27
      20
      11
      19
      13
      20
      18
      17
      10
      14
      20
      18
       8
      10
       7
      11
      11
      10
      11
      12
       8
       6
       3
       4
       4
       2
       7
       4
       3
       0
       6
       4
       3
       2
       7
       4
       2
       3
       4
       2
       0
       1
       4
       3
       1
       1
       0
       1
       0
       0
       0
       0
       0
       1
       1
       1
       1
       3
       1
       1
       0
       1
       2
       0
       0
       2
       1
       0
       0
       1
       0
       0
       1
       0
       1
       2
       1
       0
       1
       1
       2
       1
       0
       0
       0
       1
       0
       0
       0
       2
       0
       2
       0
       0
       0
       0
       1
       1
       1
       0
       2
       1
       1
       0
       0
       0
       0
       0
       0
       0
       0
       0
       0
       0
       2
       0
       0
       0
       1
       0
       0
       0
       0
       1
       0
       0
       1
       0
       3
       2
       2
       1
       0
       3
       1
       1
       1
       0
       2
       0
       0
       0
       0
       0
       1
       1
       0
       0
       0
       1
       1
       0
       1
       0
       0
       0
       0
       0
       0
       0
       0
       1
       1
       0
       1
       0
       1
       2
       0
       0
       1
       0
       1
       0
       0
       1
       0
       0
       0
       1
       0
       1
       2
       0
       1
       1
       0
       0
       0
       0
       1
       0
       0
       1
       0
       0
       1
       1
       0
       0
       0
       0
       0
       0
       1
       1
       0
       0
       0
       0
       0
       1
       0
       0
       0
       0
       0
       1
       0
       0
       2
       1
       0
       1
       1
       0
       0
       1
       0
       1
       2
       0
       1
       0
       0
       0
       0
       0
       1
       0
       0
       0
       0
       0
       1
       0
       1
       0
       0
       0
       0
       0
       0
       0
       0
       0
       1
       0
       0
       0
       0
       0
       0
       0
       0
       0
       0
       0
       1
       1
       0
       0
       0
       0
       1
       0
       0
       0
       0
       0
       1
       2
       0
       0
       0
       0
       0
       0
       1
       0
       0
       0
       1
       0
       0
       0
       1
       0
       1
       0
       0
       0
       0
       1
       0
       1
       0
       0
       0
       0
       0
       1
       1
       2
       0
       1
       0
       1
       1
       0
       0
       0
       2
       0
       0
       0
       1
       0
       0
       1
       1
       0
       0
       1
       0
       0
       1
       0
       0
       0
       0
       0
       0
       0
       0
       0
       1
       0
       0
       0
       1
       0
       0
       0
       0
       1
       0
       1
       1
       0
       1
       0
       0
       0
       1
       0
       0
       1
       0
       0
       0
       0
       0
       0
       2
       1
       1
       1
       0
       0
       0
       0
       0
       0
       0
       0
       0
       1
       0
       0
       0
       3
       0
       1
       1
       0
       1
       0
       0
       0
       1
       0
       1
       2
       0
       1
       0
       0
       0
       0
       0
       0
       0
       1
       0
       0
       0
       0
       3
       1
       1
       2
       1
       0
       0
       0
       0
       0
       0
       0
       1
       0
       0
       0
       0
       0
       0
       1
       0
       0
       0
       0
       2
       0
       0
       0
       0
       1
       0
       0
       1
       0
       0
       1
       0
       0
       1
       1
       1
       0
       1
       1
       2
       0
       0
       0
       0
       0
       0
       0
       1
       0
       1
       0
       0
       0
       1
       0
       1
       0
       0
       0
       1
       0
       0
       0
       0
       0
       0
       0
       0
       0
       0
       0
       0
       0
       0
       0
       0
       0
       0
       0
       0
       0
$ROI:
1
1331 1635
$PRESETS:
Live Time
1000
0
$ENER_FIT:
-37.406231 1.986979
$MCA_CAL:
3
-3.740623E+001 1.986979E+000 0.000000E+000 keV
$SHAPE_CAL:
3
0.000000E+000 0.000000E+000 0.000000E+000
