$SPEC_ID:
This is sample 271.
$SPEC_REM:
DET# 1
DETDESC# DIP1456 PCI-Trump SN 253
AP# Maestro Version 7.01
$DATE_MEA:
01/14/2025 07:06:25
$MEAS_TIM:
1000 1028
$DATA:
0 2047
       0
       0
       0
       0
       0
       0
       0
       0
       0
       0
       0
       0
       0
       0
       0
       0
       0
       0
       0
       0
       0
       0
       0
       0
       0
       0
       0
       0
       0
       0
       0
       0
       0
       0
       0
       0
       0
       0
       0
       0
       0
       0
       0
       0
       0
       0
       0
       0
       0
       0
       0
       0
       0
       2
      10
       7
      13
      14
      17
      13
      12
       9
      15
      10
      18
      11
      16
      12
       8
      14
      17
      14
      12
      19
      12
      21
      11
      16
       6
      11
      13
      11
      11
      12
      21
      20
      15
      13
      14
      13
      15
      22
      13
      12
       8
      16
      19
      14
      19
      16
       8
      24
      20
      16
      15
      14
      18
      13
      14
      15
      21
      10
      14
      12
      20
      17
      15
       6
      13
      18
      16
      12
      19
      11
      13
      12
      12
      14
      17
      18
      16
      13
      12
      13
      12
      24
      14
      17
      11
      20
      13
      16
      11
      14
      18
      14
      15
      21
      26
      15
      18
      17
      17
      12
      12
      17
      14
      16
      14
      16
      19
      16
      18
      23
       9
      13
      20
      16
      16
      18
      14
      27
      13
      16
      16
      24
      14
      15
      12
      11
      16
      13
      16
      15
      13
      18
      22
      13
      15
      18
      11
      17
      19
      13
       8
      24
      17
      21
      13
      15
      14
      17
      19
      18
      13
      16
      16
      10
      14
      17
      17
      16
      17
      18
      19
      16
      12
      13
      19
      20
      13
      10
      11
      14
      18
      15
      23
      20
      15
      14
      11
      13
      16
      17
      23
      20
      13
      12
      21
      16
      23
      14
      18
      18
      10
      20
      16
      13
      15
      16
      12
      13
      12
      14
      20
      19
      17
      12
      21
      19
      16
      14
      19
      16
      13
      26
      14
      16
      19
      21
      14
      16
      16
      23
      23
      16
      16
      15
      12
      16
      20
      21
      13
      16
      16
      16
      19
      14
      19
      19
      14
      18
      20
      19
      14
      10
      17
      13
      25
      12
      13
      18
       8
      15
      14
      18
      17
       8
      14
      18
      14
      20
      15
      22
      19
      15
      17
      27
      19
      24
      18
      17
      24
      14
      20
      10
      13
      24
      22
      18
      17
      15
      22
      22
      13
      13
      17
       9
      23
      12
      20
      19
      14
      17
      11
      14
      13
      20
      16
      21
      17
      10
      20
      13
      13
      17
      17
      17
      12
       9
      18
      17
      10
      13
      15
      19
      16
      12
      19
      18
      11
      17
      21
      12
       9
      14
      13
       8
      20
      18
      13
      14
      16
      18
      17
      23
      18
      14
      18
      17
      18
      28
      11
      14
      17
      26
      18
      17
      19
      20
      16
      20
      20
      12
      15
      18
      17
      18
      10
      15
      15
      20
      16
      15
      18
      17
      23
      18
      16
      11
      16
      19
      12
      11
      23
      18
      15
      25
      20
      28
      21
      17
      19
      14
      18
      11
      16
      12
      11
      15
       8
      13
      17
      16
      11
      14
      18
      20
      11
      10
      17
      19
      18
      13
      17
      27
       8
      10
      17
      17
      15
      10
      10
      24
      17
      17
      17
      15
      22
      22
      12
      11
      19
      18
      14
      22
      15
      20
      18
      16
      11
      16
      12
      12
      15
      21
      14
      10
      24
      25
      13
      13
      14
      22
      15
      10
      18
      26
      18
      18
      15
      20
      20
      20
      13
      11
       9
      18
      18
      19
      15
      19
      18
      14
      10
      26
      11
      15
      17
      18
      23
      20
      15
      19
      12
      16
      13
      21
       7
      15
      29
      22
      21
      12
      13
      24
      18
      15
      21
      15
      10
      22
      18
      17
      24
      11
      24
      11
      19
      17
      29
      12
      11
      12
      11
      19
      12
      28
      14
      21
      22
      20
      19
      11
      13
      23
      14
      17
      13
      15
      20
      20
      25
      14
      16
      17
      18
      23
       8
      14
      15
      20
      14
      14
      16
      15
      16
      17
      16
      19
      12
      20
      10
      18
      18
      21
      20
      17
      12
      12
      11
      19
      10
      18
      19
      13
      21
      16
      10
      21
      15
      17
      14
      19
      17
      19
      18
      15
      12
      13
      20
      17
      21
       9
      16
      12
      11
      11
      17
      15
      19
      10
       6
      22
      16
      14
      19
      28
      17
      13
      13
      21
      14
      17
      12
      15
      11
      17
      21
      14
      15
      17
      18
      18
      21
      15
      20
      20
      11
      20
      16
      17
      11
      11
      11
      23
      18
      16
      13
      14
      15
      15
      10
      10
      24
      18
      14
      17
      18
      18
      10
      11
      18
      14
      19
       8
      11
      20
      22
      16
      12
       8
      17
      18
      20
      13
      10
      14
      14
      20
      16
      20
      10
      15
      16
      11
      13
      15
      22
      19
      13
      18
      17
      12
      16
      16
      13
      11
      15
      21
      12
      17
       9
      27
      11
      12
       9
       6
      10
      19
      20
      27
      20
      14
       8
      17
      15
      22
      17
      17
      10
      15
      15
      19
      17
      10
      25
      14
      28
      15
      13
      17
      15
      19
      11
      23
      21
      17
      12
      18
      12
      16
      28
      20
       9
      16
      22
       7
      14
      19
      17
      10
      15
      21
      14
      16
      16
      18
      15
      17
      14
      18
      15
      15
       9
       9
      17
      17
      16
      11
      18
       8
      27
      11
      25
      12
      21
      13
      17
      17
      18
      24
      15
      14
      28
       9
      18
      12
      19
      19
      19
      29
      17
      12
      11
      13
      21
      10
      14
      26
      18
      16
      20
      14
      14
      21
      16
      23
      18
      18
      26
      16
      10
      16
      23
      22
      15
      24
      15
      22
      18
      16
      13
      21
      21
      20
      21
      24
      14
      14
      29
      19
      19
      18
      18
      18
      18
      14
      21
      19
      22
      20
      19
      23
      12
      24
      17
      19
      14
      18
      20
      19
      25
      18
      14
      17
      19
      14
      10
      14
      19
      10
      17
      23
      22
      14
      18
      19
      17
      19
      10
      24
      22
      14
      16
      20
      14
      23
      17
      15
      24
       7
      13
      19
      24
      18
      14
      15
      18
      14
      16
      17
      22
      12
      23
      26
      13
      13
       9
      11
      12
      19
      18
      16
      15
      18
      16
      13
       9
      13
      17
      17
      18
      12
      20
      10
      11
      17
      17
      11
      14
      13
      13
      15
      10
      10
       5
      13
       9
      10
       9
      15
       8
       6
       7
      13
       6
       7
       9
       8
       9
      11
      10
       7
       8
       5
       7
       8
       9
       6
       8
       3
       5
       4
       7
       6
       8
       8
       3
      12
      10
       6
       6
      12
       6
       5
       4
       6
       8
       7
       6
       7
       3
       5
       5
       1
       6
       4
       2
       4
       7
       2
       4
       3
       4
       3
       2
       7
       1
       3
       6
       5
       2
       5
       5
       1
       6
       1
       3
       3
       3
       5
       1
       2
       4
       2
       3
       3
       3
       3
       1
       5
       2
       3
       5
       5
       7
       6
       2
       0
       5
       3
       4
       5
       4
       1
       4
       4
       2
       2
       4
       2
       2
       8
       4
       2
       2
       2
       4
       0
       2
       0
       2
       2
       2
       3
       2
       0
       4
       7
       2
       6
       5
       1
       7
       0
       4
       1
       3
       2
       0
       4
       4
       2
       1
       2
       0
       2
       2
       4
       3
       2
       5
       5
       2
       2
       2
       4
       3
       1
       6
       4
       0
       1
       2
       2
       3
       4
       1
       2
       0
       1
       1
       2
       3
       4
       0
       2
       0
       2
       4
       1
       2
       2
       0
       1
       2
       1
       3
       2
       1
       1
       2
       0
       0
       1
       2
       1
       0
       0
       5
       1
       1
       2
       2
       0
       1
       1
       1
       0
       2
       2
       3
       2
       0
       0
       1
       0
       0
       2
       0
       0
       2
       2
       1
       0
       1
       0
       2
       2
       0
       2
       0
       3
       2
       3
       2
       0
       2
       0
       0
       0
       1
       0
       1
       2
       1
       0
       0
       1
       2
       1
       1
       2
       0
       1
       2
       3
       0
       1
       2
       0
       0
       0
       0
       2
       0
       1
       0
       1
       1
       0
       0
       1
       3
       0
       0
       1
       0
       1
       0
       0
       0
       2
       1
       0
       0
       3
       0
       1
       0
       3
       0
       1
       1
       1
       2
       1
       0
       2
       3
       2
       1
       0
       0
       1
       1
       4
       2
       2
       1
       0
       1
       0
       1
       1
       0
       2
       0
       0
       1
       1
       2
       0
       1
       1
       3
       3
       3
       1
       2
       0
       0
       1
       2
       0
       2
       1
       1
       3
       1
       0
       2
       0
       0
       2
       1
       1
       3
       1
       0
       3
       3
       4
       0
       2
       3
       1
       2
       2
       1
       2
       0
       1
       2
       0
       2
       2
       2
       3
       2
       2
       1
       4
       0
       3
       3
       5
       2
       2
       3
       5
       8
       5
       2
       3
       4
       7
       3
       6
      11
       6
       4
       6
       8
      14
       8
       9
      10
      13
      12
      13
      10
      11
      15
      14
       7
      15
      12
      18
      19
      21
      22
      16
      26
      16
      23
      28
      18
      38
      27
      35
      26
      29
      31
      37
      31
      34
      27
      35
      47
      45
      49
      57
      55
      51
      60
      50
      63
      68
      72
      77
      82
      74
      73
      71
      93
      85
      84
      85
     102
      95
      89
     107
     111
     110
     116
     112
     116
     123
     106
     120
     134
     131
     135
     147
     130
     132
     145
     145
     173
     156
     177
     144
     180
     167
     160
     176
     163
     192
     191
     216
     195
     221
     195
     198
     215
     219
     224
     205
     233
     241
     202
     214
     229
     236
     220
     266
     211
     222
     224
     258
     245
     266
     227
     270
     243
     266
     230
     216
     260
     278
     247
     254
     243
     238
     249
     254
     244
     242
     269
     275
     271
     300
     277
     263
     240
     249
     262
     233
     242
     250
     262
     244
     227
     244
     227
     232
     232
     233
     210
     197
     198
     202
     166
     190
     182
     177
     168
     176
     173
     204
     170
     197
     184
     164
     167
     153
     146
     134
     123
     146
     136
     134
     128
     112
     137
     120
     126
     116
     110
     120
      88
     106
      95
      98
     106
      88
      80
      88
      92
      76
      81
      75
      69
      70
      72
      80
      50
      58
      49
      54
      54
      45
      46
      41
      44
      48
      35
      31
      42
      32
      33
      26
      25
      35
      20
      28
      25
      14
      19
      17
      16
      16
      13
      22
      14
      19
      12
      12
      11
      21
      14
       8
       8
      11
       5
       3
       4
      13
      12
       8
       7
       3
       2
       7
       5
       4
       6
       3
       3
       6
       4
       3
       2
       1
       4
       4
       2
       3
       3
       1
       2
       2
       3
       2
       3
       1
       2
       0
       1
       1
       0
       1
       1
       4
       2
       2
       1
       1
       1
       0
       1
       0
       0
       0
       1
       0
       0
       1
       2
       0
       0
       0
       2
       1
       0
       0
       1
       0
       0
       2
       0
       0
       0
       0
       1
       1
       1
       2
       0
       0
       2
       2
       1
       1
       1
       0
       1
       1
       0
       0
       0
       0
       0
       0
       0
       0
       1
       1
       0
       0
       1
       0
       1
       0
       0
       0
       1
       0
       1
       0
       0
       2
       0
       0
       2
       0
       0
       0
       1
       0
       1
       0
       1
       0
       0
       1
       0
       0
       2
       0
       0
       1
       0
       1
       1
       0
       0
       1
       1
       0
       0
       0
       0
       0
       1
       1
       0
       1
       1
       0
       1
       2
       0
       2
       0
       1
       3
       1
       1
       0
       2
       2
       0
       0
       0
       0
       0
       1
       0
       1
       2
       0
       0
       0
       0
       2
       1
       0
       0
       2
       0
       1
       1
       0
       0
       1
       0
       0
       1
       0
       0
       1
       0
       0
       0
       2
       1
       0
       0
       1
       1
       0
       1
       0
       0
       1
       0
       0
       0
       0
       0
       0
       0
       0
       0
       0
       0
       1
       0
       1
       0
       0
       0
       1
       0
       0
       0
       0
       1
       0
       1
       1
       0
       0
       0
       0
       0
       0
       0
       0
       0
       0
       2
       0
       0
       0
       0
       1
       0
       0
       0
       0
       2
       0
       0
       2
       0
       1
       0
       1
       1
       0
       0
       0
       0
       1
       1
       1
       1
       0
       0
       0
       0
       0
       1
       0
       1
       1
       0
       1
       1
       1
       1
       0
       0
       0
       0
       1
       0
       0
       0
       0
       0
       0
       0
       1
       0
       1
       2
       0
       0
       0
       0
       0
       1
       0
       0
       1
       0
       1
       0
       0
       0
       0
       2
       0
       0
       0
       0
       0
       0
       0
       0
       0
       0
       0
       0
       0
       0
       0
       2
       1
       1
       1
       0
       0
       2
       0
       1
       1
       0
       0
       0
       0
       3
       2
       0
       0
       0
       1
       0
       0
       0
       0
       0
       1
       0
       1
       3
       1
       1
       0
       1
       2
       0
       1
       0
       0
       0
       0
       0
       0
       0
       0
       0
       1
       0
       1
       0
       0
       0
       0
       0
       0
       0
       0
       0
       0
       1
       0
       0
       0
       1
       0
       1
       1
       0
       0
       0
       0
       0
       0
       1
       0
       1
       1
       0
       0
       0
       0
       0
       0
       0
       0
       2
       0
       1
       0
       1
       2
       1
       0
       0
       0
       0
       0
       0
       0
       1
       0
       1
       0
       0
       1
       0
       0
       0
       0
       0
       0
       0
       2
       0
       0
       0
       1
       1
       0
       0
       1
       3
       1
       0
       1
       0
       0
       0
       0
       0
       0
       0
       0
       0
       0
       0
       1
       0
       0
       0
       0
       1
       0
       0
       0
       0
       0
       0
       0
       0
       1
       0
       0
       0
       0
       0
       0
$ROI:
1
1331 1635
$PRESETS:
Live Time
1000
0
$ENER_FIT:
-37.406231 1.986979
$MCA_CAL:
3
-3.740623E+001 1.986979E+000 0.000000E+000 keV
$SHAPE_CAL:
3
0.000000E+000 0.000000E+000 0.000000E+000
