$SPEC_ID:
This is sample 175.
$SPEC_REM:
DET# 1
DETDESC# DIP1456 PCI-Trump SN 253
AP# Maestro Version 7.01
$DATE_MEA:
01/13/2025 01:00:02
$MEAS_TIM:
1000 1028
$DATA:
0 2047
       0
       0
       0
       0
       0
       0
       0
       0
       0
       0
       0
       0
       0
       0
       0
       0
       0
       0
       0
       0
       0
       0
       0
       0
       0
       0
       0
       0
       0
       0
       0
       0
       0
       0
       0
       0
       0
       0
       0
       0
       0
       0
       0
       0
       0
       0
       0
       0
       0
       0
       0
       0
       0
       2
       9
      14
      16
      18
      16
      11
      14
      20
      10
      17
      13
      11
      15
      16
      12
      17
      11
      13
      21
      10
       8
      15
      24
      12
      17
      14
      14
      11
      12
      12
      12
      20
      16
      11
       9
      18
      11
      14
       9
      17
      12
      13
      14
      13
       9
      19
      14
      20
      12
      18
      15
      13
      11
      18
      19
      17
      15
      15
      12
      13
      16
      10
       9
      11
      21
      15
      24
      14
      17
      15
      22
      18
      11
      15
      10
      13
      20
      18
      15
      17
      16
      19
      21
       9
      12
      25
      14
      11
      20
      15
      20
      15
      11
      15
      15
      16
      17
      11
      11
      17
      16
      17
      20
      16
      22
      15
      12
      11
      18
      18
      19
      13
      15
      15
      15
      17
      16
      17
      15
      15
      17
      15
      19
      19
      17
      18
      18
      19
      10
      19
      18
      11
      21
      13
      18
      17
      19
      12
      16
      14
       9
      19
      11
       7
      16
      14
      15
      10
      13
      25
      15
      19
      18
      17
      11
      14
      18
      22
      18
      15
      19
      17
      16
      13
      15
      22
      14
      18
      19
      23
      18
      11
      18
      17
      10
      20
      13
      17
      14
      13
      19
      16
       7
      15
      17
      10
      16
      24
      15
      21
      15
      23
      19
      13
      18
      21
      22
      17
      19
      20
      28
      14
      19
      16
      15
      10
      17
      17
      13
      16
      20
      14
      23
      17
      17
      10
      15
       4
      11
      17
      14
      15
      12
      21
      11
      14
      21
      17
       9
      10
      15
      16
      22
      11
      13
      23
       8
      18
      11
      18
      15
      17
      16
      21
      24
      12
      21
      18
      15
      18
      14
      13
      15
      17
      14
      20
      21
      17
      14
      12
      13
      16
      19
      18
      11
      13
      17
      15
      14
      17
       9
      16
      13
      16
      19
      14
      15
      16
      18
      21
      21
      21
      17
      13
      19
      19
      11
      17
      26
      22
      18
      19
      16
      19
      17
      13
      13
      19
      11
      17
      19
      17
       9
      13
      13
      14
      13
      23
      21
      21
      14
      25
      16
      20
      22
      19
      18
      13
      13
      22
      18
      16
      12
      17
      11
      19
      13
      11
      15
      13
      15
      22
      13
      19
      20
      16
      16
      13
      15
       9
      19
      22
      17
      18
      25
      14
      23
      17
      11
      22
      17
      10
      17
      17
      13
      19
      24
      18
      18
      11
      13
      13
      15
      20
      13
      18
      11
      14
      27
      18
      16
      18
      17
      14
      18
      13
      15
      19
      17
      19
      18
      14
      20
      15
      21
      22
      16
      17
      17
      12
      19
       4
      16
      16
      19
      14
      24
      16
      18
      20
      16
      24
      15
      14
      16
      14
      18
      18
      22
      14
      21
      21
      24
      14
      12
      14
      14
      19
      10
      17
      16
      25
      17
      15
      14
      14
      18
      17
      14
      18
      22
      21
      21
      11
      16
      18
      16
      12
      12
       8
      21
      16
      20
      13
      16
      21
      15
      12
      14
      19
      15
      12
      17
      13
      14
      17
      13
      20
      15
      22
      15
      15
      13
      21
      16
      19
      20
      15
      13
      15
      18
      14
      23
      18
      11
      21
      15
      17
      19
      18
      18
      24
      19
      17
      15
      17
      14
      13
      23
      12
      22
      19
      19
      16
      16
      16
      16
      18
      18
      18
      22
      19
      12
      17
      24
      18
      21
      14
      11
      19
      13
      12
      27
      17
      18
      20
      15
      13
      17
      20
      20
      12
      23
      15
      23
      12
       9
       8
      14
      22
      16
      19
      17
      22
      22
       9
      19
      14
      16
      16
       8
      18
      15
      18
      19
      12
      16
      13
      18
      12
      14
      18
      23
      14
      13
      15
      22
      14
      21
      19
      18
      20
      14
      20
      19
      14
      17
      16
      21
      12
      22
      13
      13
      10
      14
      19
      17
      21
      21
      13
      18
      15
      13
      20
      13
      10
      15
       9
      17
      21
      16
      17
      23
       9
      10
       9
      13
      20
      10
       5
      13
      13
      20
      16
      17
      12
      15
      23
      18
      14
      13
      12
      21
      15
      13
      21
      17
      17
      15
      15
      14
      11
      23
      14
      15
      19
      20
      13
      13
      19
      26
      19
      18
      11
       9
      16
      14
      13
      20
      13
      17
      11
      17
      19
      10
      19
      10
      15
      19
      11
      18
      19
      15
      18
      11
      11
      12
      16
      13
      15
      12
      13
      15
      11
      16
      13
      10
      15
      19
      13
      19
      12
      14
      13
      12
      14
      15
       9
      16
      16
      11
      21
      20
      11
      12
      14
      15
      13
      18
      25
      20
      19
      21
      21
      19
      10
      19
      17
      19
      11
      14
      10
      16
      16
      18
      12
      16
      20
      11
      13
      20
      16
      21
      13
      13
      17
      15
      14
      16
      13
      17
      22
      16
      24
      23
      18
      17
      19
       7
      17
      15
      14
      13
       7
      17
      16
      14
      13
      12
      14
      15
      18
      18
      21
      18
      16
      21
      11
      17
      16
      24
      14
      12
      18
       8
      18
      16
      23
      20
      19
      19
      25
      18
      23
      23
      14
      24
      17
      21
      12
      14
      15
      19
      21
      16
      20
      18
      33
      17
      20
      14
      18
      18
      19
      18
      12
      13
      15
      20
      17
      22
      12
      21
      16
      16
      17
      15
      10
      21
      16
      17
      28
      19
      17
      17
      27
      13
      19
      19
      14
      25
      17
      11
      14
      20
      10
      21
      16
      18
      20
      15
      16
      21
      12
      11
      17
      21
      18
      24
      17
      25
      13
      13
      17
      23
      17
      17
      23
      19
      18
      21
      20
      10
      15
      19
      15
      11
      21
      18
      12
      15
      15
      24
      19
      19
      16
      27
      19
      13
       9
      24
      22
      16
      15
      20
      15
      13
      23
      14
      22
      10
      14
       7
      18
      13
      12
      12
      21
      13
      13
      15
      11
      12
       9
      14
      16
       8
      14
      14
       9
      13
       9
      14
      12
       8
      11
      11
      10
      12
       6
      12
       9
       4
       7
      14
      15
       9
       7
       2
       7
       9
       9
      11
       9
       6
      10
       6
       6
       7
       6
      10
       5
       9
       8
       8
       8
       6
       7
       6
       8
       3
       3
       7
       6
       8
      10
       4
       6
       8
       3
       6
       6
       9
       8
       5
       3
       6
      11
       6
       5
       3
       6
       2
       4
       6
       4
       5
       4
       3
       2
       4
       5
       3
       4
       2
       2
       6
       4
       4
       4
       4
       0
       2
       4
       6
       4
       3
       3
       4
       5
       5
       3
       3
       3
       0
       4
       3
       3
       4
       2
       2
       2
       2
       3
       2
       1
       2
       2
       2
       5
       2
       0
       5
       0
       0
       4
       2
       4
       1
       3
       1
       3
       4
       0
       2
       3
       0
       3
       3
       1
       2
       3
       2
       0
       0
       1
       3
       3
       3
       1
       1
       2
       1
       2
       1
       4
       0
       3
       1
       2
       2
       2
       3
       5
       0
       2
       4
       2
       3
       1
       4
       0
       3
       4
       2
       2
       1
       0
       2
       0
       3
       1
       5
       1
       2
       0
       2
       2
       2
       0
       3
       0
       2
       1
       2
       0
       4
       2
       3
       0
       3
       0
       1
       1
       3
       2
       1
       1
       2
       0
       3
       2
       1
       0
       1
       3
       2
       1
       0
       2
       2
       1
       1
       6
       2
       0
       1
       1
       1
       2
       2
       1
       0
       1
       1
       1
       2
       2
       0
       0
       3
       1
       1
       2
       2
       1
       1
       0
       3
       2
       1
       0
       0
       1
       0
       2
       3
       0
       2
       0
       0
       0
       2
       2
       0
       1
       2
       0
       0
       1
       0
       1
       3
       2
       0
       7
       1
       2
       1
       0
       1
       1
       1
       0
       0
       0
       2
       2
       0
       4
       1
       2
       1
       2
       1
       1
       1
       0
       3
       1
       1
       1
       5
       0
       1
       1
       1
       1
       1
       1
       0
       0
       3
       1
       1
       0
       1
       1
       2
       1
       2
       2
       2
       2
       2
       2
       1
       1
       2
       2
       4
       0
       2
       2
       2
       2
       2
       0
       0
       0
       5
       1
       0
       1
       2
       1
       0
       1
       3
       0
       1
       2
       2
       2
       2
       4
       3
       2
       3
       1
       1
       1
       4
       2
       3
       3
       2
       1
       1
       6
       0
       1
       3
       4
       4
       0
       0
       3
       1
       4
       4
       0
       2
       2
       2
       4
       1
       1
       2
       5
       1
       5
       4
       4
       3
       2
       6
       4
       4
       7
       8
       3
       2
       9
       7
       9
       8
      11
       7
       6
       7
      11
      13
      13
      12
      16
      11
      15
      16
      14
      16
      17
      20
      21
      15
      23
      23
      13
      25
      34
      26
      38
      33
      31
      35
      34
      53
      49
      54
      36
      44
      35
      57
      47
      54
      58
      49
      75
      59
      69
      60
      55
      67
      75
      90
      82
      88
      92
      83
      90
     106
     101
     102
      83
     109
     125
     125
     113
     119
     113
     121
     148
     134
     125
     156
     139
     138
     138
     143
     178
     158
     184
     156
     160
     149
     172
     164
     180
     175
     206
     204
     210
     191
     198
     205
     220
     210
     206
     221
     209
     242
     223
     240
     239
     217
     239
     282
     227
     253
     235
     230
     251
     264
     249
     257
     228
     267
     255
     257
     251
     274
     264
     238
     242
     236
     254
     289
     252
     270
     249
     244
     235
     229
     227
     230
     233
     252
     261
     246
     220
     239
     241
     220
     239
     207
     170
     220
     247
     231
     226
     210
     223
     189
     197
     201
     218
     195
     187
     189
     198
     201
     174
     177
     175
     167
     159
     139
     138
     150
     133
     123
     136
     176
     130
     139
     113
     119
     116
      97
     133
     113
     111
     107
      84
      92
     105
      91
      67
      61
      81
      73
      73
      71
      80
      52
      63
      57
      59
      43
      54
      59
      46
      40
      52
      38
      49
      25
      38
      37
      31
      29
      24
      31
      23
      31
      35
      25
      19
      25
      25
      24
      17
      18
      24
      16
      15
      14
      19
      11
       8
      13
       8
      10
      12
       9
      11
      11
      13
      10
       5
       3
       9
       5
       9
       7
       1
       3
       7
       4
       3
       4
       3
       2
       1
       3
       1
       1
       0
       3
       3
       5
       2
       0
       4
       2
       5
       0
       1
       0
       2
       1
       1
       1
       0
       0
       0
       1
       0
       2
       2
       2
       2
       0
       0
       0
       0
       0
       1
       1
       0
       0
       0
       0
       0
       1
       0
       1
       0
       0
       0
       0
       1
       0
       1
       0
       0
       1
       1
       0
       0
       0
       0
       1
       0
       1
       1
       1
       0
       1
       0
       2
       0
       1
       1
       0
       0
       0
       0
       1
       0
       0
       0
       0
       0
       1
       0
       0
       0
       0
       1
       0
       0
       0
       1
       0
       0
       1
       0
       1
       0
       2
       0
       0
       0
       2
       0
       0
       0
       1
       0
       2
       0
       0
       1
       0
       0
       0
       0
       0
       0
       0
       0
       1
       0
       1
       0
       0
       0
       1
       0
       0
       2
       0
       1
       0
       0
       1
       2
       0
       0
       0
       1
       1
       0
       1
       2
       1
       0
       0
       0
       0
       0
       0
       0
       0
       1
       1
       0
       1
       0
       1
       0
       0
       2
       1
       1
       2
       0
       1
       0
       0
       0
       0
       0
       2
       0
       0
       1
       0
       1
       0
       0
       0
       0
       1
       0
       0
       0
       0
       0
       0
       0
       1
       0
       0
       0
       0
       0
       0
       2
       0
       0
       0
       0
       0
       3
       2
       1
       1
       3
       1
       2
       0
       1
       0
       0
       1
       1
       0
       0
       0
       0
       0
       0
       0
       2
       0
       0
       0
       1
       1
       2
       2
       0
       1
       0
       1
       1
       0
       1
       1
       0
       1
       0
       0
       1
       0
       0
       0
       1
       0
       0
       0
       1
       0
       0
       0
       0
       0
       0
       1
       0
       2
       0
       1
       0
       0
       0
       2
       0
       0
       1
       0
       1
       0
       1
       0
       0
       0
       0
       2
       0
       0
       0
       1
       0
       0
       0
       1
       0
       2
       0
       0
       1
       0
       1
       0
       1
       0
       0
       0
       1
       0
       0
       0
       0
       0
       0
       0
       0
       2
       2
       1
       0
       0
       1
       0
       0
       0
       0
       1
       2
       2
       0
       1
       0
       0
       0
       0
       0
       0
       0
       0
       0
       1
       0
       0
       0
       0
       0
       0
       0
       0
       0
       0
       0
       0
       0
       1
       0
       0
       0
       0
       0
       0
       0
       0
       0
       0
       0
       1
       2
       0
       1
       0
       0
       0
       0
       0
       0
       1
       0
       0
       0
       1
       0
       2
       0
       0
       0
       0
       0
       0
       0
       0
       0
       0
       0
       0
       1
       2
       1
       0
       0
       0
       0
       0
       1
       0
       1
       1
       0
       0
       0
       2
       1
       0
       0
       0
       1
       0
       0
       0
       0
       1
       0
       0
       1
       1
       0
       1
       1
       0
       0
       0
       0
       1
       1
       0
       1
       0
       1
       0
       0
       1
       0
       0
       0
       0
       0
       0
       1
       0
       0
       0
       0
       0
       0
       0
       0
       1
       0
       0
       0
       0
       0
       0
       0
       0
       1
       0
       0
       0
       0
$ROI:
1
1331 1635
$PRESETS:
Live Time
1000
0
$ENER_FIT:
-37.406231 1.986979
$MCA_CAL:
3
-3.740623E+001 1.986979E+000 0.000000E+000 keV
$SHAPE_CAL:
3
0.000000E+000 0.000000E+000 0.000000E+000
