$SPEC_ID:
This is sample 218.
$SPEC_REM:
DET# 1
DETDESC# DIP1456 PCI-Trump SN 253
AP# Maestro Version 7.01
$DATE_MEA:
01/13/2025 14:29:09
$MEAS_TIM:
1000 1028
$DATA:
0 2047
       0
       0
       0
       0
       0
       0
       0
       0
       0
       0
       0
       0
       0
       0
       0
       0
       0
       0
       0
       0
       0
       0
       0
       0
       0
       0
       0
       0
       0
       0
       0
       0
       0
       0
       0
       0
       0
       0
       0
       0
       0
       0
       0
       0
       0
       0
       0
       0
       0
       0
       0
       0
       0
       0
       5
      18
      10
      12
      19
      16
      16
      12
       8
      16
       9
       7
      13
      14
       3
      14
      19
      25
      14
      12
      14
      21
      22
      15
      10
       8
      13
      11
       8
      13
      18
      12
      12
      10
      19
      13
      13
      11
      12
      17
      16
      12
      11
      15
      10
      11
      17
      16
      15
      13
      12
       9
      12
      13
      16
      13
      14
      16
      12
      16
      15
      21
      15
      15
      17
      14
      13
       5
      12
      18
      14
      17
      12
      17
      16
      14
      19
      21
      11
      15
      11
      12
      23
      19
      22
      14
      15
      13
      13
      15
      18
      15
      14
      18
      22
      24
      12
      10
      19
      11
      17
      19
      18
      12
      19
      18
      13
      16
      10
      10
       9
      14
      17
      16
      13
      15
      18
      15
      18
      19
      16
      20
      18
      20
      18
      12
      16
      16
      16
      11
      13
       9
      17
      22
       9
      25
      21
      24
      16
      21
      14
      10
      23
      14
      16
      13
      16
      18
      14
      20
      12
      12
      18
      15
       7
      14
      16
      18
      21
      23
      15
      11
      17
      18
      21
      12
      11
      11
      16
      14
      13
      12
      22
      15
      17
      16
      14
      19
      18
      16
      18
       9
      16
      13
      17
      21
      16
      17
      16
      20
      26
      22
      22
      20
      16
      10
      17
      20
      15
      19
      18
      17
       9
      14
      11
      11
      21
      20
      21
      12
      13
      18
      18
       9
      14
      16
      14
      10
      17
      20
      13
      16
      24
      15
      13
      26
      16
      26
      10
      15
      22
      17
      12
      13
      17
      14
      25
      13
      21
      13
      18
      19
      17
      12
      12
      24
      13
      13
      10
       9
       9
      15
      12
      16
      18
      17
      15
      17
      19
      19
      16
      15
      18
      12
      15
      22
      10
      12
      19
      19
      25
      19
      19
      18
      15
      23
      19
      12
      15
      17
      14
      13
      11
       9
      19
      17
      22
      16
      21
      13
      14
      17
      14
      22
      18
      21
      19
      15
      18
      10
      16
      18
      10
      22
      16
      21
      25
      16
      13
      11
      17
      26
      19
      11
      17
      22
      19
      21
      14
       9
      23
      16
      21
      18
      13
      23
      17
      22
      15
      18
      23
      14
      13
      13
      12
       9
      23
       9
      23
      17
      18
      13
      14
      15
      14
      15
      20
      15
      17
      19
      19
      20
      20
      21
      18
      19
       9
      13
      17
      19
      19
      21
      16
      22
      23
      20
      14
      13
      21
      20
      18
      15
      11
      13
      19
      15
       9
      12
       9
      20
      19
      24
       7
      19
      16
      21
      21
      14
      20
      14
      11
      18
      21
      14
      18
      23
      15
       7
      19
      13
      14
      17
      14
      20
      10
      16
      20
      16
       9
      19
      11
      23
      11
      19
      22
      17
       8
      13
      13
      15
      20
      15
      16
      19
       9
      24
      13
      18
      16
      15
      12
      23
      19
      22
      20
      18
      20
      22
      21
      13
      15
      23
      19
      20
      13
      23
      22
      19
      26
      11
      25
      22
      11
      14
      18
      15
      22
      20
      15
       8
      15
      16
      23
      16
      14
      16
      22
      25
      20
      21
      16
      13
      20
      16
      22
      14
      19
      11
      14
      11
      17
      20
      10
      17
      20
      23
      22
      18
      15
      19
      15
      16
      24
      13
      15
      14
      25
      19
      19
      15
      17
      18
      13
      22
      17
      11
      12
       3
      19
      26
      12
      18
      18
      19
      20
      20
      17
      19
      17
      23
      21
      20
      10
      14
      23
      11
      16
      19
      13
      11
      18
      18
      19
      17
      15
      11
      15
      11
      12
      13
      16
      14
      15
      14
      18
      20
      15
      23
      14
      15
      17
      19
      20
      23
       8
      20
      17
      24
      14
      23
      19
      14
      22
      16
      16
      21
      16
      17
      14
      13
      16
      16
      18
      11
      13
      19
      20
      20
      14
      18
       9
      20
      13
      19
      19
      17
      20
      17
      13
      15
      18
      24
      18
       9
      18
      14
      14
      15
      19
      11
       8
      16
      12
      20
       9
      18
      17
      19
      15
      12
      18
      15
      19
      22
      22
      22
      16
      22
      12
      19
      15
      12
      21
      13
      17
      22
      13
      18
      16
      14
      18
      17
      23
      17
      23
      12
      14
      13
      16
      11
      17
      12
      16
      15
      11
      15
      13
      15
      16
      16
      14
      16
      12
      24
      14
      12
      10
      10
      16
      18
      19
      13
      14
      19
      15
      15
      11
      16
      14
      16
      13
      17
      17
      20
      12
       9
       9
      18
      14
      16
      11
      17
      22
      13
      17
      13
      14
      18
      10
      11
      10
      18
      20
      19
      14
      18
      13
      13
       7
      12
      22
      17
      20
      16
       9
      12
      15
      17
      14
      20
      15
      19
      19
      10
      22
      18
      15
      13
       9
      14
      14
      13
      17
      12
      18
      17
      16
      12
       8
      14
      16
      19
      14
      13
       9
      14
      28
      13
      11
      15
      18
      17
      21
      16
      21
      25
      23
      23
      13
      14
      14
      20
      15
      18
      20
      21
      11
      17
      10
      23
      12
      15
      19
      14
      18
      21
      22
      13
      16
      19
      20
      22
      16
      16
      17
      18
      11
      17
      24
      11
      15
      19
      13
      13
      26
      17
      17
      17
      14
      18
       9
      17
      18
      20
      19
      18
      12
      17
      19
      23
      16
      18
      15
      16
      21
      23
      23
      16
      26
      18
      19
      21
      17
      11
      18
      16
      14
      18
      14
      14
      21
      15
      18
      17
      15
      19
      21
      18
      22
      20
      11
      15
      16
      19
      16
      20
      20
      17
      22
      18
      19
      17
      21
      20
      17
      25
      19
      17
      24
      17
      20
      18
      17
      23
      18
      23
      13
      19
      17
      19
      15
      18
       8
      13
      19
      19
      13
      16
      16
      17
       7
      10
      13
       8
      10
      16
      15
      16
      16
      15
      16
      12
      12
      14
      14
      12
      11
       7
      15
       9
      13
      14
      11
      16
      13
      14
       9
      11
      14
       8
       9
      11
       7
       8
       7
       7
       7
       6
      10
       1
      15
       7
       8
       1
       7
       4
       9
       7
       3
      11
       8
       7
       9
       6
       5
       6
       7
       5
       5
      11
       4
      10
       4
       4
       7
       4
      10
       3
       6
       9
       3
       7
       4
       4
       7
       8
       3
       9
       2
       2
       1
       5
       7
       3
       3
       5
       5
       3
       5
       0
       6
       5
       6
       4
       3
       3
       6
       4
       1
       5
       3
       1
       4
       4
       2
       7
       6
       4
       3
       6
       4
       2
       2
       2
       5
       3
       3
       0
       8
       0
       2
       2
       3
       3
       3
       4
       0
       4
       4
       1
       4
       2
       3
       0
       3
       3
       1
       0
       4
       6
       1
       2
       2
       0
       3
       1
       1
       2
       1
       5
       4
       1
       1
       4
       2
       3
       0
       3
       0
       2
       3
       3
       3
       2
       4
       3
       3
       3
       4
       1
       4
       3
       3
       0
       3
       5
       2
       2
       1
       1
       3
       2
       3
       0
       0
       2
       0
       2
       1
       0
       0
       3
       3
       0
       1
       2
       1
       0
       3
       2
       2
       1
       1
       2
       0
       2
       2
       0
       3
       2
       3
       2
       3
       2
       0
       2
       1
       6
       1
       2
       1
       1
       1
       0
       1
       1
       0
       2
       2
       3
       1
       2
       0
       0
       1
       2
       2
       1
       2
       0
       2
       3
       1
       1
       2
       1
       2
       1
       2
       1
       3
       0
       3
       0
       2
       1
       3
       1
       1
       0
       0
       3
       1
       2
       2
       3
       1
       2
       2
       3
       1
       0
       0
       1
       2
       2
       1
       1
       2
       1
       1
       2
       3
       1
       0
       2
       1
       2
       3
       2
       1
       1
       0
       2
       2
       3
       1
       2
       1
       1
       4
       0
       1
       3
       2
       2
       1
       0
       1
       1
       3
       2
       2
       2
       0
       2
       3
       2
       6
       2
       1
       4
       3
       0
       0
       1
       0
       4
       1
       1
       2
       0
       1
       1
       2
       1
       2
       1
       0
       1
       1
       1
       1
       1
       0
       1
       2
       2
       3
       3
       0
       3
       5
       0
       1
       0
       0
       0
       4
       3
       3
       1
       3
       2
       1
       2
       1
       2
       2
       4
       1
       1
       0
       2
       3
       3
       0
       3
       1
       0
       2
       3
       2
       1
       7
       5
       2
       5
       3
       2
       2
       4
       0
       4
       2
       2
       3
      12
       3
       5
       9
       3
       4
       8
       6
       1
       9
      12
       9
       7
       9
      10
      18
       9
       8
      14
      19
      15
       8
      12
      19
      19
      21
      15
      17
      22
      23
      30
      24
      20
      40
      30
      30
      38
      29
      49
      36
      40
      41
      45
      33
      53
      50
      49
      50
      47
      51
      41
      55
      49
      62
      54
      67
      69
      73
      57
      88
      84
      70
      91
      82
      83
      97
     102
     109
      84
     107
     107
     114
     114
     142
     129
     126
     133
     118
     127
     126
     139
     127
     148
     164
     153
     161
     157
     164
     169
     165
     183
     157
     186
     182
     196
     208
     194
     207
     199
     202
     217
     228
     218
     235
     205
     213
     214
     246
     216
     235
     258
     258
     216
     235
     220
     257
     225
     248
     233
     260
     243
     265
     228
     237
     259
     266
     243
     251
     250
     281
     260
     271
     252
     267
     253
     232
     261
     245
     236
     252
     222
     236
     259
     253
     220
     236
     229
     226
     226
     237
     232
     234
     195
     229
     197
     206
     230
     205
     214
     204
     188
     191
     201
     192
     221
     179
     185
     163
     164
     166
     166
     171
     133
     158
     139
     142
     163
     140
     140
     149
     135
     112
     105
     135
     130
     143
     108
      99
     106
     106
      98
      97
      81
      96
      95
      87
      88
      66
      67
      63
      77
      65
      65
      59
      61
      44
      59
      53
      51
      61
      49
      33
      39
      36
      37
      34
      38
      31
      32
      28
      29
      25
      25
      32
      21
      17
      19
      23
      19
      14
      20
       8
      16
      14
      12
      21
       9
      14
      10
      13
      12
      11
       8
       8
       7
       8
       4
       9
       7
       6
       9
       6
       3
       3
       7
       5
       2
       6
       1
       3
       0
       2
       4
       5
       5
       2
       0
       3
       3
       1
       2
       1
       2
       1
       2
       1
       2
       2
       1
       1
       1
       0
       0
       0
       1
       1
       1
       0
       1
       2
       2
       0
       1
       1
       2
       0
       1
       0
       0
       0
       0
       0
       0
       0
       0
       0
       1
       0
       1
       1
       1
       0
       0
       3
       1
       0
       0
       0
       0
       0
       0
       1
       0
       0
       0
       0
       1
       0
       1
       0
       1
       1
       0
       0
       0
       0
       0
       0
       3
       1
       2
       0
       0
       0
       1
       0
       1
       3
       0
       2
       0
       0
       2
       0
       0
       0
       0
       0
       0
       1
       0
       1
       1
       0
       0
       1
       2
       1
       1
       1
       0
       3
       1
       0
       0
       1
       0
       0
       0
       0
       0
       0
       1
       2
       0
       0
       0
       0
       0
       0
       1
       0
       0
       0
       0
       0
       1
       0
       0
       1
       0
       1
       0
       0
       0
       0
       0
       1
       0
       0
       0
       0
       0
       0
       1
       1
       1
       1
       0
       0
       0
       0
       1
       0
       0
       1
       1
       0
       1
       0
       2
       0
       1
       1
       3
       0
       1
       0
       3
       0
       1
       0
       0
       0
       1
       2
       1
       0
       1
       1
       0
       2
       0
       1
       1
       1
       1
       0
       2
       1
       0
       1
       1
       1
       0
       0
       0
       0
       0
       1
       0
       0
       0
       2
       3
       1
       1
       0
       0
       0
       0
       0
       0
       0
       0
       0
       0
       0
       0
       0
       0
       0
       0
       0
       0
       0
       0
       0
       1
       0
       1
       2
       0
       0
       1
       0
       0
       0
       0
       0
       0
       0
       0
       0
       0
       1
       2
       1
       0
       0
       1
       0
       0
       0
       1
       0
       1
       1
       0
       1
       0
       0
       0
       1
       0
       0
       1
       0
       0
       0
       0
       1
       0
       0
       0
       0
       1
       0
       0
       0
       0
       0
       0
       0
       0
       0
       0
       1
       0
       1
       0
       0
       0
       1
       1
       0
       2
       0
       0
       0
       1
       0
       1
       1
       0
       0
       3
       0
       4
       0
       1
       0
       1
       1
       0
       1
       0
       0
       1
       0
       0
       0
       0
       0
       0
       0
       0
       1
       1
       1
       0
       2
       1
       0
       0
       0
       1
       0
       0
       0
       0
       0
       0
       0
       0
       0
       0
       0
       1
       0
       1
       0
       1
       0
       0
       0
       0
       0
       0
       0
       2
       1
       1
       0
       0
       2
       1
       0
       2
       0
       0
       2
       1
       0
       0
       2
       0
       1
       0
       0
       0
       0
       0
       1
       1
       1
       0
       1
       0
       1
       1
       1
       0
       1
       0
       0
       1
       0
       0
       1
       0
       1
       0
       1
       0
       0
       0
       0
       1
       0
       0
       0
       0
       1
       0
       0
       0
       2
       0
       1
       0
       1
       0
       0
       1
       0
       0
       0
       1
       0
       0
       0
       0
       0
       0
       0
       0
       0
       0
       0
       0
       0
       0
       0
       0
       0
       0
       0
       0
       0
       0
       0
       0
       0
       0
       0
       0
$ROI:
1
1331 1635
$PRESETS:
Live Time
1000
0
$ENER_FIT:
-37.406231 1.986979
$MCA_CAL:
3
-3.740623E+001 1.986979E+000 0.000000E+000 keV
$SHAPE_CAL:
3
0.000000E+000 0.000000E+000 0.000000E+000
