$SPEC_ID:
This is sample 352.
$SPEC_REM:
DET# 1
DETDESC# DIP1456 PCI-Trump SN 253
AP# Maestro Version 7.01
$DATE_MEA:
01/15/2025 08:30:31
$MEAS_TIM:
1000 1028
$DATA:
0 2047
       0
       0
       0
       0
       0
       0
       0
       0
       0
       0
       0
       0
       0
       0
       0
       0
       0
       0
       0
       0
       0
       0
       0
       0
       0
       0
       0
       0
       0
       0
       0
       0
       0
       0
       0
       0
       0
       0
       0
       0
       0
       0
       0
       0
       0
       0
       0
       0
       0
       0
       0
       0
       0
       0
      19
      18
      17
      12
      10
      18
      15
      19
      15
      15
      18
      12
      14
      16
      13
       8
      26
      18
       6
      22
      19
      13
      19
      14
      14
      12
      19
      12
      17
      17
      12
       8
      13
      13
      19
      15
      15
      10
      19
      12
       8
      10
      10
      19
      13
      13
      12
      10
      12
      20
      17
      12
      12
      18
      11
      14
      13
      20
      17
      13
      10
      16
      19
      10
      16
      13
      19
      20
      10
      11
      10
      20
      22
      13
      14
      18
      18
      11
      16
      23
      19
      16
      12
      11
      10
      13
      20
      18
      17
      21
      11
      19
      15
      17
      14
      15
      18
      13
      16
       7
      13
      13
      15
      16
      12
      15
      22
      13
      18
      24
      17
      15
      10
      17
      24
      21
      15
      12
      17
      24
      17
      18
      17
      21
      18
      17
      12
      19
      13
      13
      16
      14
      17
      16
      16
      17
      11
      17
      13
      15
      17
      25
      11
      12
      19
      13
       7
      17
      10
      21
      19
      22
       9
      15
      11
      20
      14
      20
      20
      22
      13
      16
      22
      18
      11
      20
      18
      16
      18
      14
      18
      13
      14
      13
      18
      14
      12
      11
      23
      11
      13
      17
      11
      17
      17
      16
      15
      16
      12
      14
      15
      15
      14
      16
      16
      14
      10
      14
      22
      17
      16
      18
      18
       8
      18
      13
      10
      17
      19
      14
      18
      17
      16
       9
      16
      22
      10
      14
      16
      11
      18
      19
      14
      17
      11
      16
      23
      15
      20
      13
      21
      27
       7
      24
      22
      23
      13
      16
      14
      20
      15
      17
      17
      14
      28
      26
      15
      12
      13
       9
      13
      15
      19
      18
      16
      12
      17
      14
      11
      17
      12
      11
      14
      21
      16
      20
      15
      18
      13
      15
      20
      10
      17
      14
      11
       9
      16
      14
      17
      16
      18
       7
      11
      20
      16
      13
      12
      18
      20
      18
      22
      18
      15
      14
      18
      23
      14
      14
      22
      19
      17
      24
      20
      16
      16
      15
      16
      23
      22
      19
      27
      15
      25
       8
      15
      15
      17
      14
      15
      13
      18
      14
      15
      13
      20
      11
      17
      15
      18
      19
      20
      20
      22
      15
      20
      20
      24
      21
      19
      18
      14
      18
      20
      15
      19
      15
      22
      11
      22
      21
      21
      15
      17
       9
      17
      24
      16
       8
      13
       9
      14
      15
      10
      19
      21
      19
      20
      13
      17
      12
      15
      11
       7
      10
      25
      15
      11
      14
      22
      30
      14
      10
      17
       5
      16
      18
      12
      17
      21
      15
      16
      17
      16
      13
      21
      25
      17
       9
      19
      19
      15
      16
      12
      17
      10
      17
      14
      15
       8
      15
      16
      14
      21
      20
      19
      18
      10
      11
      14
      14
      14
      13
      20
      15
      17
      14
      16
      11
      22
      18
      13
      18
      14
      16
      18
      16
      13
      22
      12
      27
      26
      15
      17
      18
      10
      18
      21
      22
      14
      12
      16
      15
      23
      11
      17
      16
      12
      25
      16
      18
      17
      16
      21
      23
      24
      18
      20
      22
      19
      11
      14
      15
      20
      23
      22
      24
      10
      25
      18
      17
      19
      10
      18
      16
      23
      20
      13
      16
      18
      18
      14
      12
      15
      19
      17
      17
      18
      16
      24
      16
      15
      19
      17
      20
      16
      16
      15
      19
      20
      23
      18
      13
      15
      11
      20
      14
      19
      19
      17
      20
      16
      11
      12
      18
      19
      11
      13
      20
      11
      12
      17
      13
      19
      16
      22
      17
      15
      14
      17
      17
      20
      17
      17
      15
       9
      17
      21
      18
      14
      15
      19
      15
      18
      17
      13
       8
      20
      13
      18
      17
      17
      13
      12
      17
      15
      22
      13
      19
      13
      22
      23
      20
      17
      15
      19
      16
      14
      16
      17
      14
       9
       9
      22
      17
      22
      14
      16
      15
      12
      16
      14
      15
      12
      27
      15
      10
      19
      17
      16
      19
      17
      15
      13
      14
      13
      10
      17
      16
      10
      11
      22
      16
      14
      22
      14
      19
      24
      22
      11
      11
      14
      17
      15
      15
      18
      17
      14
      17
      13
      14
      13
      21
      12
      21
      14
      18
      22
      14
      12
      14
      18
      14
      15
      18
      20
      20
      17
      12
      16
      16
      22
      14
      19
       9
      14
      18
      20
      20
       9
      14
      10
      11
      22
      18
      15
      13
      16
      19
      19
      11
      11
      17
      12
      13
      17
      19
      23
      21
      11
      19
       9
      16
      18
      19
      13
      17
      19
      14
      20
      19
      12
      15
       8
      16
      11
       6
      21
      17
      15
      18
      21
      16
      13
      19
      16
      18
      12
      21
      13
      11
      15
      10
      16
      10
      15
      17
      16
      11
       7
      16
      18
      14
      16
      13
      12
      12
      18
      18
      22
      16
      18
      13
      14
      19
      11
      15
      12
      14
      19
      14
      16
      25
      23
      17
      23
      13
      15
      13
      19
      15
      21
      26
      20
      17
      17
      12
      13
      18
      17
      16
      16
      18
      17
      18
      14
      17
      22
      10
      26
      16
      13
      23
      15
      18
      18
      17
      15
      14
      24
      11
      15
      18
      16
      19
      16
      21
      21
      21
      14
      22
      19
      19
      21
      15
      21
      13
      20
      28
      21
      15
      12
      24
      15
      16
      16
      19
      17
      18
      17
      17
      13
      12
      13
      23
      18
      19
      18
      16
      16
      15
      20
      24
      12
      19
      17
      21
      21
      19
      22
      11
      23
      11
      17
      15
      11
       8
      23
      15
      21
      18
      18
      17
      12
      13
      14
      21
      14
      17
      15
      13
      15
      23
      17
      21
      10
      15
      13
      18
      19
      19
      21
      15
      20
      11
      10
      17
      19
      19
      23
      13
      18
       8
      13
      16
      16
       9
      22
      11
      10
      15
      17
      11
      15
      10
      11
      11
      10
      11
       4
       9
      12
      14
      11
      10
      11
      11
      16
      10
      14
       6
      11
      13
      14
       8
      13
       8
      10
      10
       8
       9
       7
       7
       7
       3
       5
      10
      14
       7
       8
       7
       6
       6
       2
       6
       8
       7
       7
       7
       2
       3
       7
       6
       7
       9
       5
       9
       4
       5
       5
       1
       9
       4
       3
       4
       5
       6
       4
       6
       5
       3
       3
       6
       6
       5
       6
       7
       5
       4
       5
      11
       4
       4
       3
       6
       4
       3
       2
       0
       4
       5
       2
       2
       4
       7
       4
       3
       4
       1
       3
       3
       3
       3
       2
       3
       4
       1
       4
       0
       5
       7
       5
       1
       3
       1
       7
       3
       2
       2
       2
       3
       2
       3
       5
       1
       6
       5
       1
       3
       4
       3
       3
       6
       2
       3
       0
       2
       1
       2
       2
       4
       2
       1
       2
       3
       3
       3
       0
       2
       3
       1
       2
       3
       2
       0
       2
       3
       1
       4
       0
       4
       2
       3
       2
       3
       0
       0
       1
       1
       3
       0
       2
       0
       1
       0
       1
       1
       1
       3
       2
       5
       4
       2
       2
       1
       4
       0
       1
       1
       1
       2
       2
       1
       3
       0
       2
       0
       0
       0
       2
       4
       1
       1
       1
       2
       2
       1
       0
       0
       1
       3
       3
       1
       2
       0
       1
       0
       1
       5
       1
       3
       1
       1
       1
       0
       4
       1
       2
       2
       2
       0
       2
       2
       1
       2
       2
       0
       1
       1
       2
       0
       1
       0
       0
       0
       2
       2
       2
       2
       3
       2
       0
       2
       0
       2
       3
       0
       2
       0
       1
       2
       0
       0
       2
       0
       1
       1
       0
       2
       0
       1
       3
       0
       0
       0
       2
       3
       1
       2
       1
       2
       0
       1
       0
       1
       2
       1
       2
       1
       1
       1
       1
       1
       2
       0
       1
       0
       4
       2
       1
       0
       0
       0
       2
       2
       5
       0
       2
       1
       1
       0
       0
       4
       0
       0
       3
       0
       2
       2
       1
       0
       1
       0
       0
       3
       1
       3
       3
       1
       1
       3
       3
       3
       1
       3
       1
       2
       2
       1
       3
       2
       0
       1
       1
       2
       1
       3
       2
       2
       4
       0
       3
       3
       0
       1
       1
       4
       1
       1
       1
       5
       2
       1
       0
       1
       1
       0
       2
       2
       3
       0
       2
       1
       3
       2
       2
       4
       7
       2
       3
       3
       3
       2
       3
       1
       1
       4
       1
       2
       4
       5
       6
       7
       7
       3
       3
       6
       7
       8
      11
       3
       7
       4
       6
       8
       9
      13
       9
      14
      11
      14
      12
      15
      10
      16
      20
      21
      16
      10
      24
      19
      24
      23
      18
      24
      24
      40
      34
      34
      33
      40
      47
      38
      45
      38
      40
      66
      50
      49
      55
      61
      59
      54
      60
      63
      58
      61
      81
      81
      64
      85
      86
      94
     103
     105
      85
      98
     105
     114
      96
     110
     108
     104
     117
     131
     132
     144
     141
     136
     126
     147
     156
     139
     176
     156
     187
     138
     165
     189
     196
     164
     184
     186
     165
     177
     186
     207
     221
     224
     207
     221
     225
     216
     193
     212
     201
     235
     227
     259
     231
     238
     253
     248
     254
     264
     265
     241
     250
     242
     231
     237
     260
     246
     280
     224
     258
     241
     252
     237
     258
     291
     227
     254
     253
     254
     253
     221
     269
     256
     258
     240
     279
     256
     255
     243
     240
     215
     252
     240
     229
     251
     226
     224
     201
     244
     209
     227
     191
     205
     179
     217
     200
     193
     198
     182
     187
     164
     170
     180
     165
     151
     166
     162
     141
     146
     155
     130
     117
     144
     118
     120
     123
     118
     121
      97
     114
     112
     100
     105
      96
      93
      82
      86
      68
      78
      75
      56
      57
      75
      64
      59
      64
      69
      58
      40
      52
      62
      40
      34
      56
      32
      42
      43
      23
      36
      30
      36
      28
      32
      27
      19
      29
      25
      17
      20
      19
      16
      21
      25
       8
      16
      12
      11
      12
      12
       9
       6
       6
       6
      12
       3
      13
      11
       8
       7
       6
       6
       8
       3
       7
       5
       5
       3
       3
       1
       4
       0
       2
       0
       4
       2
       4
       1
       3
       2
       1
       1
       0
       2
       0
       1
       2
       3
       3
       1
       1
       1
       2
       0
       1
       3
       4
       1
       1
       0
       0
       1
       1
       2
       0
       2
       1
       0
       0
       1
       0
       0
       0
       1
       0
       1
       0
       0
       1
       0
       0
       1
       0
       0
       0
       0
       0
       2
       1
       0
       0
       1
       2
       0
       0
       0
       0
       1
       1
       0
       0
       0
       0
       0
       0
       0
       0
       0
       1
       0
       3
       0
       0
       1
       0
       0
       1
       0
       0
       0
       2
       0
       2
       0
       0
       0
       0
       0
       0
       0
       0
       0
       1
       0
       0
       1
       1
       1
       0
       1
       0
       0
       0
       1
       0
       0
       0
       0
       0
       1
       0
       0
       0
       1
       1
       0
       1
       0
       0
       1
       0
       0
       0
       1
       1
       1
       1
       1
       0
       0
       1
       1
       0
       1
       2
       0
       1
       0
       0
       0
       0
       0
       1
       0
       2
       2
       1
       0
       1
       0
       2
       1
       1
       0
       1
       0
       1
       0
       3
       0
       1
       1
       0
       0
       1
       1
       1
       0
       2
       0
       0
       0
       1
       1
       0
       1
       0
       0
       0
       1
       2
       1
       1
       0
       1
       1
       0
       0
       0
       0
       0
       0
       1
       0
       0
       0
       2
       0
       1
       1
       0
       1
       1
       0
       0
       0
       0
       1
       0
       0
       1
       0
       1
       2
       0
       0
       0
       1
       1
       0
       0
       0
       0
       0
       0
       0
       0
       0
       1
       0
       0
       0
       1
       0
       1
       0
       1
       0
       1
       0
       0
       0
       0
       2
       0
       0
       1
       1
       1
       0
       0
       1
       1
       0
       1
       1
       0
       0
       1
       1
       0
       1
       0
       1
       1
       3
       0
       1
       0
       0
       0
       0
       1
       1
       0
       0
       0
       0
       0
       1
       0
       0
       0
       0
       1
       1
       0
       0
       1
       1
       0
       2
       1
       2
       1
       2
       0
       0
       0
       0
       0
       0
       0
       0
       0
       0
       0
       0
       0
       1
       1
       0
       0
       0
       1
       0
       1
       0
       0
       0
       0
       0
       0
       1
       0
       2
       1
       1
       0
       1
       0
       0
       0
       2
       0
       0
       1
       1
       1
       1
       0
       0
       0
       0
       0
       0
       0
       0
       0
       1
       0
       0
       0
       0
       1
       1
       0
       1
       1
       0
       0
       1
       0
       0
       2
       0
       1
       1
       1
       0
       0
       0
       2
       0
       0
       0
       2
       1
       0
       0
       0
       0
       0
       0
       1
       1
       0
       0
       0
       0
       1
       0
       0
       0
       0
       0
       0
       1
       1
       0
       1
       0
       0
       0
       0
       1
       1
       2
       1
       0
       1
       0
       0
       0
       1
       0
       2
       2
       0
       2
       1
       1
       0
       0
       0
       1
       1
       0
       0
       2
       0
       0
       1
       0
       1
       0
       1
       0
       0
       0
       0
       0
       0
       1
       1
       0
       0
       1
       0
       0
       0
       0
       0
       0
       0
       0
       0
       0
       0
       0
$ROI:
1
1331 1635
$PRESETS:
Live Time
1000
0
$ENER_FIT:
-37.406231 1.986979
$MCA_CAL:
3
-3.740623E+001 1.986979E+000 0.000000E+000 keV
$SHAPE_CAL:
3
0.000000E+000 0.000000E+000 0.000000E+000
