$SPEC_ID:
This is sample 177.
$SPEC_REM:
DET# 1
DETDESC# DIP1456 PCI-Trump SN 253
AP# Maestro Version 7.01
$DATE_MEA:
01/13/2025 01:37:40
$MEAS_TIM:
1000 1028
$DATA:
0 2047
       0
       0
       0
       0
       0
       0
       0
       0
       0
       0
       0
       0
       0
       0
       0
       0
       0
       0
       0
       0
       0
       0
       0
       0
       0
       0
       0
       0
       0
       0
       0
       0
       0
       0
       0
       0
       0
       0
       0
       0
       0
       0
       0
       0
       0
       0
       0
       0
       0
       0
       0
       0
       0
       1
      15
      11
      12
      12
      14
      14
      10
      16
      15
      20
      13
      24
      15
      15
      11
      11
      16
      14
      21
      11
      10
      13
      13
      10
      11
      12
      12
      14
      14
      10
      15
       4
      18
      20
      20
       8
       8
      20
      16
      12
      17
      12
      12
      20
       8
      19
      23
      10
       6
      12
      15
      14
      18
      13
      23
      21
      10
      11
      22
      17
      12
      27
      15
      17
      19
      15
      14
      14
      10
      15
      16
      18
      16
      17
      14
      11
      12
      12
      15
      13
      11
      25
      13
      17
      14
       8
      17
      19
      15
      15
      18
      12
      14
      12
      17
      20
      11
      13
      13
      17
      23
      11
      16
      22
      13
      17
      15
      11
      22
      17
      15
      15
      14
       9
      18
      19
      24
      15
      19
      20
      17
      20
      16
      20
      17
      13
      14
      11
      13
      14
      13
      23
      13
      19
      18
      14
      18
      15
      15
      14
      19
      11
      14
      11
      22
      17
      23
      17
      13
      17
      14
      10
      11
      22
      18
       9
      15
      20
      14
      14
      18
       9
      10
      13
      17
      23
      23
      11
      21
      21
      22
      14
      21
      14
       9
      22
      17
      11
      14
      16
      15
      11
      13
       9
      19
      21
      19
      15
      14
      17
      24
      22
      15
      23
      12
      13
      13
      12
      17
      15
      16
      22
      14
      24
       9
       5
      14
      17
      23
      13
      15
      19
      11
      18
      13
      19
      22
      10
      20
      17
      11
      11
      18
      19
      14
      17
      22
      20
      16
      12
      19
      19
      13
      13
      15
      17
      15
      14
      10
      17
      16
      14
      11
      16
      14
      13
      13
      14
      17
      16
      11
      16
      14
      24
      15
      16
      20
      12
      19
      13
      18
      18
      17
      17
      18
      16
      15
      14
      13
      20
      10
      16
       6
      21
      24
      18
      10
      13
       7
      21
      17
      20
      24
      19
      19
      10
      16
      13
      15
       8
      14
      22
      24
      14
      11
      20
      16
      24
      16
      22
      12
      16
      23
      21
      13
      14
      20
      25
      13
      18
      12
      24
      18
      16
      10
      19
      20
      15
      17
      18
      16
      15
      14
      14
      17
      11
      18
      14
      16
      18
       9
      11
      14
      12
      10
      17
      15
      23
      13
      12
      19
       8
      11
      17
      10
      11
      18
      18
      18
      13
      21
       6
      15
      21
      17
      17
      19
      23
      17
      18
      14
      23
      27
      21
      16
      14
      18
      13
      13
      14
      22
      12
      16
      10
      13
      15
      13
      17
      20
      10
      24
      20
      15
      21
      23
      12
      16
      15
      20
      20
      13
      17
      13
      17
      17
      11
      11
      18
      12
      12
      15
      11
      17
      24
      13
      22
      21
      19
      16
      15
      26
      24
      21
      16
      15
      12
      16
      19
      12
      26
      18
      21
      22
       8
      11
      15
      16
      21
      19
      10
      13
      13
      19
      18
      21
      19
      20
      20
      16
      11
      18
      15
      20
      18
      13
      13
      17
      14
      18
      16
      13
      15
      16
      20
      24
      21
      21
      17
      23
      24
      13
      18
      17
      13
      15
       7
      25
      14
      19
      16
      16
      19
      17
      17
      11
      22
      27
      17
      22
      16
      23
      15
      11
      15
      15
      13
      10
      12
      17
      20
      17
      19
      22
      13
      15
       7
      23
      17
      22
      17
      25
      19
      15
      23
      18
      11
      15
      15
      19
      14
      10
      18
      16
      15
      13
      14
      10
      18
      18
      20
      18
      13
      18
      15
      13
      21
      13
      23
      21
      29
      21
      13
      22
      17
       7
      19
      17
      14
      26
       7
      20
      12
      16
      14
      12
      22
      13
      14
      19
      14
      14
      12
      16
      12
      15
      18
      16
      12
      23
      19
      17
      19
      12
      15
      22
      18
      17
      21
      14
      19
      17
      17
      14
      19
      14
      17
      18
      13
      15
      15
      20
      15
      28
      11
      22
      16
      13
      16
      16
      15
      17
      15
      20
      17
      16
      19
      15
      13
      15
      10
      23
      23
      10
      15
      20
      12
      17
      13
       8
      24
       8
      19
      14
      17
      21
       9
      11
      12
      23
      17
      16
      12
      18
      16
      13
      11
      23
      11
      15
      20
      18
      18
       9
      14
      15
      19
      13
      16
      20
      11
      16
      12
      15
      21
      16
      20
      18
      22
      10
      14
      11
      18
      23
      14
      10
      19
      13
      24
      15
      21
      17
      14
      15
      21
      15
      14
      13
      10
      15
      16
      14
      14
      12
       8
      13
       9
       9
      24
      13
      12
      17
      13
      14
      13
      13
      13
      20
      11
      12
      18
      20
      11
      14
      16
      14
      10
      17
      20
      15
      15
      19
      22
      13
      15
      12
      13
      20
      15
      18
      10
      15
      17
      21
      16
      19
      17
      12
      12
       9
      20
      13
      10
      16
      12
      12
      13
      17
      21
      21
      13
      12
      12
       9
      16
      18
      17
      13
      16
      21
      15
      14
      22
      15
      20
      23
      23
      18
      15
      11
      21
      18
      10
      15
      11
      21
      22
      23
      13
      17
      10
      16
      11
      13
      16
      21
      22
      14
      15
      20
      18
      12
      14
      14
      19
      18
      14
      12
      30
      11
      20
      21
      24
      17
      18
      18
      22
      19
      15
      19
      22
      20
      22
      31
      24
      18
      20
      14
      17
      17
      25
       8
      16
      26
      16
      14
      21
      16
      18
      15
      15
      18
      23
      16
      20
      13
      22
      16
      16
      25
      19
      16
      14
      22
      16
      18
      18
      14
      13
      18
      23
      17
      18
      15
      24
      29
      16
      22
      17
      24
       7
      17
      21
      18
      19
      19
      15
      16
      15
      13
      16
      20
      16
      21
      12
      20
      15
      15
      14
      13
       8
      12
      26
      18
      13
       9
      11
      11
      11
      13
      24
      24
      18
      17
      14
      18
      14
      20
       6
      17
      11
      13
      10
      14
      13
      19
      13
      15
      13
       7
      16
      17
      14
      12
      14
      15
       8
      14
      12
       9
      11
       8
       8
       4
      11
      13
      10
       8
      15
       6
       7
       7
      10
      12
       8
      10
       9
      12
       7
       9
       9
       9
       9
       5
       5
       4
       2
      11
       7
       4
       5
       7
       7
       4
      12
       3
       6
       4
       4
       5
       5
       6
       7
       7
       3
       5
       3
       6
       3
       9
       5
       5
       5
       6
       3
       2
       5
       4
       2
       6
       5
       9
       1
       6
       7
       6
       4
       4
       4
       3
       3
       3
       1
       4
       2
       2
       2
       3
       3
       4
       2
       3
       3
       4
       5
       5
       2
       6
       4
       3
       5
       3
       3
       1
       1
       5
       1
       2
       3
       3
       3
       3
       2
       4
       2
       6
       8
       5
       2
       5
       4
       0
       2
       3
       5
       1
       0
       2
       3
       0
       3
       2
       1
       2
       3
       1
       2
       3
       5
       3
       1
       2
       1
       4
       1
       2
       3
       1
       6
       0
       0
       2
       2
       0
       4
       1
       1
       1
       2
       6
       0
       0
       1
       2
       0
       2
       2
       1
       2
       3
       2
       2
       3
       3
       0
       1
       0
       1
       4
       1
       0
       1
       0
       0
       3
       3
       0
       1
       0
       0
       0
       0
       0
       1
       3
       0
       1
       2
       1
       1
       2
       1
       1
       1
       1
       0
       1
       3
       3
       4
       2
       2
       1
       3
       4
       1
       5
       1
       0
       2
       0
       1
       1
       2
       1
       2
       0
       2
       1
       1
       1
       2
       0
       0
       0
       3
       2
       2
       2
       2
       1
       3
       1
       0
       1
       1
       3
       4
       0
       2
       0
       2
       1
       1
       2
       2
       0
       2
       3
       3
       2
       0
       1
       0
       1
       3
       1
       1
       3
       1
       1
       1
       1
       3
       1
       1
       0
       0
       2
       0
       4
       2
       1
       1
       2
       4
       4
       0
       2
       3
       0
       1
       1
       1
       1
       3
       1
       1
       2
       3
       2
       2
       2
       1
       1
       5
       5
       4
       1
       0
       3
       2
       2
       0
       0
       2
       0
       0
       3
       2
       2
       0
       2
       0
       2
       1
       1
       0
       0
       3
       5
       1
       3
       4
       3
       1
       1
       0
       2
       3
       1
       0
       0
       0
       0
       4
       3
       0
       2
       1
       1
       2
       0
       0
       1
       1
       2
       1
       1
       1
       1
       2
       3
       1
       1
       1
       0
       3
       2
       0
       2
       2
       4
       1
       1
       1
       4
       1
       2
       4
       4
       3
       8
       6
       2
       4
       5
       6
       5
       5
       6
       6
       3
       8
       5
       7
       5
       7
       6
       7
       5
      12
      11
       9
      18
      14
      12
      11
      15
      20
      16
      23
      23
      20
      19
      22
      22
      28
      24
      24
      26
      33
      32
      44
      30
      36
      41
      32
      32
      40
      40
      48
      38
      66
      48
      50
      57
      51
      64
      67
      61
      71
      69
      59
      76
      66
      79
      86
      76
      84
      85
      82
      87
     100
      93
     112
     105
     111
     115
     108
     143
     122
     117
     126
     114
     143
     125
     167
     166
     148
     148
     153
     166
     171
     164
     196
     174
     169
     197
     190
     177
     185
     176
     222
     195
     219
     211
     214
     209
     210
     204
     240
     232
     201
     247
     230
     239
     232
     244
     254
     262
     224
     248
     244
     225
     280
     246
     257
     270
     233
     275
     278
     269
     277
     230
     263
     257
     272
     237
     240
     225
     249
     234
     246
     248
     241
     249
     236
     231
     222
     248
     208
     241
     215
     234
     197
     201
     192
     211
     178
     198
     195
     200
     199
     227
     218
     237
     184
     203
     193
     194
     177
     157
     184
     161
     167
     172
     160
     185
     156
     148
     144
     140
     142
     129
     118
     111
     110
     117
     115
     112
     119
      91
     116
     101
     102
      87
      82
      90
      89
      70
      65
      73
      72
      72
      72
      69
      63
      70
      66
      54
      60
      46
      59
      43
      39
      39
      39
      40
      46
      57
      30
      33
      43
      37
      28
      15
      31
      32
      26
      18
      31
      16
      12
      20
      12
      17
      22
      14
      11
      15
      16
      15
       6
       8
      10
       9
      10
       6
       6
       4
       8
       3
       8
      10
       9
       3
       3
       6
       6
       3
       3
       6
       1
       5
       4
       1
       1
       1
       3
       3
       1
       1
       1
       3
       0
       1
       0
       3
       2
       0
       3
       0
       0
       0
       0
       0
       0
       0
       1
       0
       1
       1
       1
       0
       0
       1
       0
       3
       4
       2
       0
       0
       0
       0
       0
       0
       0
       0
       0
       1
       1
       1
       0
       1
       2
       2
       0
       0
       0
       0
       1
       3
       0
       0
       1
       1
       0
       0
       0
       0
       1
       2
       1
       1
       0
       0
       2
       1
       0
       1
       0
       1
       0
       0
       0
       1
       3
       0
       1
       1
       2
       0
       0
       0
       2
       0
       0
       0
       1
       0
       1
       0
       0
       0
       0
       1
       2
       2
       0
       0
       0
       0
       0
       0
       0
       0
       0
       0
       0
       0
       1
       0
       0
       2
       0
       1
       0
       0
       1
       1
       0
       0
       1
       0
       0
       0
       1
       0
       2
       1
       0
       0
       2
       0
       0
       1
       0
       1
       0
       0
       0
       0
       0
       0
       0
       0
       1
       0
       0
       0
       0
       0
       0
       0
       0
       0
       0
       0
       0
       0
       0
       0
       0
       2
       0
       2
       1
       0
       0
       0
       0
       1
       1
       0
       0
       1
       0
       0
       2
       0
       1
       0
       1
       0
       1
       0
       0
       1
       0
       0
       0
       0
       0
       0
       3
       0
       0
       1
       0
       0
       0
       0
       1
       0
       0
       0
       1
       0
       0
       0
       0
       0
       1
       1
       1
       1
       1
       0
       0
       2
       2
       0
       1
       0
       0
       0
       1
       3
       0
       0
       1
       0
       0
       0
       2
       1
       1
       0
       1
       0
       0
       0
       1
       0
       0
       0
       1
       0
       0
       1
       0
       2
       1
       0
       0
       0
       0
       1
       0
       0
       0
       1
       0
       0
       0
       0
       1
       1
       0
       1
       0
       0
       0
       0
       0
       1
       0
       0
       0
       1
       1
       0
       0
       0
       1
       1
       1
       0
       1
       0
       1
       1
       1
       0
       1
       0
       1
       0
       1
       1
       1
       1
       1
       0
       0
       1
       0
       0
       0
       1
       0
       0
       1
       0
       1
       0
       0
       1
       0
       0
       0
       0
       0
       0
       0
       0
       0
       0
       0
       0
       0
       0
       1
       1
       0
       0
       1
       0
       0
       0
       0
       0
       0
       2
       1
       0
       0
       0
       0
       0
       0
       1
       0
       0
       0
       0
       0
       1
       2
       1
       0
       0
       0
       0
       0
       0
       0
       0
       0
       0
       0
       0
       2
       1
       0
       0
       2
       0
       0
       0
       1
       0
       0
       0
       0
       0
       0
       0
       0
       1
       1
       0
       0
       0
       1
       0
       2
       0
       1
       1
       0
       2
       0
       0
       0
       0
       0
       0
       0
       1
       0
       1
       1
       0
       2
       0
       0
       0
       1
       0
       0
       1
       0
       0
       0
       0
       2
       1
       0
       0
       0
       0
       1
       0
       2
       0
       0
       0
       2
       0
       0
       0
       0
       0
       0
       0
       0
       0
       0
       1
       0
       0
       0
       0
$ROI:
1
1331 1635
$PRESETS:
Live Time
1000
0
$ENER_FIT:
-37.406231 1.986979
$MCA_CAL:
3
-3.740623E+001 1.986979E+000 0.000000E+000 keV
$SHAPE_CAL:
3
0.000000E+000 0.000000E+000 0.000000E+000
