$SPEC_ID:
This is sample 000.
$SPEC_REM:
DET# 1
DETDESC# DIP1456 PCI-Trump SN 253
AP# Maestro Version 7.01
$DATE_MEA:
01/10/2025 18:07:14
$MEAS_TIM:
1000 1028
$DATA:
0 2047
       0
       0
       0
       0
       0
       0
       0
       0
       0
       0
       0
       0
       0
       0
       0
       0
       0
       0
       0
       0
       0
       0
       0
       0
       0
       0
       0
       0
       0
       0
       0
       0
       0
       0
       0
       0
       0
       0
       0
       0
       0
       0
       0
       0
       0
       0
       0
       0
       0
       0
       0
       0
       0
       1
      11
      13
      15
      20
       9
      14
      14
      10
      14
      23
      19
      16
      11
      11
      12
      12
      16
      14
      16
      15
      18
      11
      13
      15
      12
      12
      15
      11
      15
      12
       9
      16
      24
      21
      14
      17
      12
      17
      14
      16
      16
      15
      18
      16
      18
      20
      12
      16
      15
      17
       7
      21
      22
      19
      14
      15
      15
      16
      12
      18
      18
      14
      17
      16
       9
      16
      15
      10
      14
      12
      10
       8
      16
      15
      11
      15
      17
      10
       7
      13
      12
      10
      17
      14
      21
      19
      20
      18
      16
       5
      30
      13
       5
      13
      19
      16
      17
      11
       9
      14
      15
      14
      29
      16
      20
      18
      16
      14
      15
      19
      19
      14
      21
      14
      22
      16
      21
       7
      18
      16
      11
      18
      19
      14
      22
      15
      21
      10
      12
      22
      15
      11
      19
      12
       7
      12
       9
      15
      13
      14
      18
      19
      18
      17
      16
      19
       8
      23
      11
      16
      21
      23
      25
      16
      17
      18
      19
      19
      17
      18
      15
      23
      18
      18
      19
      15
      17
      22
      15
      23
      17
      12
      19
      27
      14
      13
      15
      18
      20
      13
      19
      19
      12
      19
      19
       9
      20
      24
      16
      17
      15
      10
      19
      16
      18
      13
      21
      19
      23
      16
      16
      20
      20
      19
      19
      11
      15
      21
      18
       9
      18
      13
      17
      16
      12
      23
      15
      15
      25
      17
      25
      16
      18
      12
      11
      12
      24
      16
      17
      15
      18
      17
      18
      23
      19
      16
      14
      14
      22
      15
      22
      11
      18
      11
      19
      12
      10
      20
      16
      10
      21
      15
      21
      14
      19
      13
      18
      14
      20
      10
      18
      21
       9
      11
      14
      21
      13
      16
      14
      20
      23
      15
      17
      18
      13
      13
      11
      15
      15
      23
      11
      18
      18
      14
      17
      15
      15
      13
      20
       9
      17
      16
      13
       9
      14
      13
      14
      18
      15
      19
      13
      14
      21
      14
      20
      22
      20
      17
      21
      24
      23
      14
      15
      14
      13
      24
      22
      19
      18
      18
       9
      15
      16
      17
      14
      19
      13
      17
      18
      18
      23
      15
      11
      13
      17
      21
      24
       9
      18
      24
      18
      19
      13
      17
      11
      25
      15
      16
      20
      14
      14
      20
      14
      17
      13
      19
      10
      17
      19
      18
      21
      18
      17
      14
      16
      19
      15
      14
      17
      18
      16
      11
      14
      14
      23
       5
      14
      26
      13
      14
      18
      17
      17
      15
      14
      11
      18
      18
      14
      20
      17
      17
      26
      17
      18
      21
      12
      17
      24
      17
      18
      18
      15
      17
      16
      16
      11
      14
      18
      15
      14
      19
      15
      14
      11
      24
      29
      18
      13
      15
      14
      13
      19
      14
      17
      22
      15
      20
       9
      21
      14
      24
      16
      19
      20
      15
      17
      17
      17
      19
      17
      20
      25
      18
      16
      24
      15
      19
      12
      13
      18
      23
      26
      19
      20
      10
      15
      21
      26
      15
      19
      13
      20
      19
      16
      15
      16
      20
      17
      16
      15
      27
      20
      20
      20
      13
      15
      19
      21
      20
      18
      12
      18
      15
      18
      24
      23
      20
      23
      15
      17
      19
      18
      14
      13
       7
      14
      18
      18
      26
      18
      12
      13
      19
      22
      12
      14
      14
      20
      14
      25
      13
      21
      18
      20
      18
      21
      20
       9
      14
      20
      22
      19
      18
      13
      14
      15
      21
      13
      16
      17
      12
      23
      19
      16
      14
      16
      16
      17
      17
      20
      16
      18
      15
      19
      23
      13
      10
      22
       7
      17
      18
      14
      15
      18
       8
      18
      17
      23
      19
      28
      23
      18
      20
      13
      14
      15
      21
      20
      13
      14
      17
      14
      14
      11
      14
      16
      13
      19
      18
      21
      11
      19
      17
      16
      14
      15
      23
      17
      15
      21
      13
      14
      22
      14
      18
      18
      21
      13
      20
      17
      17
      12
      11
      13
      11
      20
       8
      17
      16
      19
      14
      13
      21
      13
      13
      18
      17
      19
      21
      13
      13
      14
      13
      12
      16
      15
      13
      24
      14
      10
      12
      12
      20
      15
      13
      20
      21
      17
      24
      17
      13
      17
      18
       8
      15
      24
      15
      20
      16
      15
      18
       9
      15
      14
      19
      12
      25
      15
      16
      21
      16
      19
      14
      18
      12
      21
      16
      17
      13
      20
      12
      17
       9
       9
      14
      13
       8
      23
      14
      13
      18
      12
      18
       7
      15
      18
      17
      15
      17
      13
      22
       9
      18
      14
      17
      19
      12
      21
      15
      26
      25
      13
      22
      23
      12
      11
      22
      20
      15
      16
      16
      13
      14
      22
      18
      17
      19
      16
      23
      13
      19
      21
      22
      14
      10
      17
      15
      21
      22
      16
      18
      26
      17
      15
      18
      19
      13
      11
      17
      15
      15
      14
      19
      22
      15
      20
      16
      12
      15
      16
      18
      12
      16
      20
      17
      15
      16
      25
      12
      21
      21
      18
      16
      21
      14
      17
      12
      24
      13
      16
      17
      15
      25
      24
      14
      27
      11
      21
      14
      29
      20
      13
       9
      15
      14
      18
      23
      23
      12
       8
      24
      15
      16
      21
      23
      18
      18
      16
      16
      17
      20
      20
      18
      19
      24
      20
      30
      22
      21
      15
      22
      17
      19
      24
      17
      12
      18
      18
      16
      26
      16
      14
      13
      20
      19
      13
      15
      21
      23
      22
      18
      20
      21
      11
      19
      24
      18
      12
      13
      25
      25
      21
      23
      25
      11
      18
      19
      21
      19
      16
      13
      19
      16
       8
      13
      17
      22
      20
      18
      10
      20
      27
       9
      16
      21
      14
      19
      18
      20
      13
      13
      11
      17
      11
      16
      15
       7
      20
       8
      15
      20
      10
      10
      12
       7
       4
      17
       8
      11
       8
      17
      12
       8
      10
      12
       5
      10
       8
      11
      11
       4
      16
      10
       9
       9
       4
       7
      10
      13
       7
       4
       7
       5
      10
       9
      10
       4
      12
      10
       8
      13
       5
       3
       8
       6
       6
       2
       5
       6
       7
       9
       9
       5
       7
       6
       5
       2
       8
       7
       4
       4
       6
       5
       6
       5
       1
       5
       4
       2
      11
       5
       4
       6
       2
       4
       3
       7
       1
       4
       9
       4
       6
       4
       2
       3
       2
       2
       6
       6
       2
       3
       0
       3
       4
       3
       4
       6
       5
       3
       4
       0
       3
       4
       2
       3
       3
       3
       2
       4
       4
       2
       4
       5
       6
       3
       2
       5
       3
       2
       3
       1
       3
       2
       2
       3
       2
       1
       5
       6
       1
       2
       2
       0
       2
       1
       2
       3
       1
       0
       4
       1
       5
       1
       0
       2
       3
       2
       0
       3
       0
       4
       2
       1
       1
       3
       0
       2
       2
       3
       0
       1
       0
       3
       0
       1
       2
       1
       4
       1
       2
       1
       2
       4
       4
       2
       3
       1
       0
       2
       2
       3
       2
       1
       1
       3
       1
       2
       2
       3
       1
       1
       2
       1
       3
       0
       1
       4
       1
       2
       4
       1
       1
       4
       1
       1
       3
       2
       1
       1
       1
       0
       4
       2
       0
       3
       2
       0
       3
       2
       2
       2
       3
       2
       0
       0
       1
       2
       2
       3
       2
       2
       1
       0
       3
       4
       3
       1
       1
       2
       2
       1
       1
       0
       1
       0
       0
       0
       0
       1
       0
       1
       1
       3
       0
       3
       3
       1
       0
       0
       4
       1
       1
       1
       1
       1
       0
       2
       3
       1
       2
       1
       2
       2
       0
       0
       1
       2
       1
       0
       3
       1
       1
       0
       2
       1
       0
       2
       1
       3
       1
       0
       0
       3
       0
       1
       1
       0
       2
       3
       2
       2
       0
       2
       1
       1
       3
       1
       3
       3
       1
       0
       2
       2
       1
       0
       2
       0
       1
       2
       0
       1
       0
       0
       2
       1
       1
       1
       2
       3
       2
       2
       5
       1
       0
       0
       3
       1
       5
       2
       0
       0
       1
       1
       2
       0
       0
       1
       3
       1
       0
       3
       2
       1
       1
       4
       5
       3
       0
       4
       2
       1
       2
       5
       1
       2
       1
       0
       1
       3
       5
       3
       1
       1
       0
       1
       2
       2
       6
       5
       4
       3
       4
       3
       6
       2
       6
       7
       2
       2
       6
       5
      11
       9
       4
       5
      11
       8
       6
      10
       8
      13
      14
       8
      19
       9
      13
      12
      28
      10
      14
      16
      15
      18
      20
      17
      25
      12
      24
      35
      29
      29
      39
      32
      35
      38
      38
      36
      38
      37
      37
      53
      60
      54
      49
      41
      46
      65
      59
      72
      69
      74
      80
      77
      77
      80
      71
      72
      69
      89
      84
      97
     108
     112
      96
     112
     102
      99
     119
     121
     121
     138
     131
     136
     128
     119
     163
     142
     137
     157
     193
     170
     143
     173
     194
     178
     206
     169
     187
     173
     216
     194
     198
     224
     221
     194
     218
     211
     222
     202
     234
     226
     242
     238
     245
     239
     229
     254
     258
     263
     230
     238
     272
     266
     262
     270
     245
     248
     256
     264
     268
     281
     261
     274
     253
     248
     278
     252
     261
     261
     240
     264
     262
     251
     245
     201
     249
     266
     245
     235
     247
     220
     218
     240
     217
     251
     226
     212
     259
     200
     213
     190
     205
     199
     197
     213
     203
     195
     214
     194
     173
     172
     171
     168
     153
     154
     179
     144
     153
     151
     152
     146
     133
     154
     154
     159
     125
     121
     111
     129
     110
     114
     124
     110
     110
     102
     106
      97
      81
      88
      69
      75
      72
      78
      74
      62
      71
      47
      45
      70
      65
      56
      49
      56
      46
      36
      43
      52
      35
      29
      36
      42
      28
      27
      27
      38
      28
      27
      21
      15
      19
      23
      22
      17
      20
      12
      19
      15
      13
      12
       9
      10
      12
       7
      13
       9
      16
       9
       7
       6
       6
       7
       4
       5
      11
       3
       3
       6
       8
       7
       3
       3
       4
       1
       5
       0
       2
       4
       0
       2
       2
       2
       6
       1
       2
       1
       0
       1
       5
       0
       3
       2
       0
       0
       1
       0
       0
       1
       1
       2
       1
       2
       0
       2
       1
       1
       0
       0
       0
       1
       1
       1
       1
       0
       1
       1
       1
       0
       0
       0
       0
       0
       1
       0
       0
       1
       0
       0
       0
       1
       0
       0
       0
       1
       0
       0
       0
       0
       2
       0
       0
       0
       0
       1
       0
       1
       0
       1
       0
       0
       0
       0
       0
       1
       1
       0
       0
       0
       0
       0
       0
       0
       0
       0
       2
       0
       0
       1
       1
       0
       1
       0
       1
       0
       0
       1
       0
       0
       1
       0
       2
       1
       0
       3
       1
       0
       1
       1
       0
       0
       0
       0
       0
       1
       0
       0
       0
       1
       0
       1
       1
       0
       1
       0
       0
       0
       1
       0
       2
       0
       2
       0
       0
       1
       1
       0
       0
       0
       0
       1
       0
       2
       0
       1
       0
       2
       0
       0
       2
       0
       0
       0
       0
       0
       2
       0
       0
       0
       0
       2
       1
       0
       1
       1
       0
       0
       0
       0
       0
       2
       1
       0
       1
       1
       0
       0
       0
       1
       0
       0
       2
       0
       0
       1
       0
       1
       0
       1
       0
       1
       0
       0
       0
       0
       0
       0
       0
       0
       0
       0
       0
       0
       1
       0
       0
       0
       0
       0
       0
       1
       0
       0
       0
       0
       0
       1
       0
       0
       0
       1
       0
       0
       0
       1
       1
       1
       0
       1
       0
       0
       0
       2
       0
       0
       0
       0
       2
       1
       0
       2
       1
       2
       1
       0
       0
       0
       2
       2
       1
       0
       0
       1
       0
       1
       0
       1
       2
       0
       0
       0
       0
       1
       1
       1
       0
       0
       2
       1
       0
       0
       0
       0
       0
       1
       0
       0
       0
       0
       1
       1
       0
       0
       0
       0
       1
       0
       0
       1
       0
       1
       0
       1
       0
       0
       2
       0
       1
       1
       0
       1
       0
       1
       1
       0
       0
       0
       1
       0
       2
       1
       0
       1
       1
       1
       0
       0
       0
       1
       1
       0
       1
       0
       0
       0
       0
       1
       0
       0
       1
       0
       0
       0
       1
       0
       0
       0
       0
       0
       0
       1
       2
       0
       3
       0
       2
       0
       0
       0
       1
       1
       0
       1
       1
       0
       1
       0
       1
       1
       0
       0
       0
       0
       0
       0
       0
       0
       1
       0
       0
       1
       0
       0
       0
       0
       0
       0
       0
       3
       0
       0
       0
       0
       0
       1
       0
       0
       0
       0
       0
       0
       0
       0
       0
       0
       0
       0
       0
       0
       2
       0
       2
       0
       0
       0
       1
       0
       0
       0
       0
       1
       1
       0
       0
       1
       0
       1
       1
       0
       2
       1
       0
       0
       1
       0
       1
       1
       1
       0
       0
       0
       0
       0
       0
       0
       0
       0
       0
       0
       0
       0
       0
       0
       0
       0
       0
       1
       0
       0
       0
       0
       0
       0
       0
       0
       0
       0
       0
       0
       0
       0
       0
       0
       0
       0
$ROI:
1
1331 1635
$PRESETS:
Live Time
1000
0
$ENER_FIT:
-37.406231 1.986979
$MCA_CAL:
3
-3.740623E+001 1.986979E+000 0.000000E+000 keV
$SHAPE_CAL:
3
0.000000E+000 0.000000E+000 0.000000E+000
