$SPEC_ID:
This is sample 193.
$SPEC_REM:
DET# 1
DETDESC# DIP1456 PCI-Trump SN 253
AP# Maestro Version 7.01
$DATE_MEA:
01/13/2025 06:38:44
$MEAS_TIM:
1000 1028
$DATA:
0 2047
       0
       0
       0
       0
       0
       0
       0
       0
       0
       0
       0
       0
       0
       0
       0
       0
       0
       0
       0
       0
       0
       0
       0
       0
       0
       0
       0
       0
       0
       0
       0
       0
       0
       0
       0
       0
       0
       0
       0
       0
       0
       0
       0
       0
       0
       0
       0
       0
       0
       0
       0
       0
       0
       2
      15
      17
      15
      13
      12
      15
       8
      11
      18
      13
       9
      10
      12
      19
      17
      16
      13
      13
      11
       7
      13
      11
      16
      13
      13
      14
      18
      17
      21
      14
      14
      17
      21
       8
      16
       7
      11
      13
      10
       8
       6
      15
      13
      18
      18
      16
      14
      17
       9
      14
      14
      17
      17
      13
      18
      16
      17
       9
      15
      16
      18
      19
       6
      14
      15
      13
      20
      13
      11
      15
      21
      14
      21
      10
      17
      20
      12
      15
      19
      18
      18
      18
      10
      20
      12
      13
      14
      27
      22
      15
      17
      19
      11
      21
      14
      17
      18
      15
      17
      13
      18
      12
      18
      21
      18
      17
      15
      17
      16
      14
      16
      13
      21
      17
      19
      12
      16
      21
      11
      23
      17
      20
      17
      14
      18
      11
      12
      16
      13
      15
      18
      16
      15
      15
      15
      12
      13
      16
      20
      15
      14
      25
      18
      15
      16
      14
      16
      21
      12
      17
      16
      16
      17
      15
      18
      16
      12
      15
      16
      12
      16
      27
      15
      10
      15
      12
      17
      20
      20
      23
      16
      22
      21
      18
      13
      14
      15
      17
      18
      18
      17
      13
      14
      27
      21
      13
      13
      22
      20
      10
      18
      17
      22
      14
      14
      13
      17
      14
      19
      17
      25
      24
      14
       9
      15
      21
       9
      11
      11
      17
      15
      26
      28
      19
      18
      14
      12
      18
      13
      11
      15
      24
      21
       6
      18
      21
      14
      19
      15
      12
      25
      11
      19
      10
      22
      17
      20
      15
      27
      15
      13
      11
      17
      19
      20
      21
      13
      22
      19
      18
      16
      19
      17
      13
      18
      18
      12
      18
      13
      17
      15
      20
      18
      21
      14
      12
      19
      17
      18
      13
      15
      18
      15
      18
      19
      18
      23
      25
      17
       8
      19
      15
      12
      14
      12
      14
      16
      16
      24
      14
       4
      17
      16
       8
      19
      15
      20
      11
       8
      13
      26
      15
      15
      21
      13
      16
      17
      16
      16
      18
      25
      12
      19
      16
      18
      16
      17
      17
      18
      13
      25
      15
      13
      16
      10
      14
      12
      15
      20
      23
      20
      22
      16
       8
      22
      18
      28
      14
      15
      14
      16
      14
      20
      16
      10
      23
      15
      20
      21
      15
      12
      12
      13
      15
      12
      15
      17
      17
      13
      20
      18
      16
      22
      12
      15
      12
      14
      14
      21
      20
       7
      20
      13
      19
      15
      14
      13
      16
      14
      16
      21
      11
      22
      17
      19
      16
      14
      13
      17
      17
      15
      19
      22
      18
      18
      17
      11
      25
      15
      17
      15
      12
       8
      22
      19
      20
      15
      10
       9
      16
      17
      12
      14
      17
      20
      20
      10
       9
       9
      22
      13
      11
      22
      12
      21
      14
      22
      18
      16
      12
      16
      13
      24
      19
      17
      20
      25
      12
      15
      22
      21
      16
      17
      16
      25
      14
      24
      12
      14
      19
      21
      13
      23
      19
      22
      22
      26
      22
      16
      15
      18
      15
      18
      14
      17
      18
      20
      18
      14
      17
      14
      27
      22
      17
      15
      22
      21
      17
      20
      21
      19
      13
      12
      15
      18
      14
      15
      23
      13
      20
      24
      15
      15
      18
      14
      24
      14
      16
      14
      17
      16
      12
      18
      15
      15
      20
      13
      19
      17
      19
      20
      14
      17
      21
      18
      15
      15
      23
      19
       8
      13
      26
      13
      25
      15
      13
      13
      12
      11
      20
       8
      15
      10
      23
      11
      20
      13
      16
      14
      21
      20
      20
      16
      14
      16
      25
      16
       8
      18
      20
      23
      23
      17
      16
      18
      12
      18
      18
      20
      17
      12
      14
      15
      18
      11
      22
      16
      20
      15
      12
      16
      22
      14
      18
      20
      16
      16
      20
      16
       9
      11
      19
      15
      17
      16
      15
      19
      14
      21
      26
      17
      11
       9
      13
      15
      16
      14
      18
      11
      14
      19
      13
      14
      24
      26
      15
      16
      19
      18
      19
      10
      12
      15
      12
      18
      14
      17
      22
      19
      14
      18
      12
      19
      17
      20
      17
      21
      17
      15
      18
      20
      18
      18
      14
      10
       7
      15
      13
      16
      13
      17
      19
      15
      20
      13
      17
      16
      11
      16
       5
      25
      13
      16
      15
      18
      10
       8
      16
      16
      16
      18
      12
      20
      11
      18
      15
      18
       9
      14
      13
      16
      12
      24
      13
      18
      25
      15
      11
      22
      17
      16
      10
      20
      13
      17
      10
      16
      19
      10
      16
      15
       8
      24
      18
      18
      20
      14
      15
      27
      16
      17
       9
      16
      11
      15
      14
      15
      14
      11
       7
      28
      15
      19
      13
      21
      11
      19
      15
      14
      17
      11
      11
      20
      23
      24
      13
      17
      24
      20
      17
      11
      21
      12
      22
      21
      22
      15
      11
      18
      16
      18
      18
      16
      11
      13
      25
      20
      21
      15
      17
      17
      17
      18
      26
      13
      23
      12
      11
      11
      20
      14
      17
      24
      24
      21
      15
      14
      15
      11
      22
      11
      19
      18
      13
      26
      20
      14
      18
      18
      20
      18
      24
      18
      18
       8
      17
      20
      22
      21
      19
      16
      21
      14
      22
      21
      18
      17
      17
      22
      14
      21
      23
      21
      25
      18
      20
      25
      13
      21
      19
      22
      25
      13
      27
      13
      24
      16
      23
      23
      19
      14
      22
      19
      16
      19
      22
      19
      30
      19
      19
      18
      12
      18
      10
      16
      18
      15
      16
      21
      14
      29
      19
      15
      11
      21
      10
      25
      12
      19
      14
      23
      14
      20
      22
      14
      13
      21
      18
      13
      21
      14
      22
      16
      12
      19
      17
      16
      18
      13
      18
      18
      14
      12
      12
      13
      18
      19
      20
      11
      12
      14
       9
      11
      16
      14
      14
      10
      13
      10
      17
      13
      10
      13
       8
      14
       8
       7
      11
      16
      10
       2
      15
       8
      11
       7
       7
       8
       8
       5
      13
       8
      11
      11
      11
      11
       8
       9
      12
       9
       8
       4
       8
       8
       4
       8
       4
      16
       6
       7
       5
       5
       4
       3
      11
       7
       8
       5
       6
       6
       7
       3
       7
       3
       4
       7
       8
       6
       2
       3
       3
       5
       3
       3
       2
       4
       6
       5
       6
       5
       0
       8
       3
       5
       3
       2
       1
       2
       2
       2
       2
       3
       2
       5
       4
       0
       2
       3
       4
       3
       3
       1
       1
       4
       5
       5
       2
       5
       5
       0
       3
       1
       6
       2
       2
       0
       2
       2
       1
       7
       2
       2
       4
       6
       1
       2
       3
       2
       5
       3
       0
       5
       1
       1
       2
       5
       2
       1
       2
       0
       1
       0
       3
       2
       2
       4
       2
       3
       0
       0
       1
       3
       1
       3
       3
       3
       4
       1
       4
       1
       0
       0
       2
       2
       2
       1
       3
       2
       3
       2
       2
       4
       0
       3
       4
       3
       3
       2
       3
       1
       2
       2
       0
       2
       1
       2
       2
       2
       0
       5
       4
       1
       0
       1
       1
       0
       1
       1
       1
       2
       1
       0
       1
       1
       0
       2
       1
       2
       6
       4
       3
       3
       5
       2
       2
       3
       3
       2
       2
       1
       0
       3
       0
       1
       1
       3
       4
       2
       2
       3
       3
       0
       2
       2
       3
       2
       1
       0
       1
       1
       3
       5
       1
       4
       1
       2
       3
       0
       2
       0
       2
       1
       5
       3
       1
       2
       0
       0
       0
       0
       2
       1
       1
       1
       2
       0
       3
       1
       4
       1
       1
       3
       6
       2
       1
       0
       3
       1
       2
       1
       0
       3
       3
       0
       2
       3
       1
       2
       1
       3
       2
       1
       2
       0
       2
       0
       2
       1
       2
       0
       2
       0
       1
       2
       0
       2
       0
       1
       0
       1
       0
       2
       0
       3
       3
       2
       2
       3
       0
       1
       1
       1
       2
       1
       1
       1
       2
       2
       1
       1
       4
       2
       0
       2
       1
       1
       2
       0
       1
       0
       1
       1
       3
       2
       3
       5
       1
       4
       2
       2
       2
       0
       2
       1
       2
       1
       1
       2
       4
       1
       4
       3
       3
       2
       2
       0
       2
       0
       3
       1
       1
       2
       0
       0
       1
       2
       3
       0
       2
       2
       1
       1
       0
       2
       2
       2
       2
       2
       3
       3
       4
       5
       6
       2
       6
       3
       4
       6
       6
       4
       4
       8
       5
       6
       5
       6
       9
       6
       7
       9
       8
      12
       8
       8
      12
      10
      16
      16
      18
      23
      15
      15
      16
      14
      17
      28
      32
      15
      26
      30
      23
      27
      36
      29
      34
      32
      36
      37
      29
      37
      46
      42
      52
      49
      54
      63
      45
      65
      56
      55
      61
      58
      66
      80
      76
      75
      94
      93
      85
      91
      91
     102
     104
      90
      97
      94
     110
     117
     107
     109
     116
     119
     125
     128
     130
     150
     150
     158
     161
     143
     138
     156
     168
     178
     194
     170
     182
     187
     195
     163
     176
     196
     243
     194
     207
     221
     215
     192
     231
     225
     203
     238
     253
     241
     233
     230
     234
     242
     236
     214
     245
     224
     253
     264
     255
     261
     225
     230
     243
     280
     268
     282
     261
     268
     264
     268
     245
     268
     238
     282
     246
     263
     243
     259
     244
     240
     235
     222
     245
     244
     222
     237
     220
     224
     221
     256
     195
     209
     200
     191
     219
     218
     217
     188
     192
     185
     202
     211
     169
     158
     174
     188
     184
     186
     173
     138
     166
     153
     146
     162
     139
     154
     141
     125
     122
     113
     114
     121
     107
     108
     111
      98
     101
     121
     102
     105
      93
      81
      96
      70
      93
      75
      62
      76
      53
      58
      61
      71
      64
      47
      51
      48
      40
      54
      43
      56
      44
      38
      33
      35
      31
      35
      33
      39
      25
      22
      23
      25
      22
      17
      24
      18
      10
      13
      10
      14
      18
      17
      13
      12
      10
      11
      13
       9
      12
       7
      14
       6
       6
       9
       2
       8
       6
       8
       4
       6
       3
       8
       4
       6
       4
       4
       7
       3
       6
       2
       2
       4
       2
       1
       0
       2
       1
       1
       0
       2
       0
       0
       0
       1
       1
       0
       0
       1
       2
       2
       0
       1
       0
       1
       1
       1
       1
       2
       1
       0
       1
       1
       1
       0
       0
       1
       0
       0
       0
       0
       0
       0
       0
       0
       0
       1
       0
       3
       0
       0
       0
       1
       0
       0
       1
       1
       0
       0
       0
       0
       0
       2
       2
       0
       1
       0
       2
       0
       0
       1
       0
       0
       0
       0
       0
       0
       0
       1
       2
       1
       1
       2
       1
       0
       0
       0
       0
       0
       0
       0
       0
       0
       1
       0
       1
       0
       0
       0
       0
       2
       0
       0
       2
       0
       2
       0
       1
       0
       0
       0
       0
       0
       1
       0
       0
       0
       0
       0
       0
       0
       0
       1
       0
       1
       1
       0
       1
       0
       1
       0
       0
       0
       0
       0
       0
       0
       0
       0
       1
       1
       1
       0
       0
       0
       0
       0
       0
       0
       0
       2
       0
       1
       1
       0
       0
       1
       0
       0
       0
       0
       0
       0
       0
       1
       0
       1
       0
       0
       1
       0
       0
       1
       0
       0
       2
       0
       1
       0
       0
       0
       0
       0
       0
       0
       0
       0
       0
       1
       1
       1
       0
       1
       1
       0
       0
       0
       1
       0
       0
       1
       1
       1
       0
       0
       0
       0
       1
       0
       0
       0
       0
       1
       1
       0
       0
       1
       0
       0
       0
       1
       0
       1
       0
       0
       0
       0
       0
       0
       1
       0
       0
       0
       0
       0
       0
       0
       1
       2
       1
       0
       0
       1
       1
       1
       1
       0
       0
       1
       1
       2
       0
       0
       0
       1
       0
       0
       1
       0
       0
       0
       0
       0
       0
       0
       1
       0
       2
       1
       1
       0
       0
       2
       0
       0
       1
       0
       0
       1
       1
       0
       0
       1
       0
       2
       0
       0
       0
       0
       1
       0
       1
       0
       0
       0
       0
       0
       0
       0
       0
       0
       0
       0
       0
       0
       0
       1
       0
       0
       2
       0
       0
       1
       0
       0
       1
       0
       0
       1
       0
       2
       0
       0
       0
       0
       0
       1
       0
       0
       0
       2
       0
       1
       1
       0
       0
       0
       0
       0
       1
       0
       0
       0
       1
       1
       2
       0
       1
       1
       0
       1
       1
       1
       1
       2
       0
       0
       0
       0
       1
       1
       0
       0
       0
       0
       0
       2
       0
       0
       0
       0
       0
       2
       0
       0
       0
       0
       1
       0
       0
       1
       0
       0
       0
       0
       2
       0
       0
       0
       0
       2
       0
       0
       0
       1
       0
       1
       1
       0
       0
       0
       1
       0
       0
       0
       1
       1
       0
       0
       0
       1
       0
       0
       0
       0
       0
       1
       0
       0
       2
       0
       2
       1
       1
       2
       0
       3
       0
       0
       0
       0
       0
       1
       1
       2
       0
       0
       0
       1
       0
       0
       0
       0
       0
       0
       0
       0
       0
       0
       0
       0
       0
       0
       0
       1
       0
       0
       0
       0
       0
$ROI:
1
1331 1635
$PRESETS:
Live Time
1000
0
$ENER_FIT:
-37.406231 1.986979
$MCA_CAL:
3
-3.740623E+001 1.986979E+000 0.000000E+000 keV
$SHAPE_CAL:
3
0.000000E+000 0.000000E+000 0.000000E+000
