$SPEC_ID:
This is sample 299.
$SPEC_REM:
DET# 1
DETDESC# DIP1456 PCI-Trump SN 253
AP# Maestro Version 7.01
$DATE_MEA:
01/14/2025 15:53:16
$MEAS_TIM:
1000 1028
$DATA:
0 2047
       0
       0
       0
       0
       0
       0
       0
       0
       0
       0
       0
       0
       0
       0
       0
       0
       0
       0
       0
       0
       0
       0
       0
       0
       0
       0
       0
       0
       0
       0
       0
       0
       0
       0
       0
       0
       0
       0
       0
       0
       0
       0
       0
       0
       0
       0
       0
       0
       0
       0
       0
       0
       0
       2
      17
      16
      10
      17
       9
      17
      13
      12
      11
      13
      14
      20
      13
      23
      13
      12
      14
      20
      18
      18
      10
      17
      17
      14
      19
      13
      12
      15
      18
      13
      13
      14
      10
      15
      13
       7
      13
      15
      12
      18
      18
      19
      17
      10
      14
      20
      12
      15
      21
      19
      12
      20
      17
      15
       8
      12
      15
       8
      21
      10
      12
      11
      17
      15
       9
      14
       6
      17
      14
      17
      20
      17
      16
       7
      17
      13
      18
      14
      20
      19
      16
      21
       6
      20
      16
      19
      15
      19
      25
      15
      16
      13
      18
      16
      15
      17
      19
      13
      18
      17
      14
      18
      12
      13
      21
      14
      12
      20
      18
      22
      15
      16
      15
      10
      12
      15
      21
      13
      17
      21
      20
      23
      22
      15
      20
      17
      11
      18
      17
      14
      19
      13
      21
      21
      20
      22
      23
      18
      15
      14
      14
      16
      15
      12
      20
      11
      19
      13
      25
      14
      18
      18
      11
      22
      16
      19
      17
      20
      18
      18
      15
      17
      10
      24
      10
      19
      14
      22
      18
      22
      12
      11
      15
      20
      11
      14
      17
      18
      13
      12
      28
      14
      24
      25
      22
      10
      25
      19
      13
      18
      11
      16
      25
      17
      21
      13
      18
      18
      14
      11
      21
      14
      12
      18
       9
      13
      16
      13
      11
      19
      21
      15
      12
      11
      24
      13
      19
      20
      18
      13
      15
      14
      19
      12
      23
      19
      23
      17
      10
      22
      14
      16
      22
      19
      16
      15
      11
      19
      11
      19
      14
      17
      18
      16
      17
      22
       9
      11
      18
      14
      12
      19
      10
      11
      17
      16
      18
      22
      16
      11
      22
      23
       8
      16
      18
      23
      19
      15
      15
      20
      14
      27
      14
      29
      19
      16
      20
      11
      15
      23
      25
      19
      17
      16
      17
      13
      26
      13
      14
      18
      23
      20
      17
      14
       8
      25
      18
      13
      31
      14
       6
      13
      24
       9
      20
      13
      17
      18
      12
      18
      16
      14
      17
      18
      16
      25
      17
      14
      16
      18
      15
      13
      13
      20
      11
      16
      12
      17
      14
       9
      20
      17
      17
      20
      13
      15
      14
      19
      19
      16
      18
      13
      22
       9
      18
      17
      18
      15
      18
      18
      28
      18
      16
      16
      10
      14
       9
      18
      13
      15
      15
      10
      17
      19
      27
      19
      12
       9
      23
      12
      14
      10
      20
      19
      17
      12
      13
      14
      20
      12
      15
      24
      20
      21
      12
      22
      16
      16
      18
      16
      18
      12
      21
      17
      13
      19
      23
      20
      23
      14
      11
      17
      11
      13
      22
      14
      17
      21
      20
       8
      14
      17
      16
      16
      21
       8
      18
      17
      22
      20
      14
      18
      21
       8
      14
      21
      29
      16
      16
      18
      13
      20
      17
      22
      15
      11
      14
      22
      18
      20
      16
      10
      17
      14
      18
      16
      21
      15
      11
      17
      29
      14
      25
      18
      17
      17
      16
      17
      16
      20
      19
      20
      20
      12
      23
      22
      20
      19
      15
      21
      26
      21
      17
      12
      15
      16
      14
      18
      17
      17
      17
      14
      23
      22
      16
      15
      17
       7
      19
      12
      16
      23
      21
      12
      16
      19
      22
      16
      18
      20
      12
      12
      15
      13
      17
      13
      10
      11
      19
      14
      17
      12
      17
      19
      11
      16
      22
      13
      17
      17
      14
      16
      19
      21
      15
      17
      12
      15
      16
      15
      17
      17
      17
      19
      18
      14
      13
      13
      21
      25
      24
      24
      20
      19
      17
      19
      13
      16
      19
      15
      21
      16
      20
      15
      23
      19
      19
      21
      13
      13
      10
      16
      12
      22
      11
      22
      18
      15
      19
      21
      17
      12
      15
      18
      14
      12
      13
      13
      10
      23
      13
      23
      14
      11
      13
      20
      20
      14
      24
      16
      10
      20
      16
      18
      19
      17
      21
      18
      16
      11
      18
      12
      15
      19
      14
       9
      17
      14
      22
      13
      16
      19
      16
      14
      12
      28
      20
      19
      19
      12
      13
      14
      18
      25
      16
      14
      14
      11
      16
      25
      17
      19
      15
      17
      21
      17
      25
      17
      22
      16
      19
      13
      12
      20
      12
      14
      14
      16
      15
      17
      10
      15
      22
      19
       9
      20
      16
      22
      14
      12
      18
      13
      15
      16
      29
      15
      10
      24
      18
      22
      18
      20
      18
      16
      26
      17
      22
      10
      10
      18
      21
      14
      13
      19
      11
      14
      22
      14
      16
      19
      15
      12
      16
      16
      13
       7
      14
      13
      23
      18
      10
      20
      11
      14
      19
      16
      12
       9
      12
      17
      16
      18
      19
      19
       9
      18
      23
      15
      12
      18
      19
      22
      15
      15
      18
      22
      12
      17
      16
      15
      11
      19
      16
      15
      12
      23
      15
      18
      16
      18
      15
      14
      21
      17
      18
      17
      16
      13
      15
      20
      17
      19
      10
      14
      22
      18
      12
      16
      16
      24
      21
      21
      12
      18
      13
      21
      15
      14
      22
      20
       9
      10
      18
      18
      21
      17
      21
      20
      21
      14
      15
      16
      14
      15
      20
      18
      17
      17
      19
      19
      30
      10
      23
      19
      23
      22
      12
      17
      22
       8
      16
      13
      21
      19
      22
      24
      20
      20
      18
      17
      20
      27
      17
      14
      19
      12
      17
      13
      17
      22
      20
      19
      14
      17
      12
      11
      24
      24
      24
      21
      20
      16
      20
      13
      15
      17
      16
      19
      17
      13
      13
      16
      15
      16
      22
      13
      15
      19
      12
      17
      15
      16
      23
      17
      27
      12
      14
      16
      16
      20
      11
      11
      19
      13
      23
      16
      11
      21
      15
      20
      10
      12
      22
       9
      14
      12
      17
      17
      18
      16
       7
      19
       8
       8
      12
      13
       9
      11
      11
      12
       5
       9
      14
      11
       8
       6
      11
       9
      12
       7
       6
       9
      10
       5
       7
      11
       7
       8
       3
       3
       6
      11
      10
       6
       3
       8
       3
       9
      10
       7
       4
       3
      10
       6
       5
       8
       4
       6
      10
       1
       5
       3
       7
       3
       3
       9
       3
       2
       8
       9
       5
       7
       3
       6
       2
       2
       6
       5
       3
       4
       5
       6
       3
       2
       4
       3
       7
       1
       7
       2
       1
       4
       5
       3
       2
       7
       6
       6
       3
       1
       5
       5
       2
       4
       4
       7
       2
       4
       4
       7
       4
       1
       3
       1
       1
       2
       4
       3
       1
       5
       2
       2
       5
       5
       2
       3
       4
       3
       4
       0
       1
       2
       2
       5
       5
       2
       1
       1
       3
       2
       3
       1
       4
       3
       4
       1
       0
       1
       2
       3
       7
       4
       0
       3
       5
       5
       2
       2
       2
       3
       3
       1
       2
       3
       2
       5
       1
       3
       4
       4
       3
       1
       0
       1
       3
       0
       1
       3
       1
       1
       0
       1
       0
       2
       0
       3
       2
       3
       2
       3
       3
       2
       2
       5
       3
       0
       1
       1
       0
       2
       3
       4
       3
       0
       1
       1
       2
       2
       1
       2
       4
       0
       3
       0
       3
       0
       1
       2
       0
       0
       1
       1
       1
       2
       0
       1
       1
       1
       0
       0
       2
       0
       1
       2
       1
       1
       1
       0
       2
       2
       1
       2
       2
       1
       1
       2
       1
       2
       3
       0
       3
       2
       1
       4
       1
       1
       2
       0
       0
       0
       1
       4
       1
       2
       2
       2
       1
       1
       2
       3
       4
       1
       0
       1
       1
       0
       5
       1
       2
       1
       0
       5
       1
       1
       2
       1
       0
       3
       3
       0
       0
       1
       1
       1
       0
       3
       2
       0
       1
       1
       0
       1
       3
       1
       2
       1
       1
       1
       5
       0
       3
       1
       1
       1
       0
       2
       2
       2
       1
       0
       1
       3
       2
       1
       1
       1
       2
       1
       1
       3
       0
       0
       2
       1
       3
       1
       1
       1
       6
       1
       0
       0
       0
       1
       1
       2
       2
       1
       0
       1
       0
       1
       1
       2
       1
       4
       2
       1
       5
       0
       2
       2
       1
       2
       4
       2
       1
       2
       0
       3
       0
       3
       1
       1
       1
       2
       2
       1
       5
       1
       0
       4
       4
       2
       0
       2
       2
       3
       3
       2
       6
       3
       5
       2
       3
       2
       3
       3
       5
       6
       6
       7
       6
      11
       7
       6
      11
       7
       8
       6
      10
       6
       6
      13
       9
      17
      16
      12
      18
      21
      13
      13
      16
      21
      24
      23
      25
      29
      28
      34
      41
      35
      31
      33
      26
      32
      37
      39
      42
      43
      46
      53
      45
      53
      51
      60
      43
      68
      59
      62
      85
      79
      85
      76
      77
      89
      89
      89
      84
      99
     109
     121
      99
      89
     113
     110
     117
     109
     129
     126
     130
     136
     134
     115
     151
     160
     135
     129
     158
     147
     151
     165
     146
     186
     141
     185
     202
     208
     200
     176
     215
     197
     204
     241
     194
     208
     221
     229
     209
     232
     235
     223
     248
     219
     221
     205
     252
     242
     237
     231
     233
     224
     233
     259
     260
     273
     266
     211
     256
     277
     251
     258
     232
     289
     269
     254
     292
     279
     245
     255
     275
     213
     300
     245
     260
     220
     239
     249
     275
     249
     242
     240
     227
     210
     209
     216
     206
     214
     216
     219
     215
     204
     180
     176
     201
     212
     189
     227
     176
     187
     186
     161
     168
     135
     153
     165
     165
     143
     157
     134
     144
     136
     142
     124
     136
     116
     128
     122
     103
     107
      87
     119
      92
     110
     101
     100
      64
      89
      82
      88
      85
      75
      81
      69
      58
      69
      62
      47
      71
      63
      33
      51
      51
      61
      44
      34
      34
      45
      33
      34
      29
      24
      25
      24
      19
      32
      20
      26
      14
      21
      21
      21
      17
      11
      14
      15
      19
      16
      11
      14
      13
      11
       8
       5
       7
       1
       3
       7
       9
       4
      10
       9
       3
       1
       2
       5
       7
       4
       5
       6
       6
       4
       2
       3
       1
       3
       1
       1
       3
       3
       2
       0
       1
       2
       2
       1
       3
       4
       0
       2
       1
       3
       1
       0
       3
       1
       2
       2
       0
       0
       3
       0
       2
       0
       0
       1
       0
       1
       1
       0
       0
       0
       0
       1
       1
       0
       0
       1
       0
       1
       2
       0
       0
       0
       2
       1
       0
       1
       2
       1
       0
       1
       0
       0
       1
       0
       0
       0
       0
       0
       1
       1
       1
       1
       0
       0
       1
       2
       0
       1
       1
       1
       1
       0
       0
       0
       0
       1
       0
       1
       0
       0
       3
       0
       0
       1
       1
       0
       1
       0
       2
       1
       1
       2
       1
       0
       1
       1
       0
       0
       0
       0
       0
       0
       0
       1
       1
       0
       0
       1
       0
       0
       0
       1
       4
       0
       1
       0
       0
       0
       1
       0
       0
       2
       0
       1
       0
       0
       0
       1
       1
       0
       0
       1
       1
       0
       1
       0
       0
       0
       1
       0
       1
       1
       0
       0
       0
       0
       0
       0
       0
       0
       0
       0
       0
       0
       2
       0
       0
       1
       0
       0
       1
       0
       4
       0
       1
       2
       0
       0
       1
       1
       0
       1
       0
       0
       1
       1
       0
       0
       0
       0
       0
       0
       0
       0
       0
       1
       1
       1
       0
       0
       0
       0
       1
       0
       0
       1
       0
       0
       0
       0
       2
       0
       1
       0
       1
       1
       1
       1
       1
       0
       0
       1
       0
       1
       1
       0
       0
       0
       0
       0
       0
       0
       2
       1
       0
       0
       1
       0
       0
       0
       0
       0
       0
       0
       0
       0
       1
       0
       0
       0
       0
       0
       0
       0
       3
       0
       0
       0
       0
       2
       0
       1
       1
       0
       1
       0
       0
       0
       0
       1
       1
       0
       0
       0
       0
       0
       0
       1
       0
       0
       1
       1
       0
       0
       0
       0
       0
       0
       0
       0
       1
       2
       0
       1
       0
       1
       0
       0
       2
       0
       1
       0
       0
       1
       0
       0
       3
       2
       0
       1
       1
       1
       0
       0
       1
       0
       0
       1
       0
       1
       0
       0
       0
       1
       0
       0
       1
       2
       1
       1
       1
       1
       1
       0
       0
       0
       1
       1
       2
       0
       0
       0
       2
       1
       1
       2
       1
       0
       2
       1
       0
       0
       0
       2
       0
       0
       0
       0
       0
       0
       0
       0
       0
       0
       0
       0
       0
       0
       1
       0
       0
       2
       1
       1
       0
       0
       0
       0
       1
       0
       1
       0
       0
       0
       0
       1
       0
       0
       0
       0
       1
       0
       1
       0
       0
       0
       0
       0
       1
       0
       1
       0
       0
       0
       0
       1
       0
       0
       0
       0
       1
       0
       3
       0
       1
       0
       1
       0
       2
       0
       1
       0
       0
       2
       0
       0
       0
       0
       0
       0
       0
       0
       0
       0
       1
       1
       0
       1
       0
       0
       0
       0
       0
       1
       0
       1
       0
       0
       0
       0
       0
       0
       1
       0
       0
       0
       0
       0
       0
       0
       0
       0
       0
       0
       0
       0
       0
       0
       0
       0
       0
       0
$ROI:
1
1331 1635
$PRESETS:
Live Time
1000
0
$ENER_FIT:
-37.406231 1.986979
$MCA_CAL:
3
-3.740623E+001 1.986979E+000 0.000000E+000 keV
$SHAPE_CAL:
3
0.000000E+000 0.000000E+000 0.000000E+000
