$SPEC_ID:
This is sample 278.
$SPEC_REM:
DET# 1
DETDESC# DIP1456 PCI-Trump SN 253
AP# Maestro Version 7.01
$DATE_MEA:
01/14/2025 09:18:08
$MEAS_TIM:
1000 1028
$DATA:
0 2047
       0
       0
       0
       0
       0
       0
       0
       0
       0
       0
       0
       0
       0
       0
       0
       0
       0
       0
       0
       0
       0
       0
       0
       0
       0
       0
       0
       0
       0
       0
       0
       0
       0
       0
       0
       0
       0
       0
       0
       0
       0
       0
       0
       0
       0
       0
       0
       0
       0
       0
       0
       0
       0
       1
      16
      10
       9
      11
      19
      13
      17
      12
       9
      13
      18
      15
      16
      13
      14
      10
      11
       9
      14
      13
       9
       9
      21
      13
      11
      20
      15
      17
      15
      19
      18
      11
      17
       9
      19
      14
      14
      16
      10
      12
      13
      15
      19
      12
      17
      16
      15
      18
      15
      18
      14
      13
      19
      14
      12
      26
      14
      16
      13
      11
      13
      19
      23
      18
      15
      19
      17
      17
      17
      11
      15
       7
      10
      14
      18
      15
      14
      18
       6
      12
       8
      12
      12
      16
      16
      15
      13
      18
      18
      15
       9
      21
      15
      17
      16
      17
      16
      17
      22
       7
      20
      11
      11
      14
      11
      11
      15
      18
      14
      10
      20
      14
      19
      13
      22
      15
      10
       8
      18
      11
      21
      14
      15
      14
      14
      20
       9
      15
      16
      17
      23
      18
      14
      12
      17
      18
      19
       7
      21
      18
      18
      10
      12
      17
      20
       9
      14
      24
      16
      17
      15
      17
      20
      20
      14
      25
      19
      12
      13
      20
      17
      18
      12
      23
      17
      18
      11
      13
      14
      15
      15
      23
      17
      12
      21
      20
      14
      12
      11
      11
      15
      16
      18
      19
      22
      16
      14
      11
      15
      16
      15
      16
      18
      13
      15
      10
      15
      11
      17
      14
      19
      11
      16
      12
      16
      14
      12
      26
      14
      27
      11
      22
      15
      16
      17
      15
      14
      19
      14
      17
      23
      16
      18
      19
      25
      15
      12
      16
      20
      18
      13
      15
      14
      13
      15
      18
      11
      15
      13
      14
      15
      12
      17
      14
      23
      18
      18
      15
      16
      14
      12
      21
      14
      22
      14
      15
      17
      13
      21
      16
      23
      13
      13
      18
      20
      19
      18
      11
      22
      12
      16
      17
      18
      17
      14
      16
      13
      13
      21
      17
      18
      16
      19
      20
      16
      15
      14
      12
      25
      14
      16
      20
      18
      26
      11
      20
      14
      14
      15
      26
      14
      19
      19
      18
      19
      17
      14
      14
       9
      14
      21
      13
      19
      19
      22
      25
      10
      17
      12
      13
      16
      19
      30
      15
      17
      17
      17
      13
      23
      14
      15
      17
      14
      17
      14
      17
      22
      15
      11
      19
      26
      12
      15
      25
      10
      16
      15
      15
      20
      22
      12
      21
      17
      19
      11
      17
      18
      15
      18
      13
      10
      10
      20
      17
      12
      17
      15
      26
      17
      21
      19
      17
      17
       6
      12
      17
      15
      17
      14
       5
      17
      21
      15
      17
      21
      12
      10
      14
      16
      17
      11
      18
      21
      13
      19
      21
      16
      11
      23
      13
      15
      18
      23
       8
      21
      19
      15
      21
      18
      13
       8
      16
      11
      15
      15
      19
      19
      12
      16
      14
      19
      13
      16
      17
      16
      13
      13
      16
      16
      13
       8
      15
      19
      22
      12
      10
      17
      19
      17
      16
      21
      15
      20
      12
      17
      21
      22
      17
      20
      16
      15
      19
      20
      14
      24
      15
      12
      22
      13
      19
      15
       6
      26
      21
      24
      16
      12
      25
      18
      20
      17
      20
      13
      21
      10
      24
      10
      19
      16
      21
      15
      14
      11
      19
      19
      17
      27
      23
      12
      22
      11
      18
      10
      23
      19
      12
      15
      18
      25
      22
      13
      18
      20
      18
      20
      20
      17
      18
      20
      21
      18
      17
      10
      13
      22
      20
      12
      14
      16
      23
      21
      12
      25
      15
      22
      18
       9
      14
      10
      17
      16
      18
      14
      14
      20
      22
      17
      16
      16
      24
      24
      19
      19
      12
      17
      13
      18
      19
      20
      16
      12
      18
      19
      17
      14
      21
      20
      14
      16
      15
      12
      16
      22
      19
      12
      13
      13
      18
      20
      18
      15
      21
      14
      17
      11
      16
      20
      17
      14
      16
      12
      18
      17
      15
      23
      21
      15
      17
      19
       8
      16
      12
      17
      21
      21
      14
      15
      24
      23
      21
      13
      13
      12
      13
      14
      10
      11
      16
       8
      23
      18
      10
      14
      31
       9
      22
      14
      19
      12
      19
      10
      15
      18
       8
      17
      14
      12
      17
       8
      14
      15
      24
       8
      16
      18
      23
      24
      18
      17
      14
      10
      15
      19
      18
      16
      18
      13
      10
      14
      14
      11
      12
      12
      19
      22
      18
      11
      19
      12
      25
      14
      20
      20
      14
      13
      23
      12
      17
      12
      12
      20
      18
      33
      20
      12
      15
      13
      12
      22
      14
      13
      19
      15
      18
      15
      17
      15
      22
      24
      17
      21
      14
      19
      20
      13
      21
      14
      15
      17
      13
      11
      10
      14
      16
      14
      14
      26
      13
      15
      14
      15
      19
      17
      13
      17
      13
      13
      14
      25
      11
      18
      14
      15
      11
      14
      13
      16
      17
      14
      17
      14
      12
      22
      21
      13
      12
      12
      14
      15
      15
      16
      16
      19
      17
      17
      12
      15
      20
      18
      24
      18
      27
      14
       9
      13
      21
      23
      12
      18
      12
      21
      16
      18
      18
      21
      11
      12
      18
       9
      14
      20
      28
      18
      14
      17
      10
      13
      11
      17
      14
      12
      19
      17
      15
      26
      21
      19
      21
      13
      20
      20
      29
      18
      29
       8
      19
      13
      12
      23
      13
      16
      16
      21
      20
      15
      27
      16
      22
      25
      17
      17
      18
      14
      19
      20
      15
      18
      20
      16
      14
      14
      15
      19
      22
      17
      19
      15
      13
      20
      18
      22
      17
      14
      15
      16
      21
      14
      19
      14
      18
      17
      20
      21
      11
      19
      16
      19
      14
      22
      14
      18
      21
      21
      18
      24
      20
      21
      19
      16
      20
      21
      19
      25
      18
      24
      15
       6
      11
      15
      11
      14
      20
      13
       8
      15
      22
      14
      18
      14
      18
      14
      17
       9
      11
      12
      12
      10
      15
       9
       7
      13
      10
      19
       6
       8
       8
      12
      15
      10
      14
      14
      12
       9
       8
      11
      11
      11
       7
      11
       8
       8
       8
      10
       8
      13
       9
      13
      11
       4
       6
       7
       8
      10
       3
       2
      15
       6
       6
       6
       8
       9
       6
       6
       8
       3
       5
       6
       6
       5
       6
       4
       3
       7
       8
       1
       5
       4
       3
       7
       5
       2
       2
       3
       8
       8
       3
       5
       4
       3
       4
       3
       3
       3
      10
       3
       4
       5
       1
       6
       5
       1
       2
       4
       1
       2
       1
       2
       4
       4
       7
       4
       2
       4
       4
       2
       1
       4
       1
       2
       3
       1
       1
       2
       1
       3
       2
       5
       1
       0
       5
       3
       4
       0
       2
       1
       3
       2
       3
       5
       1
       3
       0
       1
       3
       3
       1
       2
       1
       1
       3
       2
       2
       3
       3
       3
       1
       1
       2
       4
       2
       1
       1
       3
       3
       1
       1
       2
       3
       0
       2
       2
       2
       2
       0
       1
       3
       1
       3
       2
       1
       2
       2
       3
       0
       1
       1
       2
       2
       2
       2
       1
       2
       4
       1
       0
       1
       2
       1
       2
       1
       0
       1
       0
       2
       1
       1
       1
       2
       2
       0
       2
       2
       1
       2
       0
       1
       0
       1
       3
       1
       3
       1
       0
       1
       2
       0
       1
       4
       0
       1
       0
       2
       4
       2
       2
       1
       0
       3
       1
       0
       4
       1
       2
       2
       3
       0
       2
       2
       0
       2
       3
       1
       1
       1
       0
       2
       1
       2
       2
       1
       3
       1
       1
       3
       2
       1
       1
       2
       1
       0
       1
       1
       0
       1
       2
       1
       1
       0
       2
       1
       1
       2
       0
       0
       3
       3
       1
       1
       1
       1
       0
       5
       2
       2
       2
       0
       2
       3
       2
       2
       1
       1
       2
       2
       0
       0
       1
       0
       1
       3
       0
       2
       0
       1
       1
       1
       1
       4
       1
       3
       1
       0
       0
       1
       1
       2
       2
       4
       0
       2
       0
       3
       0
       1
       1
       2
       0
       2
       2
       1
       0
       0
       0
       1
       1
       2
       2
       1
       1
       0
       3
       1
       1
       2
       3
       0
       1
       1
       0
       2
       3
       1
       1
       0
       2
       4
       0
       0
       2
       2
       4
       1
       0
       4
       1
       1
       1
       2
       2
       0
       1
       3
       1
       1
       0
       3
       3
       5
       1
       1
       0
       0
       2
       3
       4
       6
       4
       4
       3
       3
       3
       5
       5
       7
       4
       2
       7
       7
       8
       4
       8
       7
       9
      13
       7
      14
       8
       9
       8
      16
       7
      14
      10
      18
      12
      18
      18
      18
      24
      29
      20
      16
      26
      25
      23
      35
      19
      30
      34
      30
      32
      43
      43
      48
      39
      47
      48
      38
      35
      62
      65
      56
      71
      70
      64
      57
      64
      78
      87
      82
      80
      72
      81
      95
      84
      82
      94
     129
     107
      95
      99
     102
     106
     113
     116
     138
     115
     119
     137
     143
     148
     146
     134
     139
     151
     138
     145
     175
     148
     157
     165
     183
     211
     189
     171
     199
     211
     174
     206
     224
     182
     217
     216
     216
     195
     192
     216
     242
     228
     218
     262
     246
     255
     278
     240
     232
     268
     273
     243
     247
     252
     277
     245
     267
     242
     263
     261
     229
     284
     232
     264
     268
     237
     245
     263
     272
     262
     227
     279
     272
     260
     229
     232
     247
     244
     251
     243
     237
     239
     216
     226
     228
     225
     224
     225
     202
     211
     179
     206
     199
     208
     164
     178
     205
     186
     168
     201
     185
     177
     178
     150
     168
     154
     158
     138
     149
     127
     144
     121
     139
     131
     147
     140
     113
     112
     106
     101
     102
     101
      94
      86
     110
      88
      84
      86
      85
      82
      74
      71
      47
      62
      56
      61
      59
      56
      39
      61
      47
      57
      52
      38
      44
      38
      46
      29
      33
      36
      30
      39
      24
      32
      29
      28
      25
      22
      16
      19
      22
      17
      15
      16
      18
      10
      15
      10
      11
       9
       8
      12
       7
       9
       5
       7
       5
       9
       7
       4
       4
       5
       6
       3
       3
       3
       5
       6
       4
       1
       4
       4
       4
       2
       4
       1
       3
       4
       1
       3
       2
       2
       1
       1
       0
       1
       1
       2
       2
       1
       1
       2
       0
       1
       2
       0
       3
       0
       1
       1
       1
       0
       1
       1
       1
       0
       0
       2
       1
       0
       0
       0
       1
       0
       1
       1
       0
       0
       0
       2
       2
       0
       1
       1
       0
       1
       0
       0
       0
       0
       2
       0
       0
       2
       0
       0
       0
       1
       0
       1
       0
       1
       0
       1
       1
       1
       1
       0
       0
       0
       0
       3
       0
       1
       1
       0
       1
       0
       1
       2
       1
       0
       1
       1
       0
       0
       0
       0
       0
       0
       1
       2
       1
       0
       0
       0
       0
       1
       1
       0
       0
       1
       2
       2
       0
       0
       0
       1
       1
       0
       0
       0
       0
       0
       1
       0
       1
       0
       0
       1
       1
       1
       0
       0
       0
       1
       2
       2
       2
       0
       0
       1
       1
       0
       3
       0
       2
       2
       0
       1
       0
       0
       0
       0
       1
       2
       0
       0
       1
       2
       0
       1
       0
       0
       0
       0
       0
       0
       1
       1
       0
       1
       0
       0
       0
       1
       0
       0
       1
       0
       0
       0
       0
       1
       0
       0
       0
       0
       0
       1
       0
       1
       1
       0
       0
       1
       0
       0
       0
       1
       2
       0
       1
       1
       0
       0
       1
       0
       0
       0
       0
       0
       1
       1
       0
       0
       0
       0
       0
       1
       0
       0
       0
       0
       1
       0
       0
       0
       1
       0
       0
       1
       1
       0
       1
       1
       1
       0
       1
       1
       1
       0
       0
       1
       0
       0
       0
       0
       1
       0
       1
       1
       1
       0
       0
       0
       0
       2
       0
       0
       1
       1
       1
       0
       0
       0
       0
       0
       0
       0
       0
       0
       0
       1
       0
       0
       0
       2
       0
       0
       0
       0
       0
       1
       0
       0
       1
       0
       0
       0
       0
       0
       0
       0
       0
       0
       0
       0
       1
       2
       0
       1
       0
       2
       0
       1
       0
       1
       0
       0
       0
       0
       0
       0
       1
       0
       0
       0
       0
       0
       1
       0
       0
       0
       0
       0
       1
       0
       1
       1
       0
       0
       0
       0
       0
       0
       0
       1
       0
       0
       0
       1
       0
       1
       0
       1
       0
       0
       0
       0
       0
       1
       1
       0
       0
       2
       0
       0
       0
       0
       0
       0
       1
       0
       0
       0
       0
       0
       1
       0
       0
       1
       2
       1
       0
       0
       0
       0
       1
       1
       1
       0
       0
       0
       0
       0
       0
       0
       1
       0
       0
       0
       0
       1
       0
       1
       1
       0
       1
       0
       0
       0
       2
       0
       0
       0
       0
       1
       0
       1
       0
       0
       0
       0
       1
       0
       2
       0
       0
       0
       0
       0
       0
       1
       1
       0
       0
       1
       1
       1
       0
       0
       0
       0
       1
       0
       0
       0
       1
       1
       0
       0
       1
       0
       1
       0
       0
       0
       1
       0
       0
       1
       0
       1
       0
       1
       2
       0
       0
       0
       0
       0
       0
       0
       0
       0
       0
$ROI:
1
1331 1635
$PRESETS:
Live Time
1000
0
$ENER_FIT:
-37.406231 1.986979
$MCA_CAL:
3
-3.740623E+001 1.986979E+000 0.000000E+000 keV
$SHAPE_CAL:
3
0.000000E+000 0.000000E+000 0.000000E+000
