$SPEC_ID:
This is sample 016.
$SPEC_REM:
DET# 1
DETDESC# DIP1456 PCI-Trump SN 253
AP# Maestro Version 7.01
$DATE_MEA:
01/10/2025 23:08:15
$MEAS_TIM:
1000 1028
$DATA:
0 2047
       0
       0
       0
       0
       0
       0
       0
       0
       0
       0
       0
       0
       0
       0
       0
       0
       0
       0
       0
       0
       0
       0
       0
       0
       0
       0
       0
       0
       0
       0
       0
       0
       0
       0
       0
       0
       0
       0
       0
       0
       0
       0
       0
       0
       0
       0
       0
       0
       0
       0
       0
       0
       0
       2
      11
      11
      10
      17
      20
      13
      13
      15
      14
      12
      13
      10
      14
      21
      24
      15
      16
       9
      10
      13
      14
      18
      16
      20
      16
      16
      13
      16
      12
      20
      21
      13
      16
      14
       8
      15
      18
      11
      16
      15
      16
      10
       9
      14
      19
      19
      16
      15
      15
       9
      24
      10
      10
      13
      15
      15
      13
      17
      11
      18
      12
       8
      13
      21
      20
      13
      21
      13
       9
      12
      19
      18
      15
      10
      16
      14
      19
      11
      17
      16
      17
      17
      20
      12
      16
      14
      19
      20
      18
      14
      17
      15
      18
      14
      13
      13
      17
      13
      14
      12
      13
      23
      22
      13
      14
      20
      13
      13
      17
      17
      18
      20
      23
      19
      11
      16
      22
       9
      17
      17
      12
      14
      10
      24
      19
      18
      15
      14
      16
      15
       9
       9
      17
      10
      22
       8
       7
      15
      20
      16
      21
      18
      25
      15
      10
      15
      17
      14
      22
      16
      19
      11
      22
      19
      13
      14
      11
      17
      13
      13
      14
      13
       9
      22
      22
      22
      20
      13
      19
      24
      15
      11
      19
      17
      19
      15
       6
      16
      20
      25
      16
      20
      13
      20
      15
      14
      13
      20
      14
      19
      10
      17
      14
      19
      16
      18
      17
      15
      17
      17
      14
      19
      19
      16
      18
      26
      21
      16
      18
      20
      17
      14
      12
      15
      12
      19
      13
      22
      19
      15
      13
      19
      14
      11
      14
      12
      10
      13
      16
      15
      11
      18
      16
      15
      24
      20
      18
      15
      11
      16
      18
      28
       9
      18
      19
      16
      15
      17
      13
      15
      16
      18
      20
      16
      20
      22
      13
      22
      14
      20
      30
      24
      18
      20
      13
      13
       6
      20
      22
      22
      19
       9
      17
      14
       8
      15
      20
      12
      20
      17
      14
      16
      15
      22
      19
      18
      17
      20
      15
      15
      15
      23
      15
      10
      18
      17
      24
      16
      19
      16
      17
      17
      19
      15
      18
      14
      12
      16
      13
      19
      10
      13
      19
      21
      12
      11
      16
      12
      13
      10
      11
      16
      14
      19
      12
      17
      22
      14
      13
      18
      18
      16
      27
      14
      18
      22
      16
      18
      14
      12
      15
      19
      21
      18
      15
      20
      20
      18
      18
      20
      14
      12
      12
      17
      22
      12
      25
      15
      18
      10
      17
      14
       9
      25
      21
      17
      13
      16
      14
      20
      20
      18
      21
      25
      13
      19
      17
      17
      17
      22
      21
      11
      19
      16
      19
      19
      12
      14
      18
      22
       9
      14
      11
      25
      25
      11
      13
      17
      11
      16
      14
      15
      18
      17
      17
      26
      12
      16
      14
      16
      15
      21
      16
      19
      20
      16
      16
      22
      12
      18
      14
       9
      13
      10
      15
      16
      15
      21
      20
      15
      14
      13
      16
      17
      12
      12
       8
      14
      11
      13
      13
      22
      16
      19
      19
      18
      14
      18
      18
      13
      14
      26
      13
      16
      12
      21
      23
      21
      22
      14
      20
      20
      12
      20
      19
      22
      16
      21
      23
      22
      16
      14
      18
      15
      15
      19
      24
      17
      12
      14
      17
      21
       9
      21
      22
      16
      17
      14
      17
      22
      22
      14
      15
      19
      15
      19
      13
      16
      17
      17
      15
      17
      23
      10
      12
      20
      21
      10
      18
      21
      15
      22
      16
       8
      15
      17
      17
      13
      21
      17
      17
      19
      18
      18
      22
      16
      17
      17
      27
      20
      13
      17
      13
      17
      16
      15
      19
      15
      15
      13
      17
      18
      18
      15
      25
      20
      13
      14
      18
      18
      17
      18
      31
      13
      24
      14
      13
      14
      17
      25
      13
      21
      22
      18
      16
      20
       9
      23
      15
      19
      18
      20
      23
      20
      21
      13
      18
      12
      16
      15
      20
      17
      17
      18
      17
      14
      21
      19
      11
      11
      19
      16
      15
      18
      20
      25
      13
      14
      16
      15
      14
      21
      25
      18
      16
      11
      21
      10
      13
      19
      15
      23
      15
      14
      22
      17
      17
      21
      13
      13
      16
      23
      18
      12
      19
      22
       8
      12
      13
      11
      12
      12
      10
      18
      16
      22
      19
      15
      13
      10
      13
      14
      23
      13
      19
      20
      14
      17
      11
      17
      23
      15
      19
      22
      10
      19
      10
      14
      13
      15
      15
      13
      10
      13
      21
      21
      16
      10
      16
      20
      15
      18
      19
      16
      13
      12
      15
      23
       6
      19
      18
      16
      13
      19
      14
      12
      16
      18
      11
      19
      21
      14
       7
      11
      15
      16
      22
      14
      28
      14
      18
      21
      13
      14
      14
      17
      20
      19
       9
      17
      10
      20
      15
      24
      16
      15
       5
       9
      22
      17
      12
      20
      17
      20
      13
      22
      19
      11
      21
      11
      15
      11
      16
      18
      13
      13
      17
      15
      10
      17
      20
      17
      19
      20
      13
      18
      13
      17
      15
      14
      20
      15
      13
      17
      20
      16
      18
      19
      22
      20
      14
      16
      14
      15
      27
      19
      20
      15
      12
      15
      14
      16
      19
      15
      16
      14
      11
      14
      19
      14
      26
      22
      15
      18
      20
      18
      16
      15
      20
      16
      17
      23
      11
      13
      22
      17
      15
      18
      20
      20
      22
      15
      22
      20
      24
      23
      22
      17
      20
      16
      15
      16
      26
      25
      16
      21
      15
      21
      12
      21
      23
      23
      19
      19
      19
      16
      14
      14
      10
      21
      12
      26
      16
      21
      20
      16
      16
      19
      21
      20
      16
      12
      22
      20
      12
      26
      15
      16
      12
      22
      20
      19
      16
      18
      24
      20
      10
      16
      13
      14
      15
      15
      17
      22
      17
      17
      18
      15
      16
      11
      14
      14
       8
      14
      12
      18
      15
      12
      12
       8
      16
      17
      13
      13
      22
       6
      10
      11
      20
       6
      11
       9
      10
       8
       8
      16
       7
       9
      12
      11
       8
       9
      10
      11
      12
       7
       9
       4
      10
       4
       5
      10
       4
       9
       8
      10
      13
       7
       7
       9
       8
       6
       3
       4
       4
       6
       5
       9
       9
       4
       5
       5
       7
       7
       8
      10
       4
       6
      10
       5
       5
       3
       6
       4
       5
       7
       6
       8
       4
       5
       4
       9
       5
       6
       6
       4
       5
       4
       6
       5
       7
       7
       7
       3
       5
       6
       4
       3
       0
       3
       2
       1
       2
       3
       5
       3
       2
       3
      10
       3
       3
       3
       4
       6
       4
       6
       3
       2
       4
       4
       2
       2
       2
       3
       4
       2
       4
       2
       3
       2
       3
       3
       2
       5
       3
       0
       3
       3
       3
       1
       2
       3
       1
       1
       3
       2
       1
       4
      10
       3
       1
       2
       0
       4
       4
       2
       0
       3
       2
       2
       2
       1
       2
       0
       3
       2
       3
       2
       3
       2
       2
       1
       0
       3
       0
       1
       1
       1
       1
       1
       2
       3
       2
       3
       5
       0
       0
       1
       1
       1
       4
       4
       1
       2
       2
       2
       2
       0
       1
       2
       2
       2
       1
       4
       1
       2
       1
       2
       2
       1
       2
       1
       2
       3
       4
       3
       3
       1
       2
       1
       1
       3
       2
       2
       2
       1
       6
       1
       4
       5
       0
       2
       2
       2
       3
       2
       3
       2
       0
       0
       2
       1
       2
       1
       1
       2
       1
       1
       1
       1
       0
       0
       2
       3
       1
       1
       6
       0
       2
       1
       0
       1
       1
       1
       0
       1
       0
       2
       1
       1
       2
       2
       2
       2
       0
       0
       3
       0
       2
       0
       2
       1
       1
       1
       1
       0
       1
       0
       2
       1
       0
       1
       2
       0
       1
       0
       2
       0
       1
       2
       1
       2
       0
       1
       2
       0
       0
       1
       2
       0
       3
       1
       2
       2
       5
       1
       1
       2
       0
       1
       0
       1
       4
       3
       2
       2
       0
       2
       1
       3
       2
       2
       2
       0
       0
       4
       1
       2
       2
       1
       0
       3
       1
       1
       0
       2
       0
       0
       2
       2
       0
       1
       0
       0
       0
       0
       0
       0
       0
       2
       0
       3
       3
       2
       3
       1
       0
       1
       1
       3
       2
       1
       3
       1
       2
       1
       3
       2
       2
       1
       2
       4
       1
       3
       1
       0
       1
       5
       1
       2
       1
       2
       5
       3
       5
       0
       3
       2
       3
       3
       3
       2
       4
       7
       6
      11
       8
       6
       5
       4
       8
       8
       5
       4
      10
       6
       6
      10
      10
       9
      12
      14
      16
       8
      15
      11
      16
      16
      20
      19
      13
      17
      17
      24
      19
      25
      27
      32
      31
      33
      31
      36
      34
      24
      45
      40
      47
      45
      46
      37
      54
      46
      46
      55
      49
      66
      57
      64
      65
      76
      84
      78
      89
      84
      90
      90
      88
      88
      94
     100
     104
     110
     123
     113
     133
     117
     109
     119
     125
     144
     130
     133
     157
     149
     154
     153
     160
     161
     169
     171
     192
     167
     189
     175
     166
     175
     195
     167
     164
     191
     200
     191
     217
     231
     195
     232
     227
     223
     214
     216
     216
     249
     257
     225
     249
     238
     256
     264
     239
     243
     274
     240
     238
     260
     251
     264
     274
     249
     287
     273
     288
     241
     257
     266
     247
     270
     283
     258
     252
     239
     261
     247
     239
     271
     255
     272
     274
     242
     222
     217
     229
     225
     264
     204
     223
     224
     248
     251
     222
     215
     224
     189
     194
     206
     199
     188
     171
     193
     191
     173
     166
     181
     187
     183
     151
     152
     154
     148
     154
     144
     135
     159
     147
     139
     119
     118
     118
     121
     109
     128
     116
     111
     105
     103
      90
      92
      84
      91
      90
      79
      67
      66
      69
      73
      65
      66
      60
      64
      52
      41
      52
      62
      41
      44
      33
      36
      44
      38
      26
      36
      31
      31
      40
      30
      35
      40
      23
      18
      21
      36
      16
      23
      15
      17
      10
      11
      16
      12
      12
      11
      10
      11
      16
      13
      10
       8
      10
      10
       5
       6
       3
       4
       2
       4
       6
       5
       4
       6
       4
       1
       3
       4
       3
       1
       2
       3
       3
       3
       2
       2
       0
       0
       0
       3
       1
       0
       2
       2
       0
       1
       0
       2
       1
       1
       1
       0
       0
       2
       1
       1
       0
       2
       1
       0
       0
       0
       1
       1
       0
       0
       0
       0
       0
       1
       0
       1
       0
       1
       0
       0
       0
       1
       2
       1
       0
       0
       0
       0
       0
       0
       0
       0
       1
       2
       1
       2
       0
       0
       0
       0
       0
       0
       0
       2
       1
       0
       0
       0
       1
       1
       0
       0
       0
       0
       1
       0
       0
       0
       0
       2
       2
       1
       0
       0
       0
       0
       2
       0
       0
       0
       0
       1
       0
       1
       0
       0
       2
       0
       1
       1
       0
       0
       0
       1
       1
       0
       0
       0
       0
       0
       1
       0
       0
       1
       0
       1
       1
       2
       0
       0
       0
       0
       4
       0
       0
       0
       0
       1
       0
       0
       3
       2
       1
       0
       0
       1
       2
       0
       1
       0
       0
       1
       0
       0
       1
       0
       0
       1
       1
       0
       0
       0
       2
       0
       0
       2
       1
       0
       0
       0
       1
       2
       1
       1
       0
       0
       0
       1
       0
       0
       1
       2
       1
       1
       0
       0
       0
       2
       2
       1
       0
       0
       1
       0
       1
       0
       0
       0
       0
       1
       0
       0
       0
       0
       1
       0
       0
       0
       2
       0
       1
       0
       0
       0
       2
       1
       0
       0
       0
       0
       2
       1
       0
       0
       0
       0
       0
       0
       1
       2
       0
       0
       2
       0
       0
       1
       0
       1
       1
       1
       1
       0
       0
       0
       0
       1
       0
       0
       1
       1
       0
       1
       0
       1
       0
       0
       1
       1
       1
       0
       0
       0
       0
       0
       0
       0
       0
       0
       0
       1
       0
       0
       0
       0
       0
       0
       1
       0
       0
       1
       0
       0
       0
       0
       1
       0
       1
       1
       0
       0
       0
       0
       1
       0
       0
       0
       2
       0
       1
       0
       0
       0
       0
       1
       1
       2
       0
       1
       0
       0
       0
       0
       1
       0
       0
       0
       0
       0
       2
       1
       1
       1
       0
       0
       0
       1
       1
       0
       0
       0
       0
       0
       1
       1
       0
       0
       0
       0
       1
       0
       1
       0
       0
       0
       0
       0
       1
       1
       0
       0
       0
       0
       0
       0
       1
       0
       1
       0
       0
       1
       1
       1
       0
       1
       0
       2
       0
       0
       1
       0
       2
       0
       0
       1
       0
       1
       1
       0
       0
       0
       0
       0
       0
       0
       0
       0
       0
       2
       0
       1
       0
       0
       0
       0
       0
       0
       0
       0
       0
       1
       0
       1
       0
       0
       1
       0
       1
       1
       0
       0
       1
       1
       0
       0
       0
       0
       2
       0
       0
       0
       1
       2
       0
       1
       3
       0
       0
       0
       1
       0
       1
       1
       0
       0
       0
       0
       1
       1
       0
       0
       0
       0
       0
       0
       0
       1
       0
       0
       0
       0
       0
       0
       0
       0
       0
       0
       0
       0
       0
       0
       0
       0
       0
       0
$ROI:
1
1331 1635
$PRESETS:
Live Time
1000
0
$ENER_FIT:
-37.406231 1.986979
$MCA_CAL:
3
-3.740623E+001 1.986979E+000 0.000000E+000 keV
$SHAPE_CAL:
3
0.000000E+000 0.000000E+000 0.000000E+000
