$SPEC_ID:
This is sample 043.
$SPEC_REM:
DET# 1
DETDESC# DIP1456 PCI-Trump SN 253
AP# Maestro Version 7.01
$DATE_MEA:
01/16/2025 10:11:10
$MEAS_TIM:
1200 1235
$DATA:
0 2047
       0
       0
       0
       0
       0
       0
       0
       0
       0
       0
       0
       0
       0
       0
       0
       0
       0
       0
       0
       0
       0
       0
       0
       0
       0
       0
       0
       0
       0
       0
       0
       0
       0
       0
       0
       0
       0
       0
       0
       0
       0
       0
       0
       0
       0
       0
       0
       0
       0
       0
       0
       0
       0
       1
      23
      23
      19
      28
      29
      24
      34
      44
      19
      21
      31
      24
      24
      19
      25
      27
      27
      28
      27
      37
      24
      14
      23
      26
      25
      28
      26
      24
      26
      21
      21
      24
      24
      28
      27
      28
      21
      16
      24
      18
      32
      31
      38
      34
      23
      16
      29
      26
      30
      31
      35
      23
      19
      26
      29
      30
      19
      21
      34
      27
      26
      24
      28
      29
      27
      32
      32
      29
      32
      26
      26
      34
      30
      36
      26
      32
      30
      35
      36
      31
      23
      21
      29
      29
      26
      25
      37
      28
      28
      23
      28
      28
      25
      24
      34
      23
      18
      24
      25
      23
      32
      28
      18
      34
      30
      29
      28
      34
      28
      29
      28
      29
      30
      26
      30
      25
      29
      39
      23
      34
      27
      23
      24
      34
      21
      34
      24
      28
      22
      35
      34
      41
      27
      23
      33
      31
      24
      30
      24
      34
      25
      28
      36
      18
      29
      30
      28
      34
      26
      31
      29
      20
      20
      36
      29
      16
      26
      30
      41
      22
      27
      19
      33
      14
      24
      21
      40
      35
      24
      34
      25
      28
      36
      29
      33
      27
      32
      21
      40
      32
      21
      27
      33
      39
      19
      36
      41
      32
      28
      25
      22
      41
      32
      31
      28
      31
      24
      29
      31
      34
      38
      17
      19
      36
      24
      31
      38
      23
      32
      32
      31
      28
      17
      27
      25
      35
      35
      35
      30
      36
      32
      18
      37
      28
      32
      21
      31
      22
      27
      24
      39
      29
      29
      37
      29
      41
      33
      41
      40
      20
      19
      33
      34
      31
      22
      35
      32
      33
      23
      26
      28
      45
      33
      38
      25
      25
      35
      39
      32
      31
      28
      20
      31
      34
      22
      32
      39
      34
      30
      28
      41
      28
      29
      27
      28
      30
      23
      26
      26
      41
      20
      30
      32
      31
      26
      32
      42
      53
      36
      26
      23
      29
      30
      28
      37
      32
      33
      26
      35
      28
      37
      36
      25
      25
      27
      27
      29
      26
      32
      29
      27
      35
      26
      23
      26
      22
      31
      30
      35
      37
      28
      34
      32
      35
      26
      27
      21
      27
      33
      30
      35
      31
      37
      22
      29
      32
      38
      29
      27
      26
      34
      39
      30
      28
      32
      27
      37
      33
      28
      33
      31
      28
      26
      25
      28
      34
      25
      33
      33
      38
      20
      32
      37
      28
      29
      31
      39
      30
      37
      35
      21
      25
      27
      30
      18
      35
      27
      35
      25
      38
      25
      29
      45
      30
      30
      29
      29
      33
      35
      25
      28
      19
      28
      31
      32
      25
      30
      39
      28
      34
      20
      29
      28
      29
      37
      27
      32
      31
      34
      31
      28
      39
      36
      32
      26
      38
      24
      32
      32
      28
      23
      24
      24
      37
      31
      41
      32
      30
      37
      25
      36
      32
      30
      27
      47
      27
      26
      33
      40
      32
      39
      30
      25
      31
      28
      32
      36
      24
      17
      29
      24
      35
      33
      27
      20
      30
      29
      28
      35
      28
      32
      31
      32
      41
      32
      29
      33
      28
      30
      33
      22
      34
      34
      36
      34
      27
      36
      43
      32
      34
      39
      29
      36
      43
      30
      34
      32
      26
      34
      30
      31
      35
      33
      51
      47
      41
      34
      23
      31
      37
      24
      46
      38
      23
      35
      34
      30
      37
      36
      30
      31
      40
      42
      32
      29
      29
      26
      36
      28
      37
      35
      31
      23
      20
      25
      47
      34
      32
      27
      32
      32
      46
      39
      24
      28
      34
      38
      22
      32
      32
      27
      39
      29
      34
      39
      40
      35
      25
      29
      29
      33
      33
      32
      16
      33
      28
      38
      27
      31
      27
      33
      31
      29
      35
      26
      40
      34
      39
      34
      29
      28
      39
      38
      33
      32
      30
      29
      35
      31
      28
      36
      32
      27
      34
      37
      26
      33
      38
      34
      31
      36
      19
      31
      26
      20
      33
      29
      34
      25
      27
      27
      39
      26
      19
      29
      38
      28
      30
      30
      19
      16
      35
      23
      24
      26
      37
      22
      37
      37
      26
      25
      40
      39
      23
      17
      34
      27
      27
      32
      31
      31
      28
      31
      35
      33
      31
      39
      32
      23
      35
      38
      30
      24
      28
      32
      35
      25
      28
      20
      39
      23
      33
      32
      33
      29
      28
      27
      36
      37
      40
      34
      28
      22
      37
      29
      30
      39
      28
      35
      32
      24
      24
      41
      31
      43
      24
      34
      31
      27
      38
      24
      30
      23
      30
      33
      23
      32
      34
      35
      24
      24
      35
      28
      29
      24
      33
      43
      30
      37
      33
      37
      26
      23
      21
      35
      28
      30
      24
      27
      33
      25
      41
      26
      26
      39
      34
      23
      21
      32
      35
      26
      40
      37
      35
      26
      33
      39
      24
      29
      34
      32
      31
      26
      36
      27
      37
      25
      28
      34
      41
      32
      30
      31
      27
      29
      33
      32
      25
      38
      38
      28
      32
      39
      40
      25
      29
      39
      43
      33
      34
      30
      30
      41
      37
      43
      49
      33
      25
      42
      39
      40
      28
      27
      28
      32
      38
      36
      36
      36
      42
      40
      39
      34
      33
      31
      30
      33
      29
      37
      52
      36
      32
      29
      29
      33
      35
      33
      36
      39
      28
      39
      30
      30
      43
      32
      34
      28
      31
      35
      34
      28
      32
      29
      35
      29
      26
      30
      47
      19
      32
      36
      25
      29
      33
      31
      38
      32
      27
      40
      27
      34
      34
      29
      30
      35
      28
      34
      23
      40
      22
      36
      31
      38
      34
      26
      44
      33
      33
      25
      36
      37
      41
      39
      32
      31
      42
      34
      33
      25
      21
      28
      37
      24
      29
      37
      16
      31
      29
      27
      30
      27
      24
      33
      25
      33
      37
      24
      25
      17
      24
      18
      23
      19
      30
      26
      19
      21
      33
      19
      18
      25
      28
      15
      19
      28
      24
      21
      14
      16
      19
      15
      11
      18
      16
      13
      12
      16
      16
      14
       9
      16
      17
      14
      16
      10
      11
      13
      17
       5
      19
      11
      10
       9
      13
      13
       9
      19
      13
      14
      13
      10
      13
      10
      15
      18
      10
      12
      10
      11
      13
      14
       9
      13
       6
       6
      10
       9
       6
       8
       7
       9
      11
       8
       9
       7
       7
       8
      11
      10
       6
       4
       4
       4
      11
      10
       6
       6
       8
      12
      11
      15
       7
       8
       5
      11
       3
       5
       6
      10
       8
       8
       6
       4
       5
       5
      10
       9
      10
       3
       6
      11
       7
       6
       7
       2
       3
       2
       6
       6
       4
       4
       7
       7
       2
       7
       7
       4
       5
       6
       6
       3
       4
       5
       7
       4
       3
       7
       6
       6
       6
       5
       3
       6
       5
       6
       7
       0
       7
       3
       3
       6
       3
       1
       6
       6
       3
       4
       6
       1
       4
       2
       3
       6
       2
       5
       8
       3
       4
       2
       3
       5
       4
       4
       3
       1
       6
       2
       4
       3
       2
       2
       3
       3
       0
       6
       1
       4
       1
       4
       1
       6
       5
       4
       6
       1
       7
       5
       4
       1
       4
       1
       1
       5
       5
       1
       2
       2
       1
       2
       2
       4
       2
       5
       3
       2
       2
       4
       1
       3
       1
       4
       6
       4
       2
       3
       5
       2
       2
       1
       5
       2
       4
       2
       1
       5
       3
       2
       3
       6
       2
       1
       3
       5
       6
       4
       3
       1
       3
       5
       2
       3
       3
       1
       3
       1
       2
       1
       4
       5
       5
       1
       5
       3
       0
       2
       4
       4
       3
       4
       2
       3
       3
       2
       6
       3
       3
       1
       9
       5
       1
       1
       3
       2
       3
       4
       3
       5
       0
       1
       4
       3
       3
       2
       2
       3
       4
       2
       3
       1
       1
       2
       1
       0
       1
       0
       1
       3
       1
       3
       1
       0
       4
       3
       2
       2
       3
       2
       1
       1
       2
       3
       2
       1
       4
       2
       1
       4
       1
       2
       4
       2
       5
       3
       2
       0
       4
       2
       3
       5
       4
       5
       3
       4
       0
       7
       3
       2
       7
       3
       5
       6
       1
       0
       2
       3
       4
       2
       5
       4
       0
       3
       5
       4
       5
       4
       4
       4
       0
       7
       3
       4
       4
       4
       3
       4
       1
       3
       4
       6
       5
       2
       4
       7
       6
       8
       5
       6
       5
      10
      11
       5
       6
       9
       6
       5
       6
      15
      10
      12
      13
      11
      18
      17
       9
      20
      21
      22
      14
      14
      26
      18
      29
      25
      16
      24
      27
      28
      37
      22
      38
      45
      35
      39
      47
      41
      49
      61
      50
      55
      52
      57
      59
      61
      68
      66
      76
      77
      70
     102
      88
      93
      89
     106
      95
     108
     126
     131
     119
     140
     135
     131
     125
     127
     125
     134
     161
     168
     141
     164
     168
     166
     181
     184
     183
     212
     173
     206
     205
     183
     213
     231
     237
     246
     230
     250
     263
     280
     269
     275
     271
     262
     264
     282
     287
     320
     329
     309
     320
     314
     332
     302
     302
     353
     371
     343
     370
     366
     348
     339
     346
     308
     388
     360
     366
     389
     351
     380
     395
     385
     375
     365
     368
     376
     352
     378
     380
     364
     346
     372
     392
     374
     391
     369
     355
     365
     348
     343
     363
     353
     369
     394
     356
     345
     365
     338
     359
     328
     322
     287
     347
     310
     309
     294
     291
     265
     299
     277
     272
     250
     277
     275
     244
     261
     227
     248
     252
     229
     238
     249
     214
     222
     200
     186
     187
     188
     189
     150
     175
     168
     158
     189
     160
     126
     156
     142
     140
     134
     121
      93
     118
     117
     104
     102
      95
      90
      93
     108
      71
      86
      85
      71
      64
      62
      65
      51
      65
      58
      55
      51
      51
      54
      46
      42
      34
      30
      29
      32
      26
      37
      20
      35
      33
      18
      16
      21
      14
      23
      14
      17
      18
      11
      16
      16
      11
      17
      15
      10
      12
      11
       9
       8
       8
       4
       6
      11
      10
       2
       4
       4
       5
       7
       2
       4
       6
       4
       7
       3
       1
       5
       3
       0
       4
       3
       1
       2
       4
       3
       1
       2
       1
       3
       0
       0
       5
       0
       2
       0
       1
       2
       0
       2
       4
       0
       1
       3
       1
       1
       0
       0
       2
       0
       2
       1
       0
       0
       0
       1
       0
       2
       1
       1
       2
       1
       2
       1
       1
       1
       1
       0
       1
       1
       1
       1
       2
       0
       1
       3
       0
       1
       0
       1
       1
       0
       0
       0
       2
       1
       2
       1
       1
       0
       0
       0
       2
       2
       1
       1
       1
       2
       2
       1
       0
       0
       1
       1
       1
       1
       1
       0
       0
       0
       1
       1
       0
       1
       2
       0
       0
       3
       0
       1
       1
       1
       0
       0
       1
       1
       2
       2
       0
       0
       0
       2
       0
       1
       1
       1
       0
       3
       0
       0
       0
       4
       0
       0
       0
       2
       0
       1
       3
       1
       1
       0
       0
       1
       0
       0
       6
       2
       1
       1
       0
       2
       0
       0
       2
       0
       1
       0
       1
       0
       1
       0
       0
       3
       1
       1
       1
       0
       0
       0
       1
       0
       0
       0
       2
       1
       0
       0
       0
       1
       1
       0
       0
       2
       1
       0
       0
       0
       0
       1
       1
       0
       0
       1
       1
       1
       1
       2
       0
       1
       0
       0
       1
       0
       1
       0
       2
       1
       0
       0
       1
       2
       1
       1
       0
       1
       0
       2
       0
       1
       0
       0
       0
       1
       0
       2
       0
       2
       1
       1
       0
       0
       1
       0
       0
       1
       1
       0
       2
       2
       0
       0
       0
       1
       0
       1
       0
       1
       1
       0
       2
       1
       0
       1
       0
       1
       0
       0
       1
       0
       0
       0
       0
       1
       0
       0
       2
       3
       1
       0
       0
       1
       0
       0
       1
       2
       0
       1
       0
       0
       2
       0
       0
       2
       0
       0
       1
       1
       1
       0
       2
       0
       0
       4
       0
       0
       0
       0
       0
       0
       0
       0
       0
       0
       0
       0
       2
       0
       0
       1
       0
       2
       0
       2
       0
       1
       1
       1
       1
       0
       0
       2
       0
       0
       1
       1
       1
       0
       0
       1
       2
       1
       0
       0
       0
       0
       1
       1
       0
       1
       0
       1
       0
       1
       1
       1
       0
       1
       0
       2
       2
       0
       0
       0
       0
       1
       0
       0
       2
       0
       0
       0
       0
       1
       0
       0
       1
       0
       0
       3
       1
       0
       1
       1
       0
       0
       0
       0
       0
       0
       1
       0
       0
       0
       1
       0
       0
       2
       0
       0
       0
       0
       0
       0
       1
       0
       0
       0
       0
       1
       0
       0
       0
       0
       1
       1
       0
       2
       0
       1
       1
       0
       0
       1
       1
       0
       0
       0
       1
       0
       0
       1
       0
       1
       0
       0
       0
       0
       2
       1
       3
       1
       2
       3
       0
       1
       1
       1
       0
       1
       1
       0
       0
       1
       1
       0
       0
       0
       1
       0
       0
       2
       0
       1
       1
       0
       0
       1
       2
       1
       0
       0
       0
       0
       0
       0
       0
       1
       0
       0
       0
       0
       0
$ROI:
1
258 327
$PRESETS:
Live Time
1200
0
$ENER_FIT:
-37.406231 1.986979
$MCA_CAL:
3
-3.740623E+001 1.986979E+000 0.000000E+000 keV
$SHAPE_CAL:
3
0.000000E+000 0.000000E+000 0.000000E+000
