$SPEC_ID:
This is sample 060.
$SPEC_REM:
DET# 1
DETDESC# DIP1456 PCI-Trump SN 253
AP# Maestro Version 7.01
$DATE_MEA:
01/16/2025 16:29:25
$MEAS_TIM:
1200 1235
$DATA:
0 2047
       0
       0
       0
       0
       0
       0
       0
       0
       0
       0
       0
       0
       0
       0
       0
       0
       0
       0
       0
       0
       0
       0
       0
       0
       0
       0
       0
       0
       0
       0
       0
       0
       0
       0
       0
       0
       0
       0
       0
       0
       0
       0
       0
       0
       0
       0
       0
       0
       0
       0
       0
       0
       0
       2
      23
      34
      19
      25
      16
      24
      28
      27
      21
      29
      27
      25
      27
      25
      24
      26
      26
      19
      30
      26
      26
      34
      19
      35
      23
      31
      24
      31
      26
      29
      22
      33
      29
      27
      25
      26
      25
      29
      30
      29
      27
      31
      23
      21
      25
      26
      21
      19
      36
      33
      24
      35
      38
      26
      22
      31
      13
      31
      22
      28
      26
      23
      21
      23
      24
      27
      32
      27
      23
      30
      37
      31
      31
      27
      25
      26
      22
      22
      24
      28
      34
      28
      31
      35
      41
      36
      33
      29
      25
      26
      29
      32
      27
      27
      33
      27
      40
      38
      27
      26
      39
      30
      32
      21
      37
      30
      26
      38
      23
      23
      27
      34
      21
      35
      29
      33
      22
      32
      29
      37
      26
      32
      35
      41
      30
      26
      22
      21
      34
      34
      30
      32
      30
      41
      28
      26
      28
      36
      39
      33
      24
      31
      21
      33
      22
      25
      25
      25
      20
      28
      26
      27
      34
      26
      20
      28
      15
      34
      30
      34
      26
      29
      29
      22
      30
      31
      35
      27
      19
      32
      27
      28
      35
      27
      27
      21
      31
      21
      30
      30
      27
      31
      25
      39
      26
      37
      24
      29
      29
      32
      26
      33
      24
      33
      20
      30
      25
      28
      26
      36
      30
      29
      25
      21
      30
      19
      28
      18
      29
      34
      24
      32
      34
      29
      23
      27
      33
      27
      20
      24
      16
      28
      35
      36
      33
      23
      25
      26
      34
      34
      21
      27
      33
      32
      26
      26
      38
      25
      20
      21
      48
      28
      34
      35
      23
      29
      26
      34
      40
      29
      22
      26
      43
      30
      39
      33
      29
      29
      31
      38
      29
      43
      20
      36
      34
      20
      23
      38
      34
      22
      32
      18
      28
      34
      38
      27
      32
      22
      29
      43
      28
      30
      29
      27
      31
      27
      28
      29
      35
      34
      33
      31
      34
      32
      30
      35
      29
      32
      26
      34
      34
      25
      32
      30
      37
      34
      32
      31
      40
      33
      37
      28
      32
      32
      34
      28
      24
      24
      29
      31
      35
      23
      27
      40
      27
      27
      31
      27
      44
      30
      21
      28
      24
      26
      29
      35
      25
      35
      36
      22
      20
      26
      28
      33
      22
      32
      21
      35
      24
      32
      24
      27
      20
      26
      30
      22
      25
      29
      28
      35
      33
      40
      31
      20
      25
      26
      39
      24
      39
      30
      31
      25
      36
      43
      27
      26
      29
      35
      35
      34
      28
      15
      26
      26
      25
      25
      19
      25
      23
      31
      26
      28
      40
      29
      34
      24
      25
      33
      37
      26
      27
      32
      26
      27
      35
      37
      32
      40
      22
      30
      32
      30
      28
      21
      30
      30
      27
      32
      29
      29
      32
      38
      17
      35
      23
      20
      37
      39
      28
      33
      20
      27
      25
      26
      35
      33
      28
      32
      29
      35
      46
      28
      41
      30
      30
      28
      33
      29
      21
      24
      37
      23
      33
      36
      21
      36
      33
      39
      28
      39
      34
      37
      33
      25
      32
      30
      37
      30
      28
      42
      40
      47
      29
      29
      29
      41
      38
      31
      20
      36
      34
      29
      41
      31
      38
      36
      44
      29
      30
      38
      41
      26
      34
      40
      26
      38
      32
      48
      25
      35
      28
      32
      30
      35
      30
      26
      36
      34
      25
      37
      23
      32
      37
      32
      45
      29
      30
      41
      34
      35
      39
      25
      45
      33
      44
      22
      35
      34
      34
      25
      35
      24
      35
      36
      42
      34
      28
      29
      37
      36
      38
      20
      38
      36
      49
      33
      32
      31
      39
      23
      35
      28
      35
      40
      18
      34
      33
      28
      34
      26
      29
      37
      28
      31
      27
      24
      29
      31
      31
      25
      44
      37
      42
      30
      35
      31
      27
      29
      18
      34
      36
      38
      33
      26
      31
      34
      34
      39
      34
      29
      31
      32
      28
      25
      30
      17
      32
      36
      33
      29
      34
      30
      39
      23
      24
      23
      20
      30
      32
      39
      25
      37
      25
      18
      33
      21
      25
      32
      29
      28
      30
      25
      36
      33
      29
      35
      25
      33
      22
      18
      29
      34
      31
      42
      28
      19
      26
      31
      41
      31
      29
      30
      30
      35
      29
      28
      31
      27
      36
      29
      27
      23
      28
      29
      29
      25
      29
      29
      38
      32
      26
      28
      29
      38
      27
      23
      32
      29
      33
      36
      38
      37
      35
      24
      30
      27
      25
      36
      28
      33
      24
      24
      28
      30
      23
      23
      26
      39
      34
      25
      23
      39
      30
      34
      26
      29
      26
      19
      37
      32
      27
      35
      24
      30
      41
      24
      44
      24
      29
      32
      21
      29
      28
      28
      30
      34
      27
      36
      35
      21
      28
      42
      33
      34
      28
      25
      32
      32
      24
      33
      24
      33
      39
      32
      37
      28
      30
      29
      30
      34
      34
      35
      41
      33
      32
      39
      31
      33
      25
      25
      37
      31
      36
      29
      32
      24
      32
      36
      35
      21
      44
      26
      31
      23
      34
      39
      32
      34
      39
      29
      28
      43
      29
      25
      34
      39
      22
      30
      44
      39
      33
      27
      34
      33
      31
      31
      46
      31
      41
      27
      29
      30
      46
      29
      24
      31
      36
      28
      39
      27
      28
      35
      30
      33
      27
      28
      40
      39
      30
      37
      46
      39
      28
      30
      30
      39
      41
      42
      36
      33
      24
      28
      35
      39
      28
      33
      33
      30
      31
      27
      39
      27
      34
      41
      31
      33
      42
      24
      40
      38
      27
      33
      38
      32
      18
      37
      35
      36
      27
      39
      26
      40
      33
      31
      32
      27
      27
      29
      28
      29
      31
      34
      41
      22
      23
      29
      23
      19
      29
      22
      27
      30
      24
      30
      29
      25
      30
      34
      23
      24
      30
      26
      24
      19
      22
      30
      23
      20
      14
      22
      19
      15
      20
      19
      10
      23
      13
      23
      24
      13
      15
      13
       8
      14
      12
      16
      22
      22
       9
      21
      17
      12
      18
      15
      11
      12
      11
      15
      12
       7
      16
      13
      12
      12
      11
      10
       9
       9
       9
      14
      15
       9
      11
       9
       8
       9
      11
      12
      12
       6
       6
       8
      10
      12
       9
       5
       6
       7
      13
       8
       5
       9
       5
      17
      10
       5
       7
       5
       6
       5
       5
       8
      11
       4
       1
       6
       2
       8
       4
       8
      10
       6
       4
       7
       9
       6
       4
       5
       5
       4
      13
       6
       7
       3
       7
       9
       5
       6
       5
       9
       5
       7
      10
      11
       9
       3
       9
       6
       6
       4
       8
       7
       6
       4
       8
       5
       2
       5
       5
       5
       9
       7
       5
       1
       5
       3
       6
       7
       4
       3
       7
       7
       2
       9
       6
       2
       5
       3
       4
       4
       5
       5
       8
       6
       3
       3
       4
       2
       4
       2
       5
       2
       4
       3
       2
       2
       3
       2
       2
       4
       5
       3
       8
       4
       3
       1
       5
      10
       5
       7
       5
       3
       4
       4
       4
       4
       3
       3
       2
       4
       2
       2
       2
       1
       0
       2
       4
       3
       3
       3
       3
       5
       6
       2
       0
       5
       1
       3
       3
       0
       2
       3
       3
       1
       3
       1
       4
       2
       4
       2
       2
       1
       1
       4
       3
       1
       3
       2
       2
       1
       4
       5
       3
       2
       1
       5
       2
       2
       1
       1
       3
       0
       4
       2
       2
       4
       2
       2
       4
       7
       1
       0
       4
       2
       2
       6
       2
       3
       0
       1
       1
       0
       4
       3
       1
       7
       3
       3
       3
       1
       3
       5
       4
       5
       5
       7
       0
       5
       7
       2
       1
       3
       5
       3
       6
       5
       3
       3
       0
       3
       2
       2
       5
       3
       4
       0
       3
       5
       2
       3
       1
       3
       4
       3
       2
       2
       1
       2
       1
       3
       3
       1
       3
       1
       3
       3
       2
       2
       2
       3
       2
       4
       3
       1
       1
       1
       4
       4
       2
       1
       2
       2
       3
       3
       4
       2
       1
       3
       3
       4
       4
       4
       3
       0
       2
       3
       1
       6
       2
       1
       5
       4
       3
       6
       1
       2
       3
       3
       3
       7
       1
       0
       3
       5
       0
       3
       1
      10
       3
       3
       2
       1
       6
       6
       6
       5
       4
       7
       4
       3
       5
       5
       5
       5
       5
       4
       8
      13
       9
       9
       3
      13
       5
      10
      10
       9
      15
      15
      13
      13
      15
      11
      16
      19
      18
      18
      26
      25
      23
      26
      29
      21
      26
      49
      28
      27
      31
      30
      49
      53
      34
      45
      43
      63
      46
      51
      54
      74
      64
      58
      80
      92
      76
      98
      77
      86
     106
      94
      97
     105
     130
      89
     111
     115
     125
     134
     138
     139
     134
     137
     143
     160
     165
     145
     171
     178
     174
     186
     188
     199
     196
     183
     186
     235
     186
     202
     247
     249
     246
     245
     254
     268
     288
     265
     307
     293
     298
     276
     289
     310
     307
     304
     296
     309
     321
     341
     336
     322
     321
     362
     330
     334
     308
     388
     363
     344
     384
     370
     377
     379
     390
     376
     337
     385
     349
     378
     368
     354
     377
     412
     365
     368
     376
     363
     429
     388
     432
     366
     346
     398
     388
     364
     375
     377
     348
     312
     347
     342
     323
     343
     316
     324
     345
     353
     335
     326
     331
     318
     299
     286
     309
     258
     264
     259
     289
     275
     273
     251
     280
     259
     258
     226
     209
     243
     194
     237
     177
     211
     192
     205
     168
     186
     190
     156
     150
     171
     145
     137
     142
     148
     133
     122
     125
     132
     128
     106
     120
     119
     105
     102
      72
      81
     103
      78
      94
      84
      68
      63
      76
      60
      61
      58
      64
      38
      36
      45
      39
      51
      36
      38
      36
      33
      31
      23
      26
      28
      21
      24
      21
      18
      17
      20
      14
      23
      12
      13
      16
      18
      16
      12
      11
      17
      13
      12
       6
      10
       8
      11
       6
       8
      11
       3
      10
       8
       7
       7
       1
       3
       3
       5
       1
       3
       3
       0
       4
       4
       6
       3
       2
       4
       2
       1
       2
       1
       2
       4
       1
       0
       3
       1
       1
       2
       1
       0
       2
       0
       0
       0
       2
       0
       1
       1
       1
       2
       1
       1
       1
       1
       0
       2
       0
       0
       2
       0
       0
       1
       1
       1
       2
       2
       1
       0
       0
       0
       1
       2
       0
       0
       0
       1
       1
       0
       0
       0
       1
       2
       2
       1
       4
       0
       1
       1
       1
       1
       1
       1
       2
       1
       1
       2
       1
       2
       1
       1
       0
       1
       2
       0
       1
       0
       0
       0
       0
       3
       0
       0
       1
       2
       2
       2
       1
       1
       0
       0
       1
       0
       1
       0
       1
       1
       0
       0
       2
       2
       0
       0
       0
       1
       0
       1
       0
       0
       0
       1
       0
       0
       1
       1
       0
       1
       0
       0
       1
       1
       0
       0
       0
       0
       2
       0
       0
       0
       1
       0
       1
       1
       1
       0
       1
       0
       0
       1
       0
       1
       1
       2
       1
       1
       0
       1
       0
       0
       0
       1
       2
       1
       1
       0
       0
       0
       0
       1
       1
       0
       1
       0
       3
       1
       1
       2
       0
       0
       2
       2
       1
       0
       2
       1
       0
       0
       0
       2
       1
       0
       0
       0
       3
       1
       1
       2
       0
       0
       1
       2
       1
       0
       0
       0
       0
       1
       1
       1
       2
       1
       0
       0
       0
       1
       0
       2
       0
       0
       1
       1
       0
       0
       0
       0
       1
       0
       1
       1
       2
       1
       1
       0
       0
       1
       2
       0
       3
       0
       1
       1
       1
       2
       0
       1
       1
       1
       0
       1
       0
       0
       2
       0
       0
       0
       1
       3
       0
       1
       1
       1
       1
       0
       2
       1
       1
       1
       2
       0
       2
       0
       0
       1
       1
       0
       0
       0
       1
       2
       0
       0
       0
       1
       2
       1
       0
       1
       0
       0
       1
       0
       1
       0
       1
       2
       1
       2
       0
       0
       0
       1
       1
       0
       1
       0
       0
       0
       1
       0
       0
       0
       0
       0
       2
       0
       0
       0
       0
       0
       1
       0
       0
       0
       1
       0
       1
       0
       2
       0
       1
       1
       1
       2
       1
       2
       1
       1
       0
       2
       0
       1
       0
       0
       0
       0
       0
       1
       0
       0
       0
       0
       0
       0
       0
       1
       1
       0
       2
       3
       0
       3
       0
       0
       0
       2
       0
       0
       0
       1
       1
       2
       0
       1
       2
       1
       1
       1
       0
       1
       1
       0
       1
       0
       1
       0
       1
       1
       0
       1
       0
       1
       1
       0
       1
       0
       0
       0
       1
       1
       1
       0
       0
       1
       2
       0
       1
       0
       0
       0
       0
       1
       2
       1
       0
       1
       1
       1
       1
       1
       0
       1
       0
       0
       0
       0
       2
       2
       1
       0
       0
       0
       1
       0
       0
       1
       0
       1
       0
       0
       0
       0
       0
       0
       1
       1
       0
       0
       0
       1
       0
       3
       0
       0
       1
       0
       2
       0
       0
       0
       0
       0
       0
       0
       0
       0
       0
       0
       0
       0
       0
       0
$ROI:
1
258 327
$PRESETS:
Live Time
1200
0
$ENER_FIT:
-37.406231 1.986979
$MCA_CAL:
3
-3.740623E+001 1.986979E+000 0.000000E+000 keV
$SHAPE_CAL:
3
0.000000E+000 0.000000E+000 0.000000E+000
