$SPEC_ID:
This is sample 075.
$SPEC_REM:
DET# 1
DETDESC# DIP1456 PCI-Trump SN 253
AP# Maestro Version 7.01
$DATE_MEA:
01/16/2025 22:03:10
$MEAS_TIM:
1200 1235
$DATA:
0 2047
       0
       0
       0
       0
       0
       0
       0
       0
       0
       0
       0
       0
       0
       0
       0
       0
       0
       0
       0
       0
       0
       0
       0
       0
       0
       0
       0
       0
       0
       0
       0
       0
       0
       0
       0
       0
       0
       0
       0
       0
       0
       0
       0
       0
       0
       0
       0
       0
       0
       0
       0
       0
       0
       2
      14
      19
      35
      22
      29
      22
      31
      20
      24
      28
      28
      23
      30
      29
      33
      25
      24
      26
      14
      32
      23
      22
      24
      26
      30
      28
      32
      26
      22
      25
      20
      27
      37
      31
      34
      28
      28
      35
      23
      26
      29
      18
      32
      25
      30
      30
      27
      33
      28
      25
      28
      32
      21
      24
      32
      24
      25
      31
      19
      41
      31
      27
      18
      19
      29
      27
      19
      31
      31
      34
      28
      29
      36
      35
      29
      35
      27
      23
      22
      32
      34
      26
      30
      30
      26
      30
      25
      28
      27
      33
      27
      34
      30
      36
      29
      31
      36
      36
      33
      23
      21
      24
      35
      23
      24
      30
      24
      29
      27
      26
      38
      25
      29
      27
      28
      28
      27
      45
      39
      29
      30
      27
      29
      26
      32
      31
      27
      32
      38
      26
      23
      27
      27
      32
      36
      30
      29
      33
      28
      18
      46
      35
      37
      25
      29
      25
      29
      25
      19
      26
      40
      25
      26
      17
      33
      28
      33
      39
      28
      31
      32
      30
      32
      31
      30
      26
      33
      36
      24
      38
      20
      37
      27
      27
      31
      28
      28
      28
      34
      34
      29
      29
      31
      30
      37
      27
      25
      27
      22
      32
      35
      25
      40
      17
      23
      25
      27
      31
      36
      31
      28
      29
      23
      22
      22
      21
      26
      30
      26
      37
      21
      40
      30
      29
      28
      27
      27
      36
      33
      25
      30
      30
      31
      29
      34
      28
      27
      25
      30
      21
      24
      25
      25
      27
      23
      23
      29
      35
      29
      22
      21
      31
      26
      17
      27
      23
      35
      22
      34
      31
      36
      31
      23
      38
      26
      30
      32
      31
      23
      27
      30
      22
      30
      27
      15
      30
      34
      45
      33
      27
      25
      22
      31
      31
      28
      33
      30
      35
      30
      30
      28
      28
      36
      30
      19
      30
      34
      28
      28
      29
      17
      31
      40
      25
      27
      27
      30
      33
      28
      27
      38
      29
      31
      22
      28
      17
      29
      35
      25
      26
      32
      31
      32
      27
      29
      32
      31
      28
      34
      29
      34
      22
      26
      35
      20
      28
      32
      26
      37
      26
      35
      31
      18
      32
      33
      35
      28
      23
      29
      29
      24
      20
      27
      35
      32
      32
      36
      36
      28
      27
      25
      31
      30
      30
      33
      28
      28
      31
      25
      28
      33
      42
      24
      28
      23
      20
      25
      29
      35
      26
      28
      25
      42
      33
      28
      27
      42
      29
      23
      31
      34
      34
      30
      29
      34
      22
      34
      19
      23
      24
      28
      35
      29
      26
      34
      25
      32
      33
      33
      30
      28
      35
      40
      28
      29
      30
      32
      24
      29
      29
      31
      19
      24
      33
      28
      24
      33
      36
      27
      25
      36
      24
      35
      33
      32
      33
      32
      38
      23
      28
      24
      42
      35
      28
      35
      21
      35
      26
      28
      26
      35
      28
      32
      19
      36
      39
      40
      33
      33
      30
      45
      26
      40
      25
      24
      35
      31
      43
      30
      30
      41
      31
      32
      33
      35
      29
      35
      31
      31
      32
      29
      33
      38
      37
      33
      22
      25
      19
      38
      32
      30
      24
      31
      27
      42
      32
      30
      34
      29
      37
      38
      28
      43
      39
      32
      40
      30
      34
      31
      36
      23
      37
      22
      38
      18
      35
      46
      27
      28
      34
      37
      22
      45
      35
      38
      27
      31
      29
      27
      21
      30
      28
      30
      33
      49
      24
      27
      30
      37
      32
      20
      27
      33
      31
      35
      31
      28
      22
      27
      32
      26
      32
      24
      34
      32
      22
      35
      30
      28
      30
      24
      29
      27
      36
      25
      23
      35
      33
      32
      30
      31
      36
      39
      26
      34
      37
      34
      30
      29
      29
      39
      34
      33
      24
      27
      33
      26
      33
      31
      34
      29
      33
      35
      27
      30
      25
      32
      25
      26
      27
      30
      35
      32
      34
      19
      31
      26
      24
      31
      32
      29
      29
      35
      32
      22
      28
      26
      28
      32
      36
      30
      28
      29
      28
      22
      26
      15
      31
      24
      29
      43
      36
      37
      29
      27
      35
      27
      28
      25
      29
      31
      27
      41
      31
      39
      33
      31
      27
      29
      24
      27
      32
      28
      21
      36
      37
      38
      25
      30
      26
      20
      29
      29
      37
      25
      33
      29
      29
      20
      39
      20
      30
      28
      31
      24
      28
      28
      28
      30
      33
      34
      21
      29
      22
      28
      30
      29
      33
      29
      34
      33
      30
      22
      25
      20
      35
      23
      30
      35
      30
      37
      28
      34
      37
      28
      24
      31
      33
      33
      22
      27
      33
      40
      44
      32
      32
      40
      37
      29
      20
      39
      26
      33
      32
      29
      21
      25
      23
      26
      28
      44
      30
      25
      27
      23
      31
      23
      28
      35
      39
      30
      33
      27
      40
      35
      25
      34
      40
      26
      25
      38
      37
      24
      29
      37
      33
      36
      28
      41
      29
      30
      33
      39
      29
      35
      29
      33
      29
      35
      30
      35
      25
      33
      30
      35
      24
      26
      42
      35
      26
      27
      30
      44
      31
      29
      39
      44
      44
      29
      23
      23
      49
      37
      27
      23
      29
      26
      33
      37
      34
      32
      36
      29
      33
      29
      30
      38
      34
      28
      31
      40
      26
      33
      24
      37
      32
      40
      37
      40
      32
      25
      22
      27
      34
      35
      35
      34
      31
      38
      36
      37
      32
      31
      25
      38
      31
      30
      35
      24
      27
      39
      36
      41
      29
      30
      44
      34
      40
      43
      28
      36
      33
      27
      38
      34
      33
      26
      23
      32
      35
      32
      33
      30
      28
      34
      27
      30
      27
      21
      24
      34
      32
      28
      28
      35
      31
      25
      29
      29
      30
      25
      24
      19
      19
      26
      16
      24
      28
      21
      24
      21
      24
      24
      28
      20
      23
      20
      23
      18
      22
      27
      26
      20
      15
      12
      19
      21
      19
      17
      24
      16
      10
      10
      16
      19
      18
      21
      11
      15
      18
      16
      15
      21
      23
      13
      11
       9
      12
      10
       9
      16
      15
       7
      11
      15
      13
      10
       9
       9
      19
      18
      14
       9
       7
      13
       9
       8
       8
      11
       2
      13
       9
       6
      10
       8
      10
      12
      13
       7
       8
       7
       3
       8
      11
       8
       6
       9
       9
       8
      13
       4
       9
      11
       5
       7
       4
      13
       7
       7
       4
       7
       4
       6
       5
       2
       6
       6
       4
       5
       9
       5
       9
       4
      10
       4
       4
       3
       5
       2
       5
       5
      10
       7
       6
       4
       6
       8
       6
       2
       4
       2
       4
       5
       6
       4
       4
       3
       2
       8
       4
       7
       8
       3
       2
       5
       4
       3
       5
       3
       6
       1
       5
       5
       6
       5
       0
       4
       1
       4
       6
       5
       4
       1
       5
      10
       3
       6
       3
       1
       3
       3
       2
       3
       6
       3
       5
       1
       5
       5
       3
       2
       5
       7
       5
       5
       8
       1
       1
       5
       5
       2
       2
       4
       5
       3
       1
       6
       3
       2
       2
       6
       6
       6
       1
       3
       3
       1
       6
       2
       5
       4
       3
       7
       4
       3
       5
       2
       3
       3
       4
       4
       2
       2
       0
       7
       2
       3
       2
       4
       5
       3
       1
       3
       3
       4
       4
       2
       6
       6
       3
       4
       2
       5
       3
       5
       2
       2
       0
       6
       1
       3
       3
       4
       1
       2
       2
       3
       2
       2
       4
       2
       2
       4
       3
       0
       2
       3
       4
       6
       1
       2
       1
       4
       1
       3
       3
       4
       3
       3
       2
       1
       1
       3
       3
       4
       2
       6
       1
       1
       2
       3
       3
       0
       0
       3
       3
       5
       2
       3
       1
       4
       0
       3
       1
       2
       5
       1
       2
       2
       4
       2
       2
       1
       4
       1
       2
       6
       5
       1
       3
       1
       2
       1
       4
       0
       4
       1
       2
       2
       1
       8
       4
       1
       4
       3
       4
       2
       4
       7
       7
       4
       0
       3
       1
       5
       1
       1
       3
       5
       4
       2
       2
       3
       4
       6
       3
       3
       3
       2
       2
       6
       2
       3
       0
       0
       6
       1
       4
       5
       2
       5
       3
       3
       4
       3
       8
       1
       4
       2
       3
       3
       2
       7
       1
       4
       4
       5
       2
       6
       5
       9
       2
       4
       3
       4
      11
      10
       4
       4
       9
      11
       4
       8
      13
      14
      12
      19
      22
      14
      18
      18
      18
      19
      14
      24
      22
      17
      23
      25
      28
      19
      31
      26
      33
      38
      29
      27
      30
      33
      46
      40
      43
      60
      46
      69
      42
      64
      55
      51
      66
      77
      71
      74
      78
      83
      86
     103
      95
     106
     108
      97
     114
     114
     134
     114
     122
     134
     128
     142
     173
     139
     139
     154
     167
     163
     177
     200
     206
     178
     191
     203
     194
     205
     224
     251
     223
     264
     237
     219
     232
     248
     232
     273
     284
     277
     282
     250
     303
     277
     286
     284
     299
     319
     298
     308
     320
     317
     357
     301
     346
     340
     344
     362
     375
     343
     391
     354
     377
     401
     360
     337
     383
     367
     348
     351
     345
     362
     381
     383
     369
     354
     362
     395
     363
     376
     365
     379
     361
     348
     373
     358
     349
     375
     355
     368
     359
     349
     331
     322
     359
     347
     339
     332
     313
     307
     306
     339
     315
     329
     272
     307
     292
     294
     266
     248
     271
     285
     282
     238
     251
     248
     209
     240
     196
     225
     233
     200
     213
     181
     170
     179
     164
     190
     158
     155
     142
     133
     134
     148
     151
     120
     147
     131
     110
     113
     110
     100
     111
      99
     104
      88
      89
      95
      77
      88
      91
      66
      85
      63
      61
      68
      64
      62
      62
      53
      61
      46
      39
      38
      30
      31
      43
      32
      30
      30
      34
      26
      31
      36
      26
      24
      19
      30
      15
      11
      10
      16
      14
       9
      11
      14
      11
      13
      15
      10
      12
       8
       7
       8
       7
       5
       9
       1
       6
       4
       6
       5
       4
       4
       9
       1
       1
       2
       4
       7
       1
       2
       1
       3
       2
       0
       2
       0
       2
       2
       1
       0
       3
       2
       2
       1
       1
       2
       0
       2
       0
       0
       0
       1
       0
       0
       1
       0
       1
       2
       1
       2
       0
       1
       0
       2
       0
       0
       0
       1
       2
       0
       1
       0
       1
       0
       0
       2
       3
       1
       1
       2
       0
       1
       0
       2
       2
       1
       1
       2
       1
       0
       0
       3
       0
       0
       1
       1
       0
       0
       1
       0
       0
       1
       2
       1
       1
       1
       0
       0
       3
       2
       2
       0
       0
       0
       0
       1
       0
       0
       1
       0
       1
       0
       1
       1
       1
       1
       0
       1
       0
       1
       0
       0
       1
       2
       2
       1
       0
       0
       0
       0
       0
       1
       0
       0
       1
       0
       1
       1
       0
       1
       0
       1
       1
       1
       1
       0
       1
       1
       0
       0
       2
       1
       0
       0
       1
       1
       2
       1
       0
       0
       2
       2
       1
       1
       0
       1
       0
       1
       0
       1
       1
       2
       3
       1
       1
       0
       1
       1
       0
       1
       0
       0
       0
       1
       0
       1
       0
       1
       1
       0
       1
       3
       1
       0
       2
       1
       0
       0
       0
       0
       0
       0
       1
       0
       1
       0
       2
       0
       0
       0
       1
       0
       0
       0
       0
       1
       2
       0
       2
       2
       1
       2
       0
       1
       2
       0
       1
       0
       1
       1
       0
       0
       0
       0
       0
       0
       0
       1
       1
       1
       0
       2
       0
       1
       2
       1
       0
       0
       0
       0
       0
       0
       0
       0
       3
       0
       0
       0
       0
       0
       0
       1
       1
       3
       0
       1
       0
       2
       0
       4
       1
       0
       0
       2
       1
       0
       2
       1
       0
       0
       0
       1
       0
       1
       0
       1
       1
       0
       1
       0
       0
       2
       0
       2
       0
       1
       0
       2
       1
       0
       1
       1
       1
       0
       1
       0
       0
       1
       0
       0
       1
       0
       1
       0
       2
       0
       0
       1
       0
       0
       1
       1
       0
       0
       0
       0
       2
       0
       0
       1
       1
       0
       0
       0
       1
       0
       1
       1
       0
       1
       1
       3
       0
       1
       1
       0
       0
       0
       1
       2
       1
       0
       1
       0
       0
       1
       0
       1
       0
       1
       0
       0
       2
       0
       1
       0
       1
       0
       0
       1
       1
       1
       0
       2
       0
       0
       1
       0
       1
       0
       1
       0
       3
       0
       0
       0
       2
       0
       0
       0
       1
       0
       2
       0
       1
       1
       0
       1
       0
       0
       0
       1
       1
       0
       0
       1
       1
       0
       1
       1
       0
       2
       2
       0
       2
       0
       0
       0
       3
       1
       0
       3
       0
       0
       1
       1
       0
       0
       0
       1
       1
       0
       1
       0
       1
       0
       1
       1
       1
       1
       0
       0
       0
       0
       1
       0
       1
       1
       0
       1
       2
       0
       2
       0
       0
       0
       0
       1
       1
       1
       0
       1
       0
       0
       0
       0
       1
       1
       0
       0
       0
       0
       0
       0
       0
       1
       1
       0
       0
       0
       0
       0
       0
       0
       0
       0
       0
$ROI:
1
258 327
$PRESETS:
Live Time
1200
0
$ENER_FIT:
-37.406231 1.986979
$MCA_CAL:
3
-3.740623E+001 1.986979E+000 0.000000E+000 keV
$SHAPE_CAL:
3
0.000000E+000 0.000000E+000 0.000000E+000
