$SPEC_ID:
This is sample 049.
$SPEC_REM:
DET# 1
DETDESC# DIP1456 PCI-Trump SN 253
AP# Maestro Version 7.01
$DATE_MEA:
01/16/2025 12:24:40
$MEAS_TIM:
1200 1235
$DATA:
0 2047
       0
       0
       0
       0
       0
       0
       0
       0
       0
       0
       0
       0
       0
       0
       0
       0
       0
       0
       0
       0
       0
       0
       0
       0
       0
       0
       0
       0
       0
       0
       0
       0
       0
       0
       0
       0
       0
       0
       0
       0
       0
       0
       0
       0
       0
       0
       0
       0
       0
       0
       0
       0
       0
       3
      15
      35
      23
      31
      30
      28
      25
      27
      30
      26
      34
      20
      26
      21
      22
      22
      30
      22
      19
      17
      30
      23
      24
      33
      19
      24
      24
      18
      23
      23
      25
      19
      30
      24
      23
      38
      27
      18
      34
      23
      26
      21
      29
      29
      34
      27
      24
      32
      29
      25
      21
      24
      27
      19
      19
      30
      29
      19
      21
      29
      37
      26
      23
      34
      18
      24
      27
      22
      34
      34
      30
      30
      36
      29
      24
      36
      27
      39
      30
      32
      35
      28
      35
      24
      23
      26
      30
      31
      37
      41
      35
      38
      27
      23
      30
      23
      26
      23
      22
      33
      23
      25
      32
      29
      22
      34
      22
      33
      27
      17
      20
      37
      21
      25
      27
      36
      29
      31
      29
      34
      28
      27
      32
      33
      28
      27
      32
      31
      25
      23
      29
      29
      27
      26
      29
      34
      32
      31
      31
      26
      26
      31
      26
      25
      37
      35
      28
      28
      28
      40
      18
      31
      30
      25
      34
      27
      37
      31
      25
      30
      28
      30
      34
      40
      43
      35
      20
      24
      36
      34
      19
      19
      40
      32
      21
      31
      28
      30
      24
      24
      28
      37
      30
      36
      29
      30
      29
      36
      32
      28
      27
      41
      35
      30
      28
      35
      37
      20
      26
      29
      39
      29
      33
      21
      20
      33
      27
      28
      33
      29
      40
      36
      23
      37
      30
      32
      34
      37
      37
      31
      24
      28
      37
      37
      29
      28
      27
      27
      33
      40
      30
      24
      23
      27
      26
      26
      26
      23
      34
      29
      28
      30
      30
      30
      36
      27
      29
      31
      36
      35
      22
      31
      23
      30
      34
      39
      34
      41
      37
      33
      30
      27
      33
      21
      38
      36
      31
      31
      35
      29
      16
      34
      28
      21
      30
      28
      20
      37
      26
      32
      27
      27
      36
      38
      27
      29
      30
      37
      26
      44
      35
      25
      30
      29
      27
      29
      26
      36
      34
      30
      32
      31
      30
      36
      33
      25
      29
      20
      34
      37
      24
      35
      32
      30
      32
      35
      29
      37
      22
      26
      31
      24
      27
      43
      21
      23
      32
      27
      24
      29
      25
      29
      23
      31
      31
      38
      32
      27
      39
      34
      37
      29
      31
      25
      27
      20
      26
      26
      31
      31
      32
      28
      26
      25
      37
      28
      24
      30
      26
      29
      30
      29
      51
      21
      31
      26
      34
      36
      29
      30
      32
      28
      29
      27
      36
      37
      37
      32
      26
      30
      28
      37
      30
      26
      30
      22
      32
      42
      37
      33
      20
      28
      28
      22
      37
      29
      34
      26
      27
      33
      29
      28
      30
      21
      35
      23
      31
      29
      38
      25
      21
      28
      27
      40
      35
      30
      25
      33
      30
      32
      34
      29
      29
      27
      31
      35
      28
      28
      24
      26
      37
      27
      27
      29
      34
      33
      33
      29
      34
      39
      26
      28
      35
      30
      31
      38
      39
      37
      32
      37
      26
      25
      30
      39
      28
      48
      36
      33
      35
      43
      29
      30
      32
      29
      30
      36
      18
      38
      42
      37
      27
      32
      40
      23
      30
      39
      34
      33
      40
      27
      37
      34
      23
      37
      34
      42
      34
      30
      26
      25
      43
      27
      46
      32
      38
      39
      27
      30
      31
      35
      28
      37
      35
      37
      26
      37
      26
      36
      27
      33
      35
      25
      38
      27
      35
      26
      27
      30
      37
      39
      44
      25
      34
      35
      19
      30
      31
      26
      26
      20
      26
      34
      46
      23
      35
      30
      47
      23
      28
      31
      30
      33
      35
      29
      29
      25
      27
      34
      28
      33
      36
      21
      24
      31
      38
      34
      34
      19
      32
      31
      36
      37
      39
      37
      29
      35
      34
      36
      23
      29
      27
      36
      29
      29
      27
      20
      32
      36
      33
      35
      37
      33
      28
      25
      22
      29
      31
      28
      34
      33
      29
      27
      27
      38
      24
      31
      48
      35
      27
      27
      36
      40
      23
      37
      29
      26
      31
      29
      30
      25
      30
      30
      33
      26
      38
      34
      21
      29
      28
      33
      30
      35
      25
      32
      27
      20
      32
      29
      31
      31
      36
      26
      32
      24
      22
      35
      33
      27
      28
      23
      28
      24
      27
      26
      36
      30
      31
      26
      40
      32
      32
      35
      35
      30
      33
      27
      36
      25
      24
      34
      18
      35
      30
      26
      27
      32
      35
      31
      31
      30
      36
      32
      22
      30
      18
      27
      28
      30
      30
      30
      37
      34
      28
      27
      28
      31
      28
      33
      28
      33
      35
      28
      21
      26
      22
      44
      20
      34
      24
      34
      24
      26
      27
      34
      32
      29
      32
      40
      41
      32
      34
      34
      27
      26
      29
      26
      30
      36
      36
      33
      32
      35
      27
      32
      34
      33
      23
      29
      34
      44
      26
      33
      39
      29
      25
      24
      31
      27
      31
      32
      28
      40
      36
      25
      29
      30
      36
      30
      33
      35
      30
      31
      31
      27
      21
      29
      37
      38
      33
      33
      29
      27
      28
      32
      28
      37
      31
      36
      28
      31
      43
      36
      20
      37
      33
      30
      29
      29
      42
      39
      29
      32
      31
      24
      26
      34
      28
      41
      18
      33
      31
      37
      26
      40
      28
      34
      57
      31
      39
      25
      49
      30
      43
      30
      44
      37
      29
      33
      38
      26
      32
      22
      29
      42
      47
      41
      36
      34
      36
      37
      24
      33
      41
      36
      38
      35
      35
      33
      35
      31
      49
      39
      28
      21
      23
      36
      27
      24
      43
      40
      36
      36
      34
      26
      39
      35
      29
      37
      39
      34
      25
      33
      34
      31
      25
      30
      42
      26
      37
      34
      23
      29
      45
      30
      29
      30
      29
      29
      26
      18
      26
      25
      25
      28
      25
      30
      27
      35
      19
      18
      19
      26
      22
      30
      20
      25
      32
      21
      18
      17
      12
      23
      18
      26
      20
      28
      22
      14
      18
      16
      14
      16
      15
      12
      15
      18
      21
      16
      14
      12
      12
      16
      13
       9
      10
      18
      18
      18
      15
      12
       8
      20
      10
      10
       9
      16
      13
      15
       9
      12
      11
      11
      10
      10
      10
      12
      11
       7
      11
      10
       8
      11
       6
       3
      13
       8
      11
      11
      10
      12
       9
      10
       8
       7
       9
       8
      10
       9
       8
       9
       4
       6
      12
       2
       7
       2
      13
       5
       5
       6
       9
       6
       2
       5
       8
      10
       4
       5
      10
       4
       7
       4
       5
       7
       8
       5
       8
       4
       5
       4
       6
       8
       6
       3
       4
       7
       3
       3
       9
       6
       3
       5
       4
       5
       4
      10
       6
       6
       8
       5
      11
       6
       6
       1
       5
       3
       6
       6
       3
       0
       5
       6
       6
       4
       4
       4
       5
       4
       3
       2
       4
       4
       4
       5
       8
       4
       6
       6
       5
       3
       6
       8
       4
       4
       4
       6
       4
       2
       0
       5
       3
       6
       3
       2
       4
       3
       6
       3
       2
       3
       3
       4
       3
       2
       4
       6
       4
       2
       3
       5
       6
       4
       2
       4
       6
       2
       0
       6
       6
       1
       7
       3
       4
       1
       1
       3
       4
       3
       4
       4
       3
       6
       5
       5
       2
       2
       2
       2
       1
       2
       3
       5
       0
       2
       3
       3
       2
       4
       1
       4
       1
       4
       2
       3
       4
       1
       3
       5
       3
       4
       4
       5
       4
       1
       3
       2
       2
       2
       2
       1
       6
       4
       3
       2
       1
       1
       2
       4
       1
       3
       1
       1
       2
       2
       2
       4
       4
       1
       0
       8
       2
       1
       4
       0
       1
       5
       3
       2
       3
       3
       1
       0
       2
       1
       1
       0
       3
       4
       2
       1
       3
       6
       1
       2
       5
       0
       1
       5
       7
       1
       2
       3
       3
       2
       3
       4
       1
       8
       3
       2
       3
       2
       1
       1
       0
       4
       2
       6
       3
       4
       2
       3
       6
       3
       2
       5
       2
       4
       3
       4
       3
       5
       3
       6
       4
       1
       3
       2
       2
       2
       2
       2
       1
       1
       3
       2
       0
       0
       1
       2
       0
       2
       0
       3
       7
       3
       2
       1
       3
       3
       0
       2
       4
       5
       7
       3
       4
       2
       1
       5
       5
       5
       4
       1
       6
       6
       3
       1
       8
       7
       5
       3
       4
       2
       6
       5
       5
       6
       6
      10
       8
      10
      10
       5
       7
      12
      13
       8
      12
      10
      13
      15
      12
      14
      18
      13
      20
      21
      16
      20
      34
      32
      15
      36
      22
      25
      40
      32
      39
      36
      44
      45
      38
      47
      47
      56
      56
      65
      57
      68
      68
      67
      67
      79
      87
     104
      74
      91
     106
      74
     104
      92
      92
     115
     116
      97
     127
     117
     148
     126
     130
     145
     149
     153
     146
     182
     172
     190
     178
     198
     195
     222
     202
     185
     207
     198
     211
     224
     227
     235
     242
     225
     247
     262
     232
     255
     280
     281
     285
     293
     311
     299
     261
     314
     300
     324
     332
     326
     316
     308
     335
     338
     339
     333
     334
     327
     382
     404
     372
     364
     386
     415
     354
     375
     364
     371
     390
     343
     375
     378
     372
     362
     410
     407
     335
     365
     356
     373
     344
     347
     352
     376
     370
     336
     367
     375
     334
     386
     358
     311
     358
     338
     315
     337
     349
     341
     342
     335
     313
     295
     303
     308
     297
     300
     293
     262
     269
     284
     243
     241
     241
     284
     241
     216
     231
     206
     196
     222
     200
     178
     207
     193
     158
     180
     185
     186
     148
     153
     162
     152
     145
     154
     112
     130
     112
     113
      96
     120
      95
     107
     113
     104
      94
      92
      82
      82
      92
      74
      67
      62
      65
      79
      64
      66
      46
      46
      51
      62
      40
      44
      36
      48
      41
      39
      41
      25
      30
      18
      29
      16
      27
      22
      21
      19
      25
      18
      12
      19
      18
      10
      13
      12
      11
       8
       5
       7
      15
       7
       9
       8
       4
       6
       5
       9
       8
       7
       5
       5
       3
       2
       1
       4
       3
       3
       1
       2
       2
       1
       3
       2
       1
       3
       4
       1
       1
       6
       0
       2
       1
       1
       0
       1
       2
       2
       1
       0
       1
       2
       2
       2
       4
       1
       2
       0
       0
       1
       1
       2
       0
       1
       1
       1
       0
       3
       0
       0
       0
       1
       0
       1
       0
       1
       0
       1
       0
       1
       0
       0
       1
       3
       3
       1
       2
       0
       0
       0
       0
       0
       0
       0
       1
       1
       1
       3
       0
       0
       2
       2
       0
       0
       0
       2
       2
       0
       1
       0
       0
       0
       2
       0
       0
       0
       1
       0
       2
       1
       2
       1
       1
       1
       0
       0
       1
       0
       4
       0
       0
       0
       1
       1
       0
       0
       1
       3
       1
       0
       3
       1
       0
       0
       0
       0
       1
       0
       0
       0
       0
       1
       0
       2
       0
       0
       0
       1
       2
       0
       6
       3
       1
       1
       1
       0
       0
       0
       0
       1
       1
       0
       1
       1
       0
       0
       1
       0
       0
       0
       0
       2
       0
       0
       1
       0
       0
       2
       2
       1
       2
       0
       1
       0
       1
       2
       0
       0
       2
       0
       3
       0
       2
       0
       1
       0
       2
       0
       0
       3
       1
       0
       0
       0
       0
       1
       1
       1
       1
       0
       0
       1
       1
       0
       0
       0
       1
       1
       1
       0
       2
       0
       0
       0
       1
       2
       0
       0
       0
       0
       1
       0
       0
       1
       1
       1
       0
       1
       0
       0
       2
       1
       0
       1
       0
       1
       0
       1
       0
       2
       3
       1
       1
       0
       1
       1
       2
       0
       0
       1
       0
       0
       2
       0
       1
       2
       0
       0
       1
       0
       0
       3
       0
       0
       0
       1
       1
       0
       2
       1
       0
       1
       0
       0
       0
       1
       1
       0
       1
       0
       0
       1
       0
       0
       0
       1
       1
       0
       1
       0
       0
       0
       0
       1
       1
       1
       0
       0
       2
       1
       1
       0
       0
       0
       0
       1
       3
       0
       1
       1
       1
       1
       0
       2
       0
       0
       2
       1
       0
       0
       2
       2
       1
       1
       0
       1
       0
       0
       1
       0
       1
       0
       0
       1
       1
       0
       3
       0
       1
       0
       1
       0
       0
       0
       1
       1
       1
       0
       0
       0
       2
       1
       0
       0
       0
       0
       0
       0
       1
       0
       1
       0
       0
       0
       1
       1
       0
       0
       1
       2
       1
       0
       2
       0
       1
       2
       0
       0
       1
       1
       1
       1
       0
       0
       2
       1
       0
       1
       1
       0
       1
       1
       1
       0
       0
       0
       1
       0
       2
       1
       2
       0
       0
       0
       0
       0
       0
       0
       1
       0
       0
       1
       1
       0
       0
       1
       0
       0
       1
       0
       0
       1
       1
       0
       0
       2
       1
       1
       1
       0
       0
       0
       1
       0
       0
       1
       0
       1
       1
       0
       0
       1
       0
       0
       0
       1
       0
       0
       0
       0
       0
       1
       0
       0
       0
       0
       1
       0
       1
       0
       0
       0
       0
       0
       0
       0
       0
       0
       0
       0
       0
       0
       0
       0
       0
       0
       0
       0
$ROI:
1
258 327
$PRESETS:
Live Time
1200
0
$ENER_FIT:
-37.406231 1.986979
$MCA_CAL:
3
-3.740623E+001 1.986979E+000 0.000000E+000 keV
$SHAPE_CAL:
3
0.000000E+000 0.000000E+000 0.000000E+000
