$SPEC_ID:
This is sample 047.
$SPEC_REM:
DET# 1
DETDESC# DIP1456 PCI-Trump SN 253
AP# Maestro Version 7.01
$DATE_MEA:
11/15/2024 17:28:49
$MEAS_TIM:
12 15
$DATA:
0 2047
       0
       0
       0
       0
       0
       0
       0
       0
       0
       0
       0
       0
       0
       0
       0
       0
       0
       0
       0
       0
       0
       0
       0
       0
       0
       0
       0
       0
       0
       0
       0
       0
       0
       0
       0
       0
       0
       0
       0
       0
       0
       0
       0
       0
       0
       0
       0
       0
       0
       0
      11
       9
      13
      10
      15
      12
       8
      14
      12
      18
      15
       9
      19
      14
      13
      11
      11
      19
      18
      22
      12
      14
      12
       7
      22
      12
      13
      14
      21
      17
      15
      16
      23
      16
      16
      12
      15
      18
      18
      16
      19
      16
       7
      16
      19
      16
      16
      16
       9
      14
      16
      15
      13
      13
      20
      18
      17
      11
      22
      14
      18
      15
      15
      14
      21
      16
      15
      17
      17
      20
      17
      14
      12
      17
       7
      20
      19
      14
      12
      10
       9
      18
      18
      17
      14
      18
      12
      14
      15
      16
      10
      18
      15
      12
      19
      16
      24
      19
      15
      12
      17
      16
      18
      19
      20
      15
      19
      18
      12
      17
      14
      11
      15
      16
      16
      23
      12
      15
      21
      17
      14
      22
      19
      12
      11
      15
      23
      13
      23
      18
      18
       8
      13
      20
      14
      15
      11
      24
      18
      11
      15
      19
      12
      14
      14
      19
      15
      21
      16
      18
      18
      14
      20
      24
      24
      19
      25
      15
      12
      14
      11
      15
      21
      12
      18
      16
      27
      20
      16
      23
      22
      21
      26
      21
      16
      30
      22
      21
      18
      22
      24
      23
      22
      25
      23
      22
      16
      18
      16
      21
      16
      17
      19
      21
      23
      24
      22
      15
      17
      25
      22
      23
      14
      35
      22
      19
      22
      19
      20
      15
      22
      20
      22
      26
      27
      16
      25
      20
      21
      31
      26
      21
      21
      21
      22
      27
      20
      19
      22
      23
      18
      16
      32
      28
      21
      17
      27
      16
      20
      14
      20
      24
      23
      23
      31
      20
      25
      25
      31
      23
      18
      11
      21
      26
      30
      18
      23
      27
      24
      30
      15
      33
      36
      27
      23
      21
      31
      26
      28
      25
      17
      24
      34
      16
      24
      25
      25
      21
      27
      23
      18
      26
      23
      25
      26
      29
      25
      23
      21
      26
      23
      27
      18
      11
      24
      25
      19
      19
      21
      35
      14
      30
      22
      24
      24
      19
      26
      20
      17
      21
      25
      21
      26
      39
      14
      18
      25
      22
      24
      20
      21
      22
      28
      23
      21
      22
      22
      26
      28
      26
      39
      21
      24
      30
      25
      32
      18
      29
      16
      13
      18
      33
      24
      24
      24
      25
      31
      28
      26
      23
      26
      31
      28
      30
      25
      29
      26
      21
      19
      22
      27
      26
      14
      22
      27
      34
      21
      26
      28
      28
      21
      24
      31
      23
      24
      23
      25
      31
      24
      24
      24
      23
      22
      22
      35
      17
      34
      25
      20
      31
      18
      20
      26
      28
      27
      26
      16
      31
      24
      23
      19
      41
      24
      18
      24
      22
      25
      26
      34
      26
      21
      26
      22
      31
      31
      30
      27
      28
      19
      22
      24
      25
      29
      21
      23
      20
      28
      23
      19
      27
      19
      26
      27
      31
      18
      28
      37
      28
      28
      23
      19
      34
      31
      31
      37
      17
      28
      24
      30
      29
      22
      21
      28
      27
      28
      23
      30
      28
      24
      30
      24
      27
      16
      26
      12
      31
      32
      19
      35
      38
      27
      33
      19
      42
      29
      21
      33
      22
      21
      25
      34
      23
      34
      33
      25
      32
      25
      31
      26
      27
      30
      27
      27
      34
      34
      24
      27
      29
      22
      31
      36
      33
      30
      38
      29
      30
      33
      29
      25
      36
      31
      24
      26
      29
      31
      28
      40
      44
      34
      32
      31
      18
      46
      34
      32
      35
      29
      44
      40
      36
      42
      44
      35
      37
      33
      27
      48
      30
      41
      26
      26
      25
      37
      42
      28
      29
      33
      33
      42
      36
      37
      28
      33
      31
      39
      33
      38
      20
      45
      28
      41
      42
      45
      35
      28
      43
      38
      45
      28
      34
      35
      37
      29
      34
      41
      37
      39
      28
      29
      40
      33
      30
      40
      29
      33
      41
      33
      28
      18
      31
      24
      26
      31
      36
      34
      36
      37
      27
      34
      25
      32
      34
      36
      31
      33
      40
      36
      28
      33
      34
      32
      43
      26
      28
      32
      23
      31
      27
      28
      34
      27
      20
      25
      32
      32
      25
      31
      31
      27
      30
      22
      29
      29
      25
      24
      31
      26
      28
      28
      30
      31
      28
      30
      25
      29
      22
      28
      24
      33
      27
      24
      34
      22
      26
      18
      28
      30
      22
      15
      30
      27
      22
      36
      26
      24
      21
      27
      29
      25
      28
      32
      38
      25
      20
      27
      41
      24
      22
      33
      28
      38
      31
      28
      40
      27
      26
      33
      25
      25
      23
      29
      38
      27
      33
      22
      21
      23
      28
      24
      26
      22
      22
      20
      31
      33
      24
      21
      27
      25
      24
      29
      19
      24
      33
      25
      26
      34
      27
      28
      23
      28
      22
      21
      23
      23
      27
      30
      22
      21
      38
      27
      22
      20
      28
      20
      24
      23
      30
      26
      30
      33
      24
      26
      20
      20
      22
      30
      13
      23
      26
      37
      21
      28
      28
      16
      15
      21
      20
      27
      29
      14
      18
      18
      16
      20
      36
      23
      25
      32
      21
      28
      17
      20
      27
      26
      24
      18
      20
      28
      17
      26
      20
      19
      24
      22
      23
      20
      23
      25
      16
      18
      29
      19
      23
      18
      20
      23
      23
      26
      20
      23
      26
      15
      19
      21
      21
      23
      28
      24
      24
      12
      27
      18
      22
      21
      18
      22
      28
      22
      17
      21
      20
      25
      21
      20
      23
      26
      19
      27
      19
      19
      23
      29
      21
      14
      20
      17
      16
      16
      14
      21
      17
      19
      13
      19
      30
      20
      22
      20
      20
      16
      17
      15
      16
      28
      15
      21
      26
      18
      12
      20
      16
      20
      21
      18
      29
      26
      15
      21
      12
      27
      10
      28
      24
      21
      15
      11
      28
      25
      15
      30
      24
      19
      17
      17
      22
      24
      26
      15
      17
      15
      23
      21
      20
      20
      31
      21
      28
      19
      24
      23
      20
      25
      19
      22
      15
      17
      30
      12
      24
      12
      21
      23
      18
      26
      22
      14
      26
      18
      15
      16
      23
      20
      24
      15
      14
      22
      10
      20
      15
      17
      22
      17
      25
      16
      15
      15
      20
      13
      17
      26
      18
      14
      14
      12
      23
      24
      19
      14
      20
      25
      18
      18
      18
      16
      17
      13
      23
      15
      17
      21
      24
      22
      19
      24
      12
      18
      19
      22
      17
      20
      23
      17
      19
      19
      10
      13
      22
      22
      23
      21
      15
      17
      18
       8
      16
      11
      12
      14
      12
      13
      14
      11
      22
      13
      10
      11
      18
      15
      17
       6
      22
      19
      22
      18
       8
      11
      13
      12
      13
      20
      21
      14
      11
      14
      21
       8
      12
      17
      18
      13
      15
      17
      18
      13
      16
      14
      13
      16
      15
       5
      14
      15
      12
      11
      15
      16
      17
      10
       9
      10
      13
      11
       9
      19
      11
      13
      15
      13
      13
       6
      11
      10
       9
       7
       8
      15
      11
      13
      10
       6
      10
      10
       5
      10
      11
      13
      12
      10
       7
      11
       8
      13
       8
      13
       5
       9
      11
      11
      10
       9
       6
      16
       4
       7
       9
       5
       7
      11
       9
       9
       7
       2
       9
      13
       9
       9
      15
       5
       9
      10
       8
       6
      11
       9
       8
      11
       4
       5
       5
      11
      12
      10
       5
      12
       7
       7
      10
       5
      10
       5
      10
       7
       3
       8
       3
       7
       3
       7
       8
       5
       9
       9
       7
       7
       6
       6
       9
       9
       4
       8
       3
       5
       5
       7
       5
       9
       7
       6
      10
      11
       8
       4
       8
       5
       2
       6
       6
       8
       8
       6
       5
      10
       5
      11
       8
       4
       7
       8
       3
       7
      12
       7
       5
      10
       8
       4
      10
      12
       7
       7
      12
       7
       4
       3
       7
       8
       3
       8
       6
       7
       6
       6
       7
      10
       4
      10
      11
       6
      10
       4
       6
       2
      13
      10
       8
       4
       3
       7
       7
       7
       8
       7
       8
       9
       3
       6
       7
       2
       4
       5
       3
       6
       7
       2
       4
      11
       5
       5
       2
       1
       5
       2
       7
       5
       6
       2
       5
       8
       7
       5
       5
       2
       2
       5
       5
       9
       2
       7
       4
       9
       6
      12
       6
       2
       3
       2
       7
       4
       6
       7
       4
       8
       7
       3
       5
       5
       7
       6
       4
       5
       8
       4
       6
       4
       4
       7
       7
       8
       9
       5
       4
       4
       6
       5
      13
       4
       4
       3
       6
       5
       4
       4
       1
       5
       4
       2
       3
       7
       3
      11
       7
       7
       5
       2
       2
       8
       9
       5
       9
       2
       8
       9
       5
       6
       3
       4
       4
       4
       9
       4
       2
       2
       4
       7
       5
       4
       2
       4
       3
       2
       7
       5
       4
       4
       9
       6
       4
       6
       4
       5
       5
       3
       4
       3
       7
      10
       6
       4
       6
       2
       9
       8
       7
       6
      10
       3
       6
       5
       3
       4
       6
       7
       4
       0
       7
       9
       4
       7
       5
       3
       5
       1
       3
       4
       7
       5
       2
       5
       6
       3
       3
       8
       5
      11
       6
       6
       7
       3
       4
       7
       7
       9
       8
       5
       5
       6
       5
       5
       6
       5
       3
       3
       4
       9
       6
       3
       5
       8
       2
       7
       2
       7
       4
       3
      12
       9
       3
       5
       6
       6
       4
       9
       9
       6
      10
      14
      17
       8
       9
       7
       8
       5
      15
      10
       9
       9
      11
       3
      14
      13
       6
      10
       7
      13
       9
       6
      12
       7
      11
      12
       9
       9
      12
       8
      18
      11
       6
      17
       6
      11
      18
       8
      12
      11
       8
      11
      12
      13
      15
      18
      14
       9
      15
      14
      13
      14
      16
      16
      24
      12
      13
      12
      23
      22
      13
      23
      20
      15
      28
      24
      19
      21
      20
      19
      20
      23
      25
      17
      33
      23
      41
      31
      23
      30
      40
      36
      26
      27
      27
      36
      45
      27
      36
      32
      39
      41
      36
      45
      46
      33
      45
      47
      44
      38
      59
      49
      58
      43
      54
      56
      42
      68
      49
      55
      55
      70
      56
      54
      53
      67
      59
      55
      72
      59
      56
      81
      57
      65
      78
      63
      78
      84
      98
      58
      63
      77
      76
      75
      87
      80
      81
      87
      86
      82
      68
      95
      93
      86
      93
     114
     103
      89
      93
     107
     105
     122
      95
     109
     113
     103
     102
      81
      97
      91
      79
      95
      94
     112
      93
      95
     105
     112
      92
     113
     103
     103
     108
      94
     100
     127
      97
     108
     106
      91
     100
     103
     114
      91
      94
      85
     101
      93
      83
     100
      80
      89
     112
      87
      92
      87
      96
      86
     104
      84
      78
      87
      91
      87
      70
      81
      86
      80
      81
      74
      71
      87
      72
      76
      90
      51
      66
      64
      86
      69
      76
      64
      50
      55
      59
      59
      49
      53
      57
      51
      56
      45
      58
      41
      47
      43
      38
      44
      47
      49
      27
      35
      34
      18
      36
      38
      27
      39
      35
      37
      35
      29
      30
      31
      26
      17
      21
      31
      28
      35
      23
      26
      20
      23
      15
      22
      19
      20
      20
      12
      18
      13
      15
      19
      15
      15
      21
      12
      13
      19
      12
      10
      21
       6
      10
       7
       3
      11
       9
      10
       8
       9
       7
      10
      11
       8
       2
       8
       8
       7
       5
       3
       7
       4
       8
       5
       5
      10
       5
       7
       3
      10
       3
       1
       4
       5
       8
       3
       2
       4
       0
       4
       3
       2
       4
       7
       3
       6
       2
       5
       2
       4
       4
       5
       5
       6
       7
       2
       2
       6
       0
       5
       7
       1
       6
       1
       1
       4
       4
       8
       5
       1
       3
       2
       2
       2
       7
       4
       2
       6
       3
       4
       3
       6
       2
       2
       2
       3
       6
       2
       1
       0
       2
       2
       7
       5
       8
       4
       4
       1
       1
       0
       4
       1
       4
       0
       2
       2
       4
       0
       4
       2
       6
       8
       3
       3
       2
       4
       1
       3
       3
       2
       3
       7
       4
       4
       2
       4
       7
       1
       4
       3
       2
       2
       3
       4
       3
       2
       3
       3
       2
       2
       6
       5
       4
       4
       3
       1
       3
       3
       4
       3
       4
       4
       1
       4
       3
       3
       0
       5
       2
       6
       3
       2
       5
       2
      10
       0
       4
       2
       5
       2
       3
       3
       5
       4
       3
       2
       2
       2
       4
       7
       2
       6
       2
       5
       6
       2
       3
       3
       4
       2
       6
       2
       6
       3
       3
       4
       1
       1
       5
       5
       3
       3
       5
       3
       0
       5
       1
       1
       2
       3
       7
       2
       3
       2
       3
       1
       5
       4
       2
       4
       5
       6
       1
       4
       2
       4
       3
       8
       3
       1
       0
       1
       3
       4
       4
       6
       2
       1
       1
       3
       0
       0
       0
       0
       0
       0
       0
       0
       0
       0
       0
       0
       0
       0
       0
       0
       0
       0
       0
       0
       0
       0
       0
       0
       0
       0
       0
       0
       0
       0
       0
       0
       0
       0
       0
       0
       0
       0
       0
       0
       0
       0
       0
       0
       0
       0
       0
       0
       0
       0
       0
$ROI:
1
1509 1787
$PRESETS:
Live Time
1036800
0
$ENER_FIT:
-37.406231 1.986979
$MCA_CAL:
3
-3.740623E+001 1.986979E+000 0.000000E+000 keV
$SHAPE_CAL:
3
0.000000E+000 0.000000E+000 0.000000E+000
