Number of photons that left the target: 847550
Number of photons that interacted with the target: 580787
Number of photons that interacted with the target (2nd): 280139
Number of photons that interacted with the target (3rd): 129006
Number of photons that interacted with the target (4th): 52503
Number of photoelectric interactions: 26995
Number of photoelectric interactions (2nd): 50767
Number of photoelectric interactions (3rd): 46942
Number of photoelectric interactions (4th): 27746
Number of Compton interactions: 553792
Number of Compton interactions (2nd): 229372
Number of Compton interactions (3rd): 82064
Number of Compton interactions (4th): 24757
Number of photons that reached the detector: 392
Number of photons observed by the detector: 197
Detected Energies:
189.9976356433686
228.4736151059275
212.39582725901664
212.44862391180146
104.63142452097192
0.020809838934405474
223.18330808106558
170.2100659699381
226.0335690534932
216.61611003205448
232.39042226330693
199.57383883822393
211.07905747457883
225.54158658563068
228.06832052427555
218.61484871608488
35.508930996339174
230.37788744033784
28.611590405421648
95.86331865364738
232.34771692157406
231.55686414241106
136.04277993445976
212.38194413773954
221.9860723802789
208.54232403883762
222.27089878273006
123.66071886354398
126.45911573335255
109.89289367710823
224.5674073353732
6.074091140779447
118.41188663767669
92.12818740257488
226.53941401301975
151.99513823942146
207.69894302543304
186.42805753044465
204.4490360181675
223.28899794107843
0.03683992950479436
213.469777922182
90.71233238715867
92.51032119043191
160.86076692178204
212.2178601736332
214.1699800435584
163.91776339966
86.81293744737009
208.8845406786756
128.89522266965392
214.06111304348892
216.84586008376607
208.28256700517682
84.57921149596926
218.92330505001405
51.22337907825329
220.03592808879665
211.08033664823796
0.23480830553783685
0.7697370980146007
209.50632813927854
140.44048056972815
186.3354025245793
18.146027824621285
171.6740423826492
221.38732204210018
217.60373407128617
170.7330904631851
226.99782859878104
98.80892372306025
219.7288108795089
86.43056750433671
222.4004061939908
98.06084090878475
215.6961150019824
216.08007091806508
31.00912512430015
5.595692007500408
220.96105638407863
9.889684962239183
216.36216043741328
116.29247931049659
227.00253171449467
12.215675962540779
127.72750591343222
220.91953578047574
98.26625915763061
221.87215283060405
218.5747275030595
225.7424109096695
214.33376887368863
171.32212369994855
221.56878990842748
135.09044251032995
123.69649910103426
230.06133304871395
22.723798966220688
2.4254193911778157
163.2852529649998
219.57214649557835
202.99299385874318
207.12804383410338
124.99880666024103
216.50798638912528
231.86789942269593
229.52574362885306
182.6093775370205
81.76105397100031
82.80739223892657
151.74439544502349
217.13512414048557
213.79347283470707
95.5439266213311
229.90202433722442
105.74110775924164
212.48160258800536
230.19468200406186
196.6851361887768
106.13732065935356
215.96655367004743
217.70005599023432
224.76277115636435
133.68413197644628
210.0876312788229
224.5157969734837
231.18164961004166
216.6530563706267
225.70726659664788
225.07028491457518
129.0677248755462
210.4505459812892
228.31388887586604
219.66213308930315
209.0252862376881
3.150306115679426
221.88109274847184
217.98058811039465
215.24019930394996
217.9702654358283
233.9213276409968
226.75065660789704
218.8560165521538
221.98527466134647
217.31024777591927
0.013255463868783613
212.32771104586251
216.69127094047005
221.703159958009
237.4536746796837
143.76151916080684
220.8177813449081
7.7541279878399205
222.75089828732575
211.4188581418393
209.8551456750018
221.31205467188195
3.4512702108444473
5.709086129706623
141.43098681281265
221.77674102303422
9.381652095260707
237.02793193233612
214.79723491939248
219.95756103525935
234.78829376034983
210.99649200688089
213.3670586535091
231.7008703210374
133.7337835463166
214.95363768001684
214.04289315947412
212.5862161943559
209.9113244771388
99.53596308729824
80.05602394876118
219.84597394502507
210.59106497307255
206.8227445952937
217.72785329723408
223.90792437200435
11.99806829560415
87.79699097056022
137.57948982204783
128.5415080553892
129.46811044058677
209.99945079466497
214.071491095894
196.8490348566245
216.37780347838864
228.58987553149433
131.04347690129373
114.85584368070992
212.572010448935
171.7539824602668
222.64478484483428
214.97985340108872
True Detected Energies:
178.44938605766708
222.76777636348356
216.454492829998
224.19076771123318
102.30585048340895
0.01964890108794748
218.60149664494895
164.44934343989297
215.94868066687192
216.2594817809775
225.58946384319242
213.10500033733751
211.8974910829884
222.12943974280674
220.2789648133895
213.59380933177144
35.52067536217902
218.51864648905368
28.15186901820516
97.41906079046342
222.3003741048983
225.96423317364878
139.86962151446068
207.53535834822802
222.67285886247382
216.77110238740755
214.46443006608152
127.38196757790371
118.96481995649877
113.62726572555138
226.3991707832368
6.23656281109831
119.3848755859155
93.03908550032531
218.81254482250145
152.6861556319485
211.19724531559964
185.62125596784446
217.22865901589668
223.3483308253942
0.03714589047120853
214.52485080958493
95.20114150350965
93.38438812633592
174.74832007097538
212.87691979031314
216.73466177760855
165.7656898963024
92.23116191166005
213.81523367370974
128.17828127101768
222.2623988339425
216.32951695980006
212.9168032498684
79.25614891875617
212.75454340565008
50.542065560806066
218.86805200407625
212.69869706182024
0.23645772379444452
0.8061720323906059
203.4494638045737
135.49627080212838
188.898429406757
18.272838182797955
172.10713811577781
214.91162940310548
223.59281120487395
177.22386137150676
222.93718291011146
95.46150183160404
227.0896238043875
87.06133356813521
219.07939079562658
94.83731501861526
217.4899248262697
224.6014175594922
30.834068063930204
5.825589502870571
222.755521802291
10.418087073360681
212.19988513028594
116.71990236785787
226.86539436490298
11.769211080682993
129.2142621048861
217.38806213992046
97.77961451568717
213.68549182228753
215.80637473427154
226.9646993643935
217.1181713802047
169.43230659850184
219.36471242399182
136.1388959498844
125.86693754420635
217.29046396060028
22.997895677475924
2.4392576160612975
167.13170126082372
221.55882467152304
206.54118725974163
215.74650700221312
118.08440805151376
225.23069281714257
227.00881258508898
227.35395826509856
183.5200260706514
85.3877932863879
82.7371695047811
156.64012155701235
212.64248086284212
215.09833958723422
92.60948348797504
225.63727093723108
102.95755631334394
210.7336187669391
222.61339329646924
194.0587089506793
107.67570228324759
217.31172880479048
219.02635261369596
220.4074260770801
134.90564685611957
212.61668201248932
218.8531337462643
218.8267869192784
212.73159890923466
219.86599259154005
225.07872758938237
127.64864169186103
217.3646659056228
219.52216120637917
224.8820209254035
211.87730954981396
3.195320970341186
221.06933420251178
213.314319226474
207.91275899748186
214.9884178113542
224.79752858526817
226.2522624632454
224.7073050456489
218.2075552159311
217.46759706114926
0.013200174905676931
216.72686867109232
211.14407841445555
221.20490653303398
224.56174871379181
144.23680064207161
221.06727166311396
7.887810485789856
212.5282311329456
218.31358290923427
213.21826567671317
216.19126715493707
3.301378690718451
5.597594723240007
144.07096907929616
224.01959109915572
9.592525059955932
222.21509060852884
221.4751169720656
220.77530235969624
226.31668858474282
216.8496130691518
214.36188586153494
220.88636641923037
138.76103413241648
214.45349205173872
216.6067114479777
218.49079220030842
214.73068085630072
99.95744142339717
82.70998169016816
212.8608505690809
212.60405191351597
214.5886791511036
215.71110467307133
225.04999573659728
11.924805523845237
94.56043850063874
138.37267382615605
129.29271552404967
132.06970860080685
215.13913973545291
212.98057639580918
215.51247476624823
216.43833479706493
217.99878027627392
124.58559934707972
113.19985508878786
218.61228741471533
171.61762919196096
225.11169314724387
214.16182601715258
