Number of photons that left the target: 848012
Number of photons that interacted with the target: 580219
Number of photons that interacted with the target (2nd): 279850
Number of photons that interacted with the target (3rd): 129667
Number of photons that interacted with the target (4th): 52627
Number of photoelectric interactions: 26973
Number of photoelectric interactions (2nd): 50589
Number of photoelectric interactions (3rd): 47004
Number of photoelectric interactions (4th): 27422
Number of Compton interactions: 553246
Number of Compton interactions (2nd): 229261
Number of Compton interactions (3rd): 82663
Number of Compton interactions (4th): 25205
Number of photons that reached the detector: 383
Number of photons observed by the detector: 207
Detected Energies:
224.83366130301263
203.10253788556014
191.89142199522678
190.20671778657962
205.33336497130114
193.5733492556437
151.04556465209313
138.79488175653836
211.3303121420508
94.17031543586585
236.36461123505205
209.5821250105026
218.06306515294895
225.3734450708274
6.5690101801765675
128.889409386997
210.70967827333845
234.00437749193512
224.18285072482496
15.036405926596677
4.675286453407335
218.4789762311347
103.11179391789153
215.35030648124587
226.9862331895302
222.63391935531067
215.84784805146387
203.87479820593467
211.49181299387183
217.02984009460738
135.05324152174552
175.20953973180923
123.63976990386666
223.2129386373898
37.97100859044633
217.60533566313146
149.34020208053056
198.1580695983943
3.1598486247096305
74.52910029008443
217.84237965595867
220.7448741096076
221.27717659583993
216.79152055084103
223.54316486321324
232.05656472540423
216.46894061751792
210.55180639244384
102.2492534438985
97.47756435818894
214.7675742665023
0.6731052900069447
167.16602519863096
228.50004251421774
210.2789284946845
225.72784774354167
34.06855570126633
219.73187261292682
210.45121208691623
3.331091501267089
216.88087120310104
223.77767314223556
209.25770456685544
224.99514539341843
158.67466962535178
207.72237588864297
175.69958027513414
64.90674835663269
103.09839029498798
212.02103072700575
204.4672810768319
223.61440167447822
201.51008155900186
215.3758537490486
231.23759428409645
219.16832294474523
238.96416005884097
209.08802074713316
133.4172573843711
208.0162252799839
199.886675239302
190.9236239786369
221.39401560683152
217.093745375788
4.324010161735412
191.47332166150318
183.99895751626642
218.66905354252054
215.63167622706578
90.3110858560647
224.03762613239724
213.34623229420586
220.6786629461272
223.84829936584433
116.31149236813621
184.5451199516435
18.31545413930585
224.947306005745
176.21292857567784
12.370485523321223
224.98344134858522
152.17668002729394
217.54922420532395
213.04518365115186
173.14508779892662
244.19012700928542
223.47968648971715
206.09824146579024
224.50963144812837
118.52636345340383
10.878221362155184
211.45488626583978
141.98881329586786
201.39320823707544
11.928382761502023
215.91333144766722
223.06778463648862
209.8308025857357
87.83982581239808
213.14640852016055
177.55280045562336
220.4871975943708
135.44406971461675
228.66450368024968
220.36544634049346
232.8934765412867
232.41640082085763
221.8177639464874
187.99926201725827
210.0631962665372
133.59671273736978
208.61134880840166
1.1247195822174252
211.96996244184572
131.22795620214924
217.54923666487034
210.3813160825322
138.27797190298426
219.6195911401272
15.113715795269881
222.09906790407717
228.87050851050464
36.786797801529005
126.12763702068315
15.123304800785611
123.4650369183115
223.29962793003153
222.99356580490854
207.31079513522812
218.48393663898392
219.21915554000338
213.94890888819197
227.03306705068223
211.80082241847637
208.74886088440158
208.83389185029787
87.36643008057948
227.1037601790058
234.50986105258016
128.8444944507561
221.67172115037403
218.4564389139217
228.87105152896947
223.77367080487147
208.93908142159944
216.1469173356895
0.05164870127520288
19.63215833004209
226.61195032718763
64.82684531612459
210.37663474373264
51.50061507137485
224.62983470060738
212.801823194143
219.37253977914762
213.2147829349841
166.2767344885933
213.517447753189
214.11808344542342
232.84809429220513
233.90848794905503
216.38256384121226
222.22309122468138
208.14754137199674
220.91949228246256
210.61987066861974
226.3566166145398
106.51663690358077
86.20176712341183
1.7109855864641303
30.635896750413856
145.9128389899205
223.17243686686828
105.21827908485166
178.7811069325219
1.9765447793549513
137.08530321554272
224.4356285173615
209.49590317010964
222.05111475538703
220.97369001438656
120.9671361474072
223.5850741721341
214.85442584341203
91.55175546759953
224.23693305506748
221.74517931353915
True Detected Energies:
215.89044864473288
214.1983461278741
186.6016994746312
192.79494640778353
212.50272364222158
189.893843167353
152.49435044179725
141.69907514788736
215.7958387748057
95.08871286805098
223.13000336617966
219.5192694944401
220.20894463841844
225.3358192815218
6.308450444759416
133.7843067296974
219.56936243486956
226.07100928642174
221.04397266630585
14.920048840595797
4.706104118282923
215.999696433519
98.10575885495574
213.8753738160431
217.39188605621828
219.11306310317332
213.7019325688282
206.3752673610403
218.52707854685252
201.48040016844362
132.4470464768171
178.68210151842717
128.50173542139945
216.76224828220555
38.51249501650065
212.5878540615383
146.80463389517965
203.76558900342468
3.191237042009192
72.52960955339111
212.97672979520456
221.41223344074552
216.41110039027706
223.70691978067447
213.48040994709132
217.86283114862894
215.17528581386998
217.5010453655016
103.78083629869074
98.69652104693205
219.41179430316618
0.6834206222685566
176.2478705173786
217.8677753180453
215.5292662327365
226.82140501670403
34.848449979140184
221.0191409307684
209.5193656838625
3.3447335858773215
224.33457691534693
226.44351910039637
214.91104528970047
221.70968244855678
170.96737092228574
206.2591881999214
182.37799244294735
64.53239152836991
106.92381040250565
218.61983953719792
216.23046583546721
216.7470174809183
210.57526805369525
213.44290483208894
223.53751878246402
215.05424521834976
224.22925037706358
213.95352071274857
134.92845284810537
217.23584062573778
205.30991978369053
186.65633156370055
217.9477536278072
215.0392045952293
4.353298132572775
177.78041289054522
182.8030142180526
223.7119226296911
218.44255594182889
90.74580780344036
220.57512717172793
220.8048974725743
216.70715128692294
221.1941578925119
123.00905794594898
185.199519279356
18.193910513023326
225.6655011932161
173.27344143926123
12.439279771586342
218.46767871425146
151.38069023799997
215.1617666046799
225.16567646807877
181.0555236696831
224.34257000141068
223.6831635851863
217.96119620561194
221.00001018893857
118.55319606013677
10.384648289694127
215.7763347392871
139.07762703406354
200.8843173836368
11.617847099945863
223.35381384784705
213.26738241182161
212.65227093731406
90.89744198428274
223.65722753871802
174.1391674082585
216.22625848889103
136.61817272017453
221.1236315960669
213.80370953276872
221.24890588425535
223.41151135173044
221.79124610050837
181.70808490094763
220.32932000829092
134.24972913014855
212.86933965760474
1.1194809550079299
215.18937841368808
135.90262709301533
217.7676978514895
216.01400763577615
132.97318275584234
220.6982754043528
14.82596923143177
212.59064834156558
224.73013683982074
36.70948185637293
128.6953607604932
16.300254558077057
124.63775444380035
216.12513500177909
223.331185950476
217.87167931188853
222.05140293913968
214.5060620529026
215.01507658440855
217.93866606557137
213.61568690584198
215.18010022568853
223.69390965934
85.36963147317576
219.26413352432724
219.6650917060196
128.08656131040553
220.1092794992739
213.18980657305863
225.9817577196787
216.7166886673537
213.26182560979146
215.80240105552164
0.05473076399854904
19.264084915659993
221.090531755628
64.27851173180372
209.42141864626512
51.0642846653181
221.89480109299447
212.99555919271165
218.8801377698371
212.1014329112451
163.84570117647007
216.44812232926822
219.4818278479199
224.13183798361922
222.40206658877585
208.5041559770673
219.8140908189906
217.744019855366
215.93112666290182
214.44309994339076
220.63422620322726
109.53138517270004
84.71290197585657
1.6667188504455623
29.738548719886808
142.58303700996646
224.07923343121587
101.56883087391711
171.0331399286744
1.9061570670884578
137.64228922462428
220.91949395855121
212.48910543940485
219.00434033327292
218.45178284498948
119.40816102913308
221.59884349693672
211.50927324794839
92.26575558356313
215.5178152956504
219.28971124606244
