$SPEC_ID:
This is sample 047.
$SPEC_REM:
DET# 1
DETDESC# DIP1456 PCI-Trump SN 253
AP# Maestro Version 7.01
$DATE_MEA:
11/13/2024 15:24:12
$MEAS_TIM:
29 31
$DATA:
0 2047
       0
       0
       0
       0
       0
       0
       0
       0
       0
       0
       0
       0
       0
       0
       0
       0
       0
       0
       0
       0
       0
       0
       0
       0
       0
       0
       0
       0
       0
       0
       0
       0
       0
       0
       0
       0
       0
       0
       0
       0
       0
       0
       0
       0
       0
       0
       0
       0
       8
      44
      57
      71
      58
      44
      55
      70
      52
      68
      69
      69
      72
      51
      58
      55
      60
      68
      69
      58
      63
      48
      65
      56
      72
      79
      55
      63
      58
      50
      50
      65
      67
      55
      53
      57
      57
      59
      65
      74
      57
      65
      63
      55
      60
      78
      80
      84
      63
      50
      70
      63
      61
      56
      66
      64
      68
      72
      55
      59
      59
      59
      69
      51
      68
      55
      49
      64
      64
      57
      44
      48
      64
      75
      64
      64
      49
      59
      72
      63
      53
      45
      76
      63
      56
      66
      46
      70
      61
      61
      58
      57
      61
      56
      61
      70
      62
      51
      58
      64
      68
      77
      66
      61
      68
      48
      69
      63
      73
      60
      70
      64
      77
      67
      53
      79
      67
      47
      71
      63
      73
      74
      63
      65
      65
      67
      67
      53
      62
      74
      63
      58
      57
      55
      61
      74
      67
      66
      59
      77
      76
      72
      62
      46
      61
      59
      81
      77
      62
      68
      66
      69
      68
      47
      68
      60
      61
      69
      80
      56
      62
      59
      58
      54
      65
      70
      64
      70
      57
      60
      48
      67
      82
      65
      65
      59
      69
      55
      63
      70
      59
      58
      52
      75
      64
      70
      60
      66
      67
      64
      59
      66
      64
      73
      72
      80
      55
      63
      68
      75
      59
      57
      76
      61
      71
      57
      62
      79
      65
      77
      60
      65
      75
      63
      59
      58
      68
      69
      69
      70
      77
      72
      64
      79
      72
      65
      72
      61
      68
      61
      72
      60
      76
      63
      73
      89
      76
      59
      73
      73
      79
      84
      64
      71
      68
      58
      60
      68
      58
      61
      72
      77
      74
      71
      79
      62
      88
      70
      76
      77
      66
      77
      71
      68
      91
      50
      69
      83
      55
      67
      70
      67
      79
      80
      85
      86
      66
      68
      80
      79
      73
      97
      71
      75
      78
      66
      73
      68
      91
      76
      72
      78
      74
      75
      69
      67
      74
      84
      91
      88
      86
      86
      65
      79
      97
      84
      88
     101
      85
      85
      94
      85
      91
     108
      87
      85
     111
      87
      95
      86
      95
     102
      88
      91
      95
      93
      97
     121
     105
     112
      83
      93
     103
      98
     108
     102
     128
     122
     111
     123
      92
     117
     116
     115
     128
      84
     110
     101
      97
     102
     103
      98
      98
     110
     113
     100
     109
     115
     104
      91
     107
     105
      99
      80
      95
      92
     106
     104
      91
      98
      98
     101
      74
     104
     100
      88
     103
     102
      84
      83
      78
      97
      68
      97
      85
      88
      85
      82
      92
      78
      72
      80
      86
     102
      73
      70
      74
      87
      77
      83
      73
      85
      84
      75
      80
      83
      87
      90
      73
      71
      63
      76
      86
      77
      74
      97
      89
      72
      74
      79
      86
      81
      82
      78
      82
      76
      83
      70
      79
      76
      62
      72
      84
      93
      77
      86
      73
      73
      73
      83
      67
      91
      62
      62
      76
      71
      80
      76
      74
      81
      60
      81
      62
      54
      70
      67
      79
      77
      72
      67
      76
      72
      92
      72
      67
      68
      78
      62
      73
      69
      59
      70
      78
      59
      73
      74
      57
      65
      72
      69
      57
      62
      54
      51
      79
      62
      52
      60
      61
      66
      57
      71
      70
      54
      53
      70
      66
      70
      65
      81
      75
      64
      73
      86
      61
      60
      59
      54
      73
      65
      71
      73
      63
      54
      74
      65
      69
      62
      63
      87
      58
      61
      58
      77
      66
      57
      66
      75
      69
      70
      59
      57
      68
      69
      60
      57
      65
      74
      55
      74
      63
      68
      61
      72
      60
      69
      65
      54
      61
      60
      57
      59
      60
      52
      58
      71
      50
      62
      54
      67
      73
      59
      72
      51
      59
      57
      47
      54
      55
      63
      56
      67
      57
      61
      63
      54
      49
      56
      64
      49
      68
      53
      55
      62
      41
      44
      55
      57
      61
      51
      51
      47
      74
      61
      38
      58
      53
      59
      64
      60
      70
      71
      60
      54
      55
      61
      58
      57
      51
      61
      48
      48
      59
      49
      67
      56
      67
      49
      54
      55
      52
      58
      62
      53
      64
      46
      45
      49
      47
      62
      45
      70
      56
      36
      47
      50
      50
      48
      43
      56
      45
      49
      53
      45
      41
      41
      54
      46
      35
      55
      49
      49
      53
      45
      45
      36
      37
      37
      41
      42
      30
      39
      43
      35
      48
      43
      39
      30
      35
      39
      31
      26
      33
      35
      42
      39
      25
      37
      40
      42
      40
      36
      47
      31
      28
      28
      29
      36
      21
      25
      25
      24
      31
      25
      20
      28
      30
      34
      22
      19
      20
      27
      26
      20
      25
      25
      20
      18
      31
      15
      23
      26
      30
      29
      12
      22
      26
      17
      21
      26
      20
      25
      25
      17
      25
      27
      26
      16
      18
      22
      25
      20
      21
      22
      20
      23
      12
      14
      19
      19
      28
      22
      17
      23
      16
      19
      17
      21
      23
      14
      14
      15
      25
      25
      13
      17
      11
      14
      20
      15
      22
      16
      16
      17
      17
      17
      17
      18
      14
      14
      12
      11
      14
      13
      16
      15
      15
      20
      11
      14
      14
      14
      21
      15
      19
      13
      14
      16
      26
      10
      12
      14
      14
      18
       7
      19
       9
      12
      21
      13
      13
      14
      17
      11
      11
      14
      15
      18
      12
      12
      14
      17
      16
      13
      15
      12
      15
      15
      16
      14
      15
      13
      13
      10
      17
      17
      14
      15
       8
      10
      17
      24
      12
      15
      14
      17
      11
      11
      15
      16
      16
      13
      16
      19
      14
      12
      14
      16
      18
      13
      21
      12
      14
      10
      12
      10
       7
       9
      14
      19
      13
      18
      12
      13
      11
      13
      13
      20
      17
      19
      21
      12
      16
      15
      20
      16
       9
      20
      18
      16
      19
      19
      16
      23
      13
      19
      16
      24
      15
      15
      28
      17
      25
      15
      16
      18
      16
      18
      22
      12
      22
      23
      21
      24
      20
      22
      19
      20
      22
      23
      23
      22
      27
      23
      21
      29
      17
      30
      27
      36
      37
      21
      28
      32
      37
      36
      28
      37
      43
      45
      41
      40
      54
      49
      35
      32
      42
      44
      46
      42
      50
      45
      52
      61
      65
      60
      64
      57
      59
      77
      60
      70
      78
      83
      65
      77
      77
      83
      69
      97
      90
      89
     107
     102
     100
     107
     119
      91
     105
      96
     125
     116
     124
     126
     115
     112
     140
     117
     145
     130
     147
     150
     155
     134
     160
     162
     121
     140
     143
     166
     156
     153
     160
     160
     187
     192
     198
     185
     198
     169
     197
     159
     178
     175
     173
     183
     171
     191
     213
     189
     199
     181
     194
     192
     197
     169
     209
     210
     181
     194
     184
     181
     196
     179
     179
     196
     175
     186
     177
     209
     157
     173
     191
     161
     155
     191
     170
     177
     170
     147
     158
     165
     147
     140
     171
     164
     163
     129
     152
     149
     143
     119
     123
     140
     138
     112
     123
     101
     124
     118
     102
      96
     101
      98
      89
     107
     107
     102
      85
      96
      70
      91
      93
      81
      94
      79
      66
      66
      73
      66
      62
      59
      53
      60
      60
      52
      47
      48
      44
      32
      47
      41
      47
      40
      47
      33
      38
      31
      35
      31
      33
      28
      37
      33
      24
      24
      23
      19
      22
      23
      24
      21
      22
      25
      17
      15
      13
      14
      20
      16
      19
      13
      17
       7
      13
      14
       6
       7
      16
      20
      10
      11
       5
      11
      12
      15
      10
       8
       8
       8
       6
       9
       9
      13
       7
       7
      13
       9
       8
      10
       9
       7
      12
       7
       6
       9
       9
      10
       3
      13
      10
       6
       9
       5
       6
       9
       7
      11
       6
      11
       6
       6
       8
      11
      11
       5
      14
       7
       5
       5
       3
      11
       5
       9
       8
      10
       6
       7
      10
       4
       5
       6
       6
      10
      10
       5
       8
       2
       7
       6
      11
       4
       8
       9
       8
       5
      10
       3
       5
       7
       4
       8
      10
      11
      12
       7
       4
       9
       7
       6
       3
       6
      12
       8
       9
       9
       9
      14
       9
       6
       6
       7
       9
      10
      13
       6
      12
       6
       4
      14
       7
       8
      13
       6
      10
       5
       6
      12
       5
      10
       5
       8
       9
       4
       4
      14
       9
      12
       3
      10
       6
       8
       8
       4
       7
      10
       5
       6
       7
       8
      11
       7
       6
      10
       5
      11
       6
      10
       2
       9
       9
       6
      11
       9
      10
      14
       8
       8
       5
       8
      11
       7
       6
       9
       4
       8
       7
       7
       6
       9
       8
      12
       7
       7
       6
       4
       6
       5
       5
       7
       5
       9
       6
       5
       9
      11
      14
       4
      10
       5
      12
       5
       8
       9
       7
       8
       6
      12
       7
       5
       5
       7
       3
       3
       7
       6
      11
      13
      12
      13
       7
       7
      10
      11
       8
       9
       6
       8
       7
      17
       8
      10
       3
       6
       7
       4
      10
       7
       9
       7
      12
       9
       8
       6
      10
      10
      12
      10
       6
      10
       9
       5
       6
       4
       9
      10
       8
       6
      11
       6
      13
       8
       4
      11
       8
       5
       9
       9
       5
       5
      10
       9
      11
       8
       6
       5
       8
      13
       9
       7
      10
       9
       7
       3
       9
       9
       5
       8
      10
       6
       5
      11
       8
       5
       8
      11
      12
       7
       8
       3
      10
      10
       8
      10
       8
       5
       4
       9
       7
       5
       8
       9
       8
       9
       9
      12
       9
       9
      11
       8
      11
       5
       5
       6
       5
      13
      12
       8
       9
       9
       9
      13
       4
       8
       6
      13
       6
       8
      15
      11
       2
       8
       7
       8
       7
       8
      12
      14
      10
       8
      11
       7
       6
      11
      13
       9
       9
       8
      14
       5
       5
       7
       9
      13
       9
      11
       9
       9
       7
       2
      11
       7
      12
      16
       6
       8
       5
      14
       4
       4
      12
       4
      10
      12
       4
       5
       5
       5
       9
       8
       6
      13
       9
       7
      18
      12
       6
       5
       4
       9
       5
       5
       7
      10
       9
       7
      11
       8
       7
      10
      10
       5
       8
       9
       8
       6
       9
       4
      16
      10
      14
      11
      11
       8
       8
       5
       9
       4
       9
       7
       6
       9
       9
       5
       9
      10
       4
       9
       4
       6
       4
       9
       7
       9
       9
       7
       7
      10
       6
       4
      11
       7
      13
       5
       8
       9
       9
      11
      12
      10
       8
       8
       9
       8
      17
       6
      13
       9
       1
      13
       8
      12
      12
      18
       7
      12
       8
       9
       7
       9
       9
       6
       7
       8
       8
       6
       7
       6
      13
       7
      12
       7
      12
       6
       8
       5
       9
       7
       8
      10
      10
      15
       5
       5
       7
       6
       8
       5
      16
       8
      12
      14
       8
       6
      11
       9
      15
       7
       9
       6
      12
       8
      10
      12
       9
       5
       7
       3
       6
       5
       4
       7
      10
       7
      11
      15
      14
       8
       6
      10
      15
       9
      12
      11
       7
       7
      10
       5
      15
       4
       4
       4
       7
      13
       7
      10
      15
       9
      16
       7
      13
       8
      14
       6
       8
      13
       7
       8
       8
       5
      10
      12
       4
       9
       5
      12
      11
      11
       6
      10
       3
       7
      16
      13
       8
       7
       6
      11
       5
       8
      13
       9
       7
       6
       7
       8
       2
       5
      13
      10
       6
       6
       6
       7
      20
       6
       8
       2
       9
      10
       7
      13
      13
       8
       7
       9
       9
       7
      17
       6
      14
       9
       7
       4
       9
       9
       9
      12
      13
      15
       3
      10
       8
      13
       7
       4
       8
      12
      10
       9
       8
      14
       8
       7
       6
      11
      11
      11
       6
       6
       9
       9
      16
      11
      15
      12
       6
      10
       8
      10
      14
      13
      13
      13
      11
       8
       4
       7
       9
       5
       7
       7
      11
      11
       9
       6
       4
      10
       4
       9
       9
      13
       9
      11
      10
      10
       8
       9
      12
      12
      15
      14
       6
      10
      14
      10
       9
       9
       9
      11
       7
       9
      13
      12
      10
      14
       6
      10
      13
      10
       5
       9
      11
       9
      13
      18
      12
       6
      12
      10
      11
      12
      11
      14
      12
      20
       9
       5
      14
      10
      12
       8
       9
      10
      12
      12
      10
       7
      13
      11
       8
       9
      10
      14
      12
       8
      12
      13
      12
       7
      13
       6
       8
       7
      11
      12
      14
      12
       9
      14
      12
       4
      11
      10
       9
       7
      12
       8
      10
       8
      11
      14
      13
      14
      10
       8
       9
      11
      11
      12
      13
      13
      12
      12
      12
      19
      13
       9
       8
      11
       9
       8
      11
      15
      11
      12
      12
       8
      13
      11
      11
       9
      11
      13
      11
      18
      10
      12
      12
      17
       8
       8
      11
      13
      13
      12
      16
       7
      12
      17
       8
      10
       7
       7
       9
       9
       9
      11
       9
       8
       8
      15
      10
      12
      27
      25
      28
      17
      24
      30
      23
      20
      19
      29
      23
      20
      27
      23
      25
      18
      14
      20
      12
      11
      10
      15
      21
      14
      13
       9
      13
      14
      15
       9
       6
       9
       7
      16
      12
       5
       7
       3
       7
       6
      11
      11
      10
       2
       3
       8
$ROI:
1
965 1193
$PRESETS:
Live Time
1036800
0
$ENER_FIT:
-37.406231 1.986979
$MCA_CAL:
3
-3.740623E+001 1.986979E+000 0.000000E+000 keV
$SHAPE_CAL:
3
0.000000E+000 0.000000E+000 0.000000E+000
