$SPEC_ID:
This is sample 102.
$SPEC_REM:
DET# 1
DETDESC# DIP1456 PCI-Trump SN 253
AP# Maestro Version 7.01
$DATE_MEA:
01/19/2025 07:56:14
$MEAS_TIM:
1200 1232
$DATA:
0 2047
       0
       0
       0
       0
       0
       0
       0
       0
       0
       0
       0
       0
       0
       0
       0
       0
       0
       0
       0
       0
       0
       0
       0
       0
       0
       0
       0
       0
       0
       0
       0
       0
       0
       0
       0
       0
       0
       0
       0
       0
       0
       0
       0
       0
       0
       0
       0
       0
       0
       0
       0
       0
       0
       1
      21
      18
      30
      28
      24
      29
      25
      32
      23
      25
      25
      30
      31
      29
      31
      23
      28
      25
      25
      25
      32
      25
      32
      37
      33
      33
      32
      33
      30
      39
      30
      21
      32
      27
      30
      35
      33
      40
      32
      28
      27
      26
      32
      36
      29
      31
      27
      36
      24
      38
      32
      27
      29
      32
      33
      31
      30
      25
      21
      34
      28
      17
      27
      33
      28
      26
      34
      27
      18
      32
      22
      39
      37
      27
      39
      31
      35
      31
      20
      31
      34
      23
      27
      37
      26
      38
      36
      31
      31
      40
      27
      28
      29
      27
      39
      32
      35
      23
      29
      30
      30
      35
      35
      36
      34
      25
      42
      30
      27
      27
      26
      29
      29
      28
      29
      31
      26
      31
      32
      32
      40
      31
      37
      36
      35
      35
      22
      35
      31
      35
      34
      37
      34
      25
      38
      35
      26
      22
      41
      36
      33
      29
      29
      23
      35
      33
      33
      33
      44
      27
      34
      32
      33
      35
      42
      32
      34
      35
      31
      28
      29
      31
      40
      35
      35
      37
      28
      39
      36
      22
      26
      17
      38
      38
      33
      21
      36
      41
      37
      38
      26
      27
      36
      35
      34
      32
      28
      34
      31
      32
      37
      28
      30
      39
      29
      27
      34
      28
      27
      32
      33
      27
      29
      34
      30
      29
      22
      29
      31
      29
      29
      29
      43
      36
      34
      35
      36
      27
      39
      33
      27
      29
      33
      32
      35
      32
      31
      34
      33
      30
      33
      27
      29
      25
      35
      34
      46
      26
      35
      32
      40
      36
      33
      39
      31
      34
      32
      41
      24
      22
      29
      28
      32
      25
      33
      43
      26
      29
      25
      27
      26
      17
      26
      24
      28
      32
      28
      31
      29
      29
      39
      36
      37
      26
      26
      21
      33
      35
      34
      24
      32
      27
      33
      36
      21
      34
      39
      32
      34
      29
      40
      29
      30
      30
      42
      40
      28
      34
      29
      28
      34
      41
      36
      34
      27
      35
      37
      32
      40
      33
      34
      40
      33
      28
      43
      37
      23
      42
      28
      32
      38
      20
      37
      29
      36
      49
      17
      37
      26
      31
      39
      35
      44
      31
      32
      23
      35
      32
      29
      32
      32
      23
      34
      29
      39
      23
      24
      27
      28
      39
      31
      41
      26
      30
      26
      27
      40
      32
      33
      42
      35
      24
      28
      38
      21
      30
      32
      26
      32
      19
      40
      28
      23
      26
      35
      30
      34
      34
      35
      37
      32
      31
      22
      23
      29
      37
      30
      34
      26
      26
      31
      32
      25
      39
      35
      31
      45
      42
      43
      42
      25
      34
      31
      26
      33
      32
      27
      25
      26
      49
      34
      37
      33
      30
      35
      30
      46
      34
      31
      46
      27
      31
      31
      29
      35
      29
      34
      31
      30
      37
      29
      29
      37
      28
      35
      33
      30
      26
      30
      34
      32
      43
      30
      39
      35
      32
      38
      33
      31
      37
      34
      23
      35
      30
      31
      38
      39
      26
      40
      36
      32
      35
      27
      28
      38
      48
      28
      32
      33
      49
      37
      39
      35
      30
      29
      34
      37
      38
      31
      41
      39
      42
      41
      31
      31
      34
      40
      34
      33
      30
      35
      28
      38
      30
      43
      26
      30
      37
      33
      30
      38
      26
      36
      36
      24
      38
      21
      35
      36
      28
      19
      26
      29
      35
      26
      34
      23
      25
      23
      39
      23
      24
      37
      34
      37
      26
      32
      36
      39
      31
      29
      25
      25
      29
      36
      30
      33
      30
      27
      42
      35
      41
      37
      42
      47
      28
      29
      33
      33
      35
      26
      30
      35
      31
      26
      34
      46
      33
      40
      27
      37
      26
      31
      37
      34
      34
      29
      30
      31
      35
      21
      35
      34
      31
      25
      30
      30
      37
      31
      29
      40
      38
      32
      24
      27
      25
      30
      21
      30
      42
      30
      31
      32
      47
      31
      36
      37
      38
      35
      28
      26
      29
      27
      35
      28
      32
      33
      31
      31
      26
      25
      26
      29
      34
      29
      30
      42
      43
      29
      25
      24
      29
      30
      30
      27
      36
      32
      20
      30
      30
      27
      33
      30
      33
      28
      27
      28
      29
      35
      28
      26
      28
      36
      35
      40
      29
      42
      33
      31
      24
      31
      38
      31
      29
      25
      30
      26
      36
      27
      40
      28
      33
      36
      26
      36
      40
      39
      38
      32
      32
      31
      33
      32
      30
      31
      29
      36
      33
      29
      32
      19
      35
      36
      34
      35
      33
      46
      25
      23
      39
      27
      23
      31
      21
      24
      21
      29
      29
      27
      36
      34
      20
      40
      31
      22
      34
      44
      39
      34
      29
      30
      22
      33
      37
      25
      33
      37
      35
      34
      36
      33
      28
      43
      26
      31
      29
      38
      30
      40
      25
      33
      37
      30
      28
      31
      25
      24
      42
      38
      34
      34
      41
      32
      34
      25
      35
      46
      32
      33
      27
      44
      27
      36
      45
      28
      44
      39
      38
      35
      31
      34
      33
      36
      44
      35
      42
      30
      30
      39
      37
      38
      37
      32
      32
      37
      28
      39
      25
      23
      30
      35
      41
      31
      37
      46
      34
      35
      34
      28
      33
      28
      35
      33
      31
      25
      31
      32
      35
      35
      37
      39
      35
      29
      28
      33
      32
      29
      32
      32
      30
      35
      43
      39
      41
      30
      43
      28
      38
      44
      36
      51
      27
      38
      27
      45
      38
      36
      35
      43
      39
      43
      35
      34
      39
      33
      33
      22
      31
      39
      30
      37
      29
      26
      32
      47
      34
      30
      30
      38
      41
      33
      34
      40
      36
      25
      37
      32
      28
      35
      36
      31
      26
      31
      29
      33
      29
      22
      29
      41
      29
      26
      32
      34
      24
      24
      20
      30
      25
      27
      25
      22
      22
      17
      15
      16
      27
      25
      20
      23
      18
      17
      25
      17
      16
      24
      14
      21
      16
      17
      18
      26
      10
      22
      10
      18
      16
      16
      18
       9
       7
      11
      12
      20
      16
      13
      14
      10
       7
      15
      11
      12
      12
      15
      17
      10
      10
      14
       6
      10
       6
       6
       9
       9
       9
       7
       6
      13
       8
      10
      13
       4
       8
       6
      11
       9
       9
       9
       7
      10
       4
       5
       9
       6
      12
       4
      13
       3
       7
      12
       5
       4
       9
       8
       4
      10
       8
       2
       9
       9
       7
       4
       5
       1
       6
       5
       9
       7
      10
       7
       6
       7
       4
       3
       9
       5
      13
       5
       3
       7
       4
       6
       6
       5
       2
       4
       7
       8
       5
      10
       5
       5
       6
       4
       5
       6
       2
       5
       7
       8
       2
       4
       9
       4
       3
       0
       4
       6
      11
       5
       2
       5
       4
       2
       6
       3
       5
       4
       3
       9
       6
       1
       3
       5
       6
       4
       2
       6
       8
       2
       2
       1
       5
       6
       3
       6
       3
       6
       2
       2
       7
       3
       3
       5
       4
       5
       0
       5
       1
       0
       7
       7
       5
       4
       7
       4
       5
       2
       2
       4
       1
       4
       1
       1
       3
       3
       5
       1
       4
       2
       3
       3
       4
       3
       2
       3
       6
       0
       2
       2
       2
       3
       2
       3
       1
       3
       2
       2
       4
       3
       4
       4
       5
       2
       5
       5
       2
       1
       3
       4
       5
       0
       2
       2
       2
       1
       5
       7
       2
       2
       2
       1
       2
       4
       4
       4
       2
       4
       5
       4
       2
       3
       2
       3
       2
       3
       1
       7
       6
       2
       3
       4
       1
       4
       2
       0
       1
       4
       5
       3
       2
       0
       4
       4
       3
       7
       8
       0
       0
       2
       2
       2
       4
       2
       2
       5
       1
       4
       4
       2
       3
       4
       2
       3
       2
       2
       2
       2
       3
       2
       3
       5
       2
       1
       5
       1
       1
       0
       0
       5
       4
       3
       2
       4
       3
       1
       4
       5
       3
       2
       2
       0
       4
       0
       1
       3
       2
       4
       3
       2
       2
       1
       4
       1
       2
       8
       5
       5
       6
       3
       7
       2
       6
       2
       6
       3
       5
       1
       0
       2
       7
       3
       2
       4
       4
       1
       6
       2
       3
       5
       5
       4
       2
       3
       4
       8
       0
       9
       7
       4
       6
       6
       8
      10
      10
       5
       6
       5
       6
       6
       8
       9
       5
       7
       4
       8
       9
       9
      17
       7
      14
      10
      16
      17
      12
      17
      13
      15
      24
      24
      20
      32
      23
      22
      25
      30
      27
      37
      30
      38
      35
      33
      44
      32
      53
      60
      53
      55
      69
      49
      43
      69
      70
      66
      68
      70
      84
      87
      75
      71
      91
     108
      96
      88
     104
      99
     124
     131
     120
     119
     141
     151
     130
     145
     167
     160
     165
     182
     168
     182
     203
     200
     205
     214
     188
     193
     219
     209
     229
     246
     247
     251
     246
     256
     264
     270
     294
     282
     258
     306
     305
     300
     345
     337
     324
     325
     342
     339
     341
     348
     341
     348
     382
     372
     365
     397
     359
     387
     389
     407
     421
     414
     414
     438
     423
     414
     445
     411
     459
     421
     397
     428
     445
     451
     426
     457
     480
     421
     409
     433
     441
     430
     460
     451
     451
     432
     424
     431
     446
     449
     415
     431
     416
     436
     403
     396
     432
     400
     414
     406
     431
     362
     368
     387
     298
     385
     352
     367
     365
     309
     313
     284
     340
     351
     334
     305
     281
     295
     301
     264
     257
     246
     245
     225
     255
     226
     259
     205
     209
     189
     205
     184
     202
     198
     177
     175
     168
     145
     149
     157
     140
     147
     135
     141
     127
     100
     126
     113
      90
     125
      96
      94
     109
      78
     103
      76
      70
      74
      56
      73
      72
      65
      53
      46
      55
      43
      46
      45
      44
      51
      45
      25
      38
      36
      31
      41
      26
      22
      26
      18
      24
      27
      21
      23
      31
      20
      16
      12
      23
       9
      15
      15
       7
      10
      12
      11
       7
       6
      10
       9
       8
       2
       8
       7
       6
       3
       7
       3
       3
       6
       4
       1
       5
       6
       1
       0
       4
       4
       2
       2
       4
       3
       2
       3
       1
       1
       3
       1
       1
       2
       0
       0
       0
       3
       1
       3
       2
       3
       1
       0
       0
       0
       1
       1
       0
       0
       0
       1
       0
       0
       1
       1
       1
       1
       0
       0
       1
       0
       0
       0
       2
       1
       1
       4
       1
       2
       1
       0
       0
       1
       3
       0
       1
       0
       1
       1
       1
       0
       2
       0
       0
       2
       1
       2
       0
       1
       0
       2
       0
       1
       2
       0
       1
       1
       1
       0
       1
       1
       1
       1
       0
       1
       2
       0
       2
       0
       2
       0
       1
       1
       0
       0
       1
       1
       2
       3
       0
       3
       1
       3
       0
       0
       0
       0
       0
       1
       1
       0
       2
       1
       1
       1
       2
       1
       1
       2
       1
       0
       3
       0
       2
       1
       2
       1
       1
       0
       1
       0
       1
       0
       1
       3
       1
       1
       0
       1
       0
       1
       2
       3
       1
       2
       0
       1
       1
       0
       0
       0
       0
       1
       1
       1
       0
       0
       2
       1
       0
       1
       1
       1
       0
       0
       0
       0
       0
       1
       1
       0
       0
       1
       0
       1
       0
       0
       0
       2
       0
       2
       0
       2
       0
       0
       1
       0
       0
       0
       1
       0
       2
       2
       1
       0
       0
       1
       0
       0
       0
       1
       0
       0
       1
       1
       0
       1
       0
       3
       0
       2
       0
       0
       1
       0
       0
       1
       0
       0
       0
       2
       0
       2
       2
       0
       1
       2
       2
       0
       2
       0
       0
       0
       2
       1
       0
       1
       0
       0
       1
       0
       0
       1
       3
       0
       0
       0
       0
       0
       0
       1
       0
       2
       1
       1
       1
       0
       1
       1
       0
       0
       1
       1
       2
       0
       1
       0
       0
       1
       0
       0
       1
       0
       0
       0
       1
       1
       2
       0
       1
       1
       2
       0
       0
       0
       1
       0
       2
       0
       1
       2
       0
       0
       1
       1
       1
       1
       0
       0
       0
       0
       0
       0
       0
       0
       0
       0
       0
       0
       2
       0
       0
       0
       1
       1
       2
       1
       1
       0
       0
       0
       0
       0
       0
       0
       1
       0
       0
       1
       0
       0
       1
       1
       1
       0
       2
       1
       0
       1
       0
       0
       0
       0
       2
       1
       2
       0
       0
       0
       2
       1
       0
       0
       0
       2
       0
       0
       2
       1
       0
       0
       0
       1
       3
       0
       1
       0
       0
       2
       0
       0
       0
       1
       0
       0
       0
       1
       0
       1
       0
       1
       0
       0
       0
       0
       1
       0
       0
       2
       0
       1
       2
       0
       4
       2
       0
       0
       1
       0
       0
       1
       1
       0
       1
       0
       0
       0
       0
       2
       0
       1
       0
       1
       1
       0
       0
       0
       0
       0
       1
       0
       1
       1
       0
       0
       0
       0
       2
       1
       0
       0
       1
       0
       0
       1
       0
       0
       1
       1
       3
       0
       0
       0
       0
       0
       1
       0
       1
       0
       0
       0
       0
       0
       0
       0
       0
       0
       0
       0
       0
       0
       0
       0
       0
       0
       0
       0
       0
$ROI:
2
258 327
1318 1545
$PRESETS:
Live Time
1200
0
$ENER_FIT:
-37.406231 1.986979
$MCA_CAL:
3
-3.740623E+001 1.986979E+000 0.000000E+000 keV
$SHAPE_CAL:
3
0.000000E+000 0.000000E+000 0.000000E+000
