$SPEC_ID:
This is sample 122.
$SPEC_REM:
DET# 1
DETDESC# DIP1456 PCI-Trump SN 253
AP# Maestro Version 7.01
$DATE_MEA:
01/19/2025 15:20:16
$MEAS_TIM:
1200 1231
$DATA:
0 2047
       0
       0
       0
       0
       0
       0
       0
       0
       0
       0
       0
       0
       0
       0
       0
       0
       0
       0
       0
       0
       0
       0
       0
       0
       0
       0
       0
       0
       0
       0
       0
       0
       0
       0
       0
       0
       0
       0
       0
       0
       0
       0
       0
       0
       0
       0
       0
       0
       0
       0
       0
       0
       0
       1
      15
      32
      22
      34
      21
      26
      35
      27
      33
      22
      23
      32
      31
      28
      29
      31
      33
      33
      18
      23
      30
      29
      28
      29
      32
      41
      29
      23
      32
      27
      31
      31
      31
      33
      34
      29
      33
      19
      24
      21
      28
      32
      29
      29
      29
      25
      34
      43
      21
      31
      33
      30
      36
      33
      32
      33
      32
      27
      35
      29
      30
      29
      32
      24
      20
      27
      28
      40
      29
      39
      37
      31
      37
      41
      21
      32
      24
      29
      22
      30
      26
      20
      31
      26
      28
      42
      32
      33
      35
      32
      35
      30
      28
      45
      32
      40
      35
      34
      32
      25
      36
      34
      24
      25
      28
      29
      42
      31
      31
      23
      23
      36
      29
      29
      35
      25
      33
      28
      27
      31
      26
      32
      29
      20
      40
      38
      37
      44
      35
      29
      31
      34
      37
      35
      27
      44
      42
      34
      30
      28
      30
      35
      29
      42
      30
      34
      32
      21
      36
      29
      35
      31
      33
      36
      32
      28
      30
      30
      27
      33
      34
      34
      34
      30
      26
      44
      34
      29
      36
      26
      31
      30
      32
      31
      21
      38
      32
      30
      39
      26
      28
      29
      34
      28
      31
      40
      33
      29
      36
      31
      34
      41
      30
      38
      32
      24
      36
      27
      32
      39
      40
      38
      43
      38
      29
      40
      25
      33
      20
      27
      26
      34
      29
      22
      20
      33
      31
      33
      30
      29
      25
      17
      26
      35
      29
      31
      26
      32
      32
      28
      18
      31
      41
      35
      37
      26
      29
      29
      35
      32
      36
      27
      36
      29
      29
      32
      36
      29
      34
      25
      36
      27
      29
      31
      39
      25
      39
      26
      31
      38
      42
      30
      32
      36
      29
      30
      28
      39
      36
      40
      26
      41
      35
      37
      33
      33
      36
      26
      30
      51
      47
      27
      34
      24
      37
      26
      24
      25
      37
      30
      35
      29
      34
      36
      41
      40
      32
      33
      28
      30
      32
      23
      34
      27
      28
      35
      41
      28
      33
      35
      39
      30
      32
      31
      34
      36
      38
      30
      37
      35
      28
      34
      30
      31
      30
      39
      31
      28
      40
      32
      37
      47
      42
      27
      37
      23
      25
      37
      26
      31
      28
      38
      32
      31
      31
      24
      38
      25
      35
      31
      40
      34
      35
      42
      21
      25
      37
      35
      46
      35
      32
      23
      26
      32
      30
      30
      24
      32
      32
      37
      24
      17
      27
      26
      32
      37
      47
      30
      35
      36
      29
      27
      40
      42
      34
      36
      36
      34
      22
      48
      40
      25
      34
      35
      33
      34
      32
      34
      33
      33
      29
      43
      26
      37
      33
      26
      31
      35
      35
      43
      36
      34
      25
      25
      44
      29
      30
      29
      34
      45
      30
      32
      32
      23
      37
      36
      25
      39
      42
      38
      39
      40
      23
      43
      33
      27
      24
      43
      34
      36
      36
      40
      37
      33
      36
      36
      21
      37
      31
      32
      35
      29
      28
      48
      40
      31
      36
      31
      26
      29
      28
      33
      33
      30
      38
      29
      31
      31
      37
      30
      26
      40
      31
      33
      33
      36
      34
      34
      44
      48
      26
      36
      37
      29
      42
      33
      30
      30
      45
      36
      23
      24
      43
      35
      40
      40
      36
      37
      29
      21
      37
      30
      32
      39
      34
      33
      38
      34
      26
      25
      37
      19
      26
      29
      30
      37
      34
      30
      36
      44
      28
      32
      42
      31
      29
      41
      26
      44
      30
      32
      41
      35
      32
      27
      32
      25
      29
      44
      39
      43
      29
      23
      27
      31
      33
      34
      34
      37
      37
      47
      36
      38
      25
      25
      24
      48
      31
      32
      27
      41
      30
      27
      32
      29
      41
      26
      36
      42
      33
      24
      34
      26
      43
      38
      30
      24
      30
      31
      25
      27
      29
      25
      40
      42
      37
      30
      41
      27
      25
      30
      27
      30
      29
      29
      30
      34
      37
      34
      19
      33
      28
      29
      22
      37
      32
      42
      29
      37
      30
      34
      23
      24
      29
      26
      35
      26
      22
      26
      28
      24
      31
      25
      29
      42
      17
      38
      33
      30
      26
      16
      37
      38
      38
      32
      28
      37
      40
      29
      24
      39
      23
      30
      40
      18
      30
      30
      35
      31
      41
      29
      36
      24
      42
      35
      25
      31
      32
      31
      28
      40
      28
      23
      23
      26
      32
      33
      29
      30
      23
      37
      24
      33
      34
      30
      39
      27
      19
      24
      36
      27
      24
      26
      22
      35
      33
      42
      48
      42
      43
      32
      33
      38
      27
      40
      37
      27
      34
      38
      23
      33
      40
      41
      38
      31
      30
      19
      51
      26
      37
      35
      30
      31
      30
      29
      35
      29
      29
      35
      32
      44
      27
      25
      36
      26
      27
      32
      35
      31
      37
      37
      37
      28
      37
      30
      29
      39
      35
      33
      36
      30
      29
      36
      27
      28
      29
      30
      34
      32
      30
      48
      27
      43
      33
      22
      31
      46
      33
      29
      38
      47
      52
      39
      24
      44
      34
      27
      41
      35
      40
      29
      32
      36
      40
      33
      29
      37
      29
      29
      43
      35
      27
      36
      27
      35
      29
      31
      26
      37
      29
      52
      24
      29
      40
      28
      42
      43
      37
      32
      32
      33
      39
      36
      41
      37
      40
      33
      44
      36
      48
      40
      40
      34
      38
      44
      22
      42
      39
      33
      37
      23
      30
      35
      24
      47
      36
      41
      49
      40
      36
      31
      27
      22
      44
      39
      36
      30
      36
      31
      31
      30
      42
      42
      29
      33
      18
      33
      27
      18
      31
      32
      28
      34
      34
      31
      42
      31
      28
      36
      29
      22
      28
      45
      18
      19
      27
      23
      23
      14
      44
      32
      19
      21
      17
      20
      30
      25
      16
      24
      14
      19
      24
      19
      16
      24
      14
      26
      19
      24
      15
      33
      20
      20
      19
      17
      19
      22
      10
      18
      18
      19
      17
      15
      19
       8
      11
      18
      12
      15
      18
       7
      17
      15
      13
      14
      12
      14
      13
      10
      12
       7
       9
      10
      13
      17
       7
      15
       9
      17
      12
      14
      13
       9
       9
       6
      10
      10
       9
      14
       8
      13
       8
       9
      12
      13
       6
       8
       7
       9
       5
       8
       4
       7
       6
      14
      10
       5
       0
       4
       4
      10
       3
       7
       8
       5
       6
      11
       5
       6
       6
       3
      11
       3
       7
       8
       7
       6
       6
       6
       3
       4
       4
       5
       8
       2
       4
       5
       4
       4
       6
       7
       5
       8
       7
       4
       3
       8
       1
       2
       6
       8
       5
       5
       7
       7
       5
       3
       5
       2
       7
       1
       5
       5
       3
       3
       5
       4
       5
       1
       8
       2
       4
       2
       4
       5
       5
       2
       4
       4
       5
       3
       5
       5
       6
       6
       4
       1
       6
       5
       5
       4
       2
       5
       6
       1
       2
       3
       3
       2
       4
       5
       6
       2
       3
       3
       3
       4
       6
       5
       4
       2
       4
       1
       3
       7
       1
       5
       8
       1
       2
       3
       4
       1
       2
       2
       3
       3
       2
       4
       2
       1
       5
       5
       3
       4
       4
       2
       2
       2
       2
       1
       2
       1
       0
       3
       2
       5
       3
       7
       1
       0
       1
       3
       1
       2
       3
       2
       2
       4
       3
       3
       1
       2
       3
       4
       2
       2
       1
       3
       6
       6
       6
       4
       5
       2
       6
       1
       2
       6
       3
       4
       5
       1
       3
       2
       2
       5
       2
       4
       1
       5
       4
       3
       3
       2
       6
       1
       1
       1
       2
       4
       3
       3
       3
       2
       4
       4
       2
       4
       4
       3
       3
       3
       1
       6
       6
       5
       5
       6
       2
       2
       6
       4
       3
       3
       3
       4
       5
       4
       5
       0
       3
       4
       4
       3
       1
       5
       2
       2
       2
       1
       5
       3
       0
       3
       2
       2
       3
       2
       0
       3
       2
       3
       3
       3
       5
       6
       5
       2
       3
       2
       5
       2
       3
       3
       3
       2
       7
       4
       6
       2
       3
       5
       1
       3
       7
       4
       1
       0
       1
       2
       2
       4
       3
       3
       1
       3
       2
       2
       2
       2
       5
       5
       6
       4
       4
       1
       4
       2
       8
       2
       4
       6
       7
       6
       6
       8
      12
       7
       7
      10
       9
      14
      10
      10
      17
      10
      14
      15
      21
      21
      21
      24
      23
      23
      29
      17
      32
      29
      34
      25
      27
      29
      38
      31
      30
      46
      43
      36
      39
      47
      55
      50
      63
      50
      69
      73
      48
      76
      71
      76
      71
      80
     106
      86
      90
     105
     102
      96
     106
     122
     133
     111
     121
     141
     157
     142
     114
     153
     166
     171
     179
     182
     170
     172
     167
     216
     212
     209
     224
     203
     247
     222
     248
     236
     264
     250
     268
     254
     268
     290
     305
     287
     297
     299
     333
     309
     316
     314
     338
     303
     322
     311
     345
     381
     358
     393
     365
     416
     411
     377
     416
     421
     378
     398
     437
     427
     438
     414
     400
     415
     397
     417
     438
     422
     474
     473
     392
     479
     474
     408
     411
     436
     500
     442
     439
     445
     445
     410
     407
     449
     430
     425
     483
     426
     419
     430
     392
     432
     374
     413
     401
     409
     407
     427
     383
     396
     343
     354
     368
     334
     367
     340
     362
     354
     346
     297
     327
     312
     294
     261
     297
     273
     273
     273
     256
     285
     244
     240
     239
     264
     222
     203
     219
     204
     206
     206
     213
     156
     181
     180
     158
     170
     142
     135
     127
     130
     123
     112
     127
     113
      79
     122
     109
      96
      96
      90
      92
      97
      97
      59
      84
      54
      68
      63
      61
      68
      56
      62
      51
      53
      51
      49
      44
      28
      42
      42
      30
      37
      34
      34
      32
      25
      32
      24
      30
      29
      10
      19
      13
      16
      20
      11
      19
      10
       8
       9
      14
       6
       6
      11
       3
       5
       8
      11
       8
       5
       7
       8
       3
       5
       7
       2
       2
       5
       1
       3
       2
       5
       3
       2
       1
       0
       2
       2
       3
       0
       1
       2
       1
       3
       1
       1
       0
       2
       1
       3
       2
       1
       1
       1
       0
       1
       0
       0
       1
       0
       1
       0
       1
       4
       0
       0
       2
       1
       3
       1
       2
       1
       1
       1
       1
       1
       0
       1
       0
       2
       0
       1
       1
       1
       1
       2
       1
       2
       3
       1
       1
       1
       0
       0
       0
       1
       0
       1
       0
       0
       1
       0
       1
       0
       0
       0
       0
       1
       0
       2
       2
       0
       0
       2
       0
       1
       0
       0
       3
       1
       0
       0
       2
       1
       0
       1
       1
       1
       3
       2
       2
       2
       0
       4
       0
       2
       0
       1
       2
       0
       2
       1
       0
       0
       1
       0
       0
       2
       1
       1
       0
       0
       0
       1
       0
       2
       2
       0
       0
       0
       2
       2
       1
       1
       1
       1
       2
       3
       1
       2
       1
       0
       3
       2
       1
       1
       1
       2
       0
       0
       0
       2
       1
       0
       0
       0
       3
       0
       1
       1
       0
       3
       1
       0
       0
       0
       0
       0
       1
       1
       1
       1
       0
       0
       2
       3
       0
       1
       0
       1
       2
       0
       1
       0
       0
       0
       1
       1
       2
       1
       0
       2
       2
       1
       1
       1
       1
       2
       1
       0
       2
       0
       1
       3
       2
       1
       2
       0
       0
       0
       0
       0
       0
       1
       3
       2
       1
       0
       1
       1
       3
       1
       0
       0
       0
       0
       0
       0
       0
       3
       0
       0
       1
       1
       0
       1
       1
       0
       1
       3
       0
       0
       0
       0
       0
       0
       1
       0
       1
       2
       1
       0
       0
       1
       1
       1
       1
       0
       0
       1
       0
       2
       1
       0
       0
       2
       0
       0
       0
       0
       1
       1
       0
       0
       0
       2
       1
       0
       1
       1
       1
       0
       0
       0
       1
       0
       0
       2
       1
       1
       1
       0
       0
       0
       0
       0
       0
       0
       1
       1
       0
       0
       2
       0
       0
       2
       0
       1
       0
       0
       1
       1
       0
       1
       0
       1
       0
       0
       0
       1
       1
       1
       0
       2
       4
       0
       1
       1
       0
       2
       1
       3
       0
       0
       0
       1
       2
       1
       0
       2
       0
       2
       0
       0
       0
       0
       0
       1
       0
       0
       1
       1
       0
       0
       1
       1
       0
       0
       1
       0
       1
       1
       0
       0
       2
       0
       0
       1
       2
       0
       1
       2
       1
       0
       1
       1
       1
       1
       1
       1
       2
       1
       0
       0
       0
       3
       1
       0
       0
       0
       1
       1
       1
       0
       1
       0
       0
       0
       0
       1
       0
       0
       0
       1
       1
       0
       1
       1
       1
       0
       1
       0
       0
       0
       0
       0
       0
       0
       0
       0
       0
       1
       1
       1
       0
       2
       1
       0
       1
       0
       0
       1
       0
       1
       1
       2
       1
       0
       0
       1
       2
       2
       2
       0
       0
       0
       0
       0
       0
       1
       1
       0
       1
       0
       0
       0
       0
       0
       0
       0
       0
       0
       0
       0
       0
       0
       0
       0
       0
       0
       0
       0
       0
       0
       0
       0
       0
       0
$ROI:
2
258 327
1318 1545
$PRESETS:
Live Time
1200
0
$ENER_FIT:
-37.406231 1.986979
$MCA_CAL:
3
-3.740623E+001 1.986979E+000 0.000000E+000 keV
$SHAPE_CAL:
3
0.000000E+000 0.000000E+000 0.000000E+000
