$SPEC_ID:
This is sample 125.
$SPEC_REM:
DET# 1
DETDESC# DIP1456 PCI-Trump SN 253
AP# Maestro Version 7.01
$DATE_MEA:
01/19/2025 16:26:52
$MEAS_TIM:
1200 1231
$DATA:
0 2047
       0
       0
       0
       0
       0
       0
       0
       0
       0
       0
       0
       0
       0
       0
       0
       0
       0
       0
       0
       0
       0
       0
       0
       0
       0
       0
       0
       0
       0
       0
       0
       0
       0
       0
       0
       0
       0
       0
       0
       0
       0
       0
       0
       0
       0
       0
       0
       0
       0
       0
       0
       0
       0
       0
      30
      23
      24
      30
      30
      31
      32
      20
      30
      37
      22
      32
      31
      31
      29
      30
      29
      23
      35
      30
      46
      30
      30
      29
      30
      31
      35
      33
      30
      34
      26
      25
      29
      27
      33
      35
      25
      25
      27
      32
      33
      13
      25
      34
      28
      28
      28
      35
      26
      36
      27
      26
      25
      33
      35
      29
      28
      32
      21
      37
      25
      25
      26
      31
      36
      29
      36
      30
      39
      28
      30
      35
      33
      26
      32
      28
      26
      32
      42
      28
      29
      30
      33
      37
      36
      22
      34
      15
      37
      29
      24
      32
      35
      15
      28
      38
      30
      36
      33
      32
      34
      36
      35
      43
      30
      33
      43
      27
      21
      25
      27
      35
      34
      24
      31
      40
      30
      23
      24
      34
      25
      36
      34
      29
      30
      36
      28
      10
      30
      35
      31
      31
      30
      42
      31
      34
      27
      26
      27
      37
      25
      24
      27
      29
      34
      25
      39
      37
      44
      34
      34
      31
      22
      29
      33
      37
      24
      35
      25
      24
      39
      29
      28
      27
      34
      41
      37
      24
      31
      28
      25
      36
      32
      43
      35
      22
      34
      44
      42
      27
      37
      33
      26
      28
      25
      30
      30
      37
      34
      31
      43
      20
      34
      27
      23
      35
      35
      28
      31
      39
      26
      37
      30
      33
      26
      22
      36
      30
      22
      25
      27
      33
      40
      37
      35
      33
      40
      33
      27
      48
      35
      30
      28
      30
      39
      28
      37
      29
      30
      33
      34
      31
      37
      42
      31
      27
      36
      30
      34
      29
      31
      30
      35
      29
      32
      32
      45
      32
      43
      21
      32
      28
      29
      38
      30
      28
      27
      28
      29
      40
      30
      35
      29
      22
      28
      33
      29
      34
      28
      37
      33
      23
      32
      30
      31
      35
      32
      40
      31
      36
      27
      34
      40
      40
      27
      31
      33
      34
      30
      31
      28
      37
      28
      36
      29
      34
      42
      36
      33
      26
      35
      29
      47
      29
      38
      36
      26
      35
      30
      35
      31
      34
      30
      43
      33
      30
      33
      25
      28
      28
      33
      20
      33
      33
      29
      39
      32
      26
      33
      36
      29
      36
      39
      31
      26
      29
      46
      33
      29
      30
      40
      25
      44
      29
      26
      37
      36
      32
      22
      44
      34
      26
      33
      29
      30
      39
      27
      38
      40
      36
      29
      36
      39
      30
      25
      33
      24
      29
      32
      30
      24
      25
      41
      21
      35
      29
      43
      33
      43
      35
      30
      31
      36
      33
      25
      21
      45
      25
      29
      41
      44
      29
      29
      32
      22
      26
      30
      28
      32
      22
      28
      26
      30
      35
      36
      29
      39
      29
      26
      40
      34
      29
      38
      27
      34
      31
      29
      31
      30
      29
      34
      35
      30
      45
      39
      39
      24
      32
      25
      32
      44
      31
      44
      18
      44
      30
      45
      28
      30
      30
      39
      32
      39
      33
      40
      40
      39
      41
      28
      30
      35
      31
      32
      35
      31
      31
      31
      31
      26
      27
      29
      31
      43
      30
      39
      40
      34
      27
      40
      34
      30
      32
      27
      34
      29
      27
      41
      30
      28
      25
      39
      33
      39
      36
      42
      27
      33
      36
      32
      32
      33
      36
      36
      37
      30
      35
      41
      46
      34
      38
      30
      40
      40
      33
      33
      33
      34
      33
      37
      35
      42
      38
      32
      34
      46
      36
      31
      49
      32
      30
      34
      43
      40
      34
      36
      28
      43
      22
      32
      31
      30
      31
      29
      40
      41
      34
      27
      30
      30
      33
      26
      26
      30
      31
      29
      35
      45
      32
      32
      27
      38
      31
      35
      36
      36
      45
      26
      26
      38
      33
      35
      29
      32
      34
      29
      22
      46
      40
      37
      33
      16
      27
      36
      50
      32
      30
      44
      26
      33
      29
      27
      29
      28
      35
      24
      28
      28
      28
      33
      34
      28
      30
      32
      39
      29
      36
      32
      35
      27
      28
      36
      30
      37
      47
      28
      29
      38
      36
      29
      33
      36
      32
      39
      24
      33
      27
      38
      29
      26
      38
      27
      43
      30
      35
      21
      29
      29
      38
      21
      40
      34
      31
      30
      23
      28
      41
      29
      30
      38
      38
      28
      23
      25
      35
      30
      37
      35
      35
      33
      22
      40
      32
      29
      25
      29
      31
      35
      34
      39
      30
      22
      37
      27
      33
      33
      32
      29
      27
      32
      20
      32
      31
      27
      50
      26
      26
      27
      26
      21
      35
      30
      31
      28
      31
      34
      29
      36
      34
      34
      23
      35
      27
      24
      36
      33
      31
      39
      40
      38
      31
      37
      37
      34
      36
      26
      31
      34
      40
      38
      38
      40
      23
      24
      33
      33
      38
      27
      37
      27
      38
      36
      35
      40
      21
      43
      26
      41
      30
      39
      29
      39
      34
      31
      42
      33
      19
      34
      40
      31
      41
      27
      36
      32
      43
      33
      28
      35
      28
      31
      37
      33
      30
      38
      27
      22
      33
      38
      37
      37
      33
      32
      40
      27
      32
      39
      48
      46
      46
      32
      44
      40
      41
      43
      30
      35
      23
      36
      39
      40
      27
      36
      47
      33
      35
      38
      45
      39
      38
      30
      36
      29
      34
      43
      38
      38
      40
      31
      41
      46
      33
      40
      32
      51
      38
      30
      35
      43
      46
      35
      54
      36
      36
      34
      35
      29
      29
      42
      23
      34
      45
      38
      31
      35
      44
      37
      40
      39
      40
      33
      34
      32
      26
      36
      35
      33
      42
      33
      39
      36
      31
      35
      24
      36
      38
      39
      41
      38
      41
      35
      27
      28
      33
      39
      31
      44
      37
      33
      30
      37
      30
      33
      23
      34
      25
      24
      39
      34
      23
      24
      29
      25
      21
      24
      32
      27
      17
      22
      15
      16
      24
      26
      25
      18
      19
      23
      21
      23
      24
      16
      19
      18
      25
      13
      16
      14
      18
      17
      20
      15
      14
      19
      11
      14
      16
      14
      10
      14
      13
      11
      13
      14
      14
      16
       6
      15
      11
      10
      14
      10
      14
       9
      11
      13
       7
      14
      11
      11
       6
      13
       8
      12
      18
       9
       9
       7
      13
       6
      12
       8
       8
      18
      13
       8
       9
      10
      12
      12
       5
       3
       8
       3
       8
       8
       5
       8
      11
       7
       3
       3
       6
       7
       7
       6
       8
      10
       6
      10
       5
       4
       6
       4
       9
       7
       5
      15
       5
       9
      10
       6
       3
       2
       9
       4
       5
      15
       4
       3
       9
       5
       6
       4
       4
       5
       7
       8
       8
       5
       3
       3
       7
       8
       2
       5
       6
       5
       2
       3
       4
       2
       5
       4
       3
       5
       5
       6
       6
       9
       2
       4
       0
       5
       8
       2
       4
       1
       1
       5
       5
       2
       4
       3
       6
       8
       6
       5
       3
       4
       1
       4
       4
       1
       1
       4
       3
       4
       2
       4
       5
       1
       2
       2
       3
       4
       6
       4
       1
       7
       3
       3
       3
       5
       2
       3
       2
       3
       1
       0
       2
       6
       4
       4
       4
       3
       2
       3
       5
       6
       1
       4
       2
       1
       7
       3
       1
       1
       5
       1
       2
       5
       6
       5
       3
       6
       5
       3
       3
       1
       0
       4
       5
       3
       4
       3
       3
       4
       0
       4
       4
       5
       2
       2
       5
       2
       1
       5
       1
       6
       2
       1
       3
       6
       0
       4
       3
       2
       1
       0
       4
       2
       3
       1
       1
       4
       1
       1
       3
       2
       1
       4
       1
       3
       2
       3
       4
       1
       0
       1
       1
       6
       3
       8
       1
       3
       2
       2
       4
       4
       0
       3
       3
       1
       2
       0
       3
       0
       2
       2
       2
       2
       4
       1
       3
       3
       3
       2
       4
       4
       2
       2
       5
       1
       2
       4
       4
       1
       1
       3
       2
       3
       1
       4
       2
       1
       0
       1
       5
       4
       2
       2
       1
       3
       6
       3
       3
       0
       2
       2
       3
       3
       4
       6
       3
       1
       6
       1
       2
       4
       0
       2
       5
       3
       2
       3
       7
       5
       4
       4
       3
       5
       1
       6
       2
       4
       4
       4
       4
       1
       3
       3
       4
       2
       2
       5
       6
       2
       6
       5
       8
       8
       4
       5
       6
       6
       8
       7
      13
       3
      11
      12
      13
       6
       5
      13
      13
      11
      11
      10
       8
      14
      15
      24
      17
      28
      14
      16
      31
      11
      24
      27
      28
      28
      37
      40
      32
      31
      36
      49
      42
      46
      41
      53
      52
      60
      62
      66
      63
      62
      75
      84
      81
      89
      79
      88
      95
      80
     103
      94
     100
     126
     117
     130
     112
     128
     132
     151
     140
     165
     169
     154
     149
     166
     162
     198
     168
     149
     196
     198
     209
     204
     242
     230
     228
     197
     241
     267
     246
     285
     279
     270
     293
     312
     293
     304
     324
     310
     300
     336
     289
     354
     310
     365
     368
     325
     326
     393
     392
     377
     369
     372
     384
     373
     427
     427
     426
     401
     435
     433
     406
     393
     402
     433
     429
     457
     396
     453
     466
     421
     419
     416
     480
     424
     467
     437
     467
     441
     450
     432
     445
     429
     455
     411
     427
     437
     436
     431
     397
     435
     437
     423
     406
     395
     412
     412
     430
     394
     393
     384
     342
     338
     367
     361
     326
     288
     340
     319
     312
     336
     301
     288
     296
     294
     263
     300
     268
     238
     264
     249
     232
     249
     224
     255
     214
     208
     207
     188
     210
     200
     183
     204
     177
     179
     142
     142
     158
     138
     148
     133
     149
     121
     108
     106
     107
     100
      93
     102
      98
      98
      80
      88
      76
      80
      76
      65
      63
      47
      59
      60
      54
      45
      37
      34
      46
      39
      51
      32
      41
      33
      29
      19
      33
      29
      30
      24
      25
      29
      18
      23
      21
      15
      15
      17
      11
      10
      16
      11
      10
      13
      10
      10
       7
       8
       8
       5
      14
       7
       9
       7
       6
       9
       8
       2
       3
       8
       1
       3
       5
       4
       1
       3
       3
       4
       2
       3
       2
       2
       0
       0
       1
       1
       1
       0
       0
       3
       0
       2
       1
       4
       1
       2
       1
       2
       1
       1
       2
       2
       1
       1
       3
       0
       1
       3
       1
       1
       0
       1
       2
       0
       1
       0
       1
       2
       1
       2
       1
       0
       2
       0
       0
       0
       2
       1
       3
       2
       0
       1
       1
       1
       0
       1
       0
       0
       5
       0
       0
       0
       2
       0
       0
       0
       2
       0
       1
       1
       2
       0
       0
       0
       0
       0
       0
       1
       0
       1
       0
       1
       1
       1
       2
       0
       1
       1
       0
       1
       0
       0
       0
       2
       1
       0
       0
       0
       2
       1
       0
       2
       0
       0
       0
       0
       1
       0
       1
       1
       2
       2
       1
       0
       1
       0
       1
       1
       0
       1
       0
       0
       0
       0
       0
       0
       0
       1
       0
       2
       1
       2
       0
       3
       1
       0
       0
       2
       0
       0
       1
       0
       0
       1
       0
       1
       1
       1
       1
       1
       1
       2
       0
       0
       0
       0
       2
       1
       2
       0
       0
       1
       1
       0
       1
       1
       4
       0
       0
       0
       0
       2
       1
       0
       0
       2
       3
       0
       1
       1
       0
       0
       0
       0
       2
       1
       1
       1
       0
       0
       0
       1
       0
       0
       1
       1
       1
       1
       0
       0
       3
       0
       1
       0
       1
       1
       0
       1
       0
       1
       0
       1
       2
       1
       0
       0
       1
       1
       1
       1
       2
       0
       1
       2
       0
       0
       1
       0
       1
       0
       0
       1
       0
       0
       2
       0
       1
       1
       2
       0
       1
       1
       1
       0
       0
       1
       0
       0
       0
       2
       0
       0
       2
       1
       1
       0
       0
       2
       2
       3
       0
       0
       0
       0
       1
       0
       0
       1
       0
       1
       0
       1
       0
       0
       1
       2
       1
       1
       1
       0
       0
       0
       1
       0
       0
       1
       0
       0
       0
       0
       2
       1
       0
       0
       0
       0
       1
       1
       0
       1
       0
       1
       1
       0
       1
       1
       0
       0
       0
       1
       2
       0
       0
       3
       2
       2
       1
       1
       2
       0
       0
       0
       1
       0
       1
       0
       2
       1
       1
       0
       1
       1
       0
       1
       2
       0
       1
       0
       0
       1
       1
       1
       0
       0
       2
       0
       0
       2
       2
       0
       0
       1
       0
       1
       1
       0
       0
       0
       0
       1
       0
       3
       0
       0
       0
       2
       0
       3
       0
       0
       1
       0
       1
       1
       0
       0
       0
       0
       0
       2
       0
       0
       1
       1
       0
       1
       0
       0
       0
       1
       1
       0
       0
       2
       0
       1
       1
       3
       1
       2
       1
       0
       0
       2
       0
       1
       0
       0
       0
       1
       0
       2
       1
       0
       1
       0
       0
       2
       1
       0
       1
       0
       0
       0
       0
       1
       0
       1
       1
       0
       1
       0
       0
       1
       0
       1
       0
       2
       2
       0
       0
       1
       0
       0
       2
       0
       0
       2
       0
       0
       0
       0
       0
       0
       0
       0
       0
       0
       0
       0
       0
       0
       0
       0
       0
       0
       0
       0
       0
       0
       0
$ROI:
2
258 327
1318 1545
$PRESETS:
Live Time
1200
0
$ENER_FIT:
-37.406231 1.986979
$MCA_CAL:
3
-3.740623E+001 1.986979E+000 0.000000E+000 keV
$SHAPE_CAL:
3
0.000000E+000 0.000000E+000 0.000000E+000
