$SPEC_ID:
This is sample 043.
$SPEC_REM:
DET# 1
DETDESC# DIP1456 PCI-Trump SN 253
AP# Maestro Version 7.01
$DATE_MEA:
01/18/2025 10:06:23
$MEAS_TIM:
1200 1232
$DATA:
0 2047
       0
       0
       0
       0
       0
       0
       0
       0
       0
       0
       0
       0
       0
       0
       0
       0
       0
       0
       0
       0
       0
       0
       0
       0
       0
       0
       0
       0
       0
       0
       0
       0
       0
       0
       0
       0
       0
       0
       0
       0
       0
       0
       0
       0
       0
       0
       0
       0
       0
       0
       0
       0
       0
       0
      22
      34
      33
      25
      24
      26
      31
      38
      25
      23
      21
      27
      32
      30
      30
      28
      29
      31
      32
      21
      22
      25
      37
      34
      28
      25
      26
      38
      25
      27
      20
      27
      27
      16
      25
      30
      37
      34
      31
      38
      25
      34
      32
      30
      23
      29
      28
      26
      28
      26
      26
      34
      35
      37
      21
      31
      25
      37
      20
      17
      27
      20
      30
      36
      28
      41
      27
      24
      34
      35
      37
      32
      26
      39
      44
      28
      22
      28
      39
      33
      29
      20
      26
      27
      25
      41
      26
      22
      25
      27
      32
      38
      29
      35
      28
      28
      28
      21
      26
      42
      28
      37
      23
      28
      31
      32
      39
      32
      39
      30
      30
      29
      27
      22
      25
      42
      36
      33
      31
      32
      34
      44
      32
      39
      28
      29
      27
      31
      28
      36
      26
      34
      39
      25
      33
      38
      33
      26
      28
      34
      31
      28
      36
      37
      30
      18
      37
      28
      32
      33
      27
      31
      27
      27
      37
      27
      23
      44
      32
      28
      31
      29
      29
      23
      35
      30
      28
      25
      31
      27
      34
      32
      37
      27
      28
      34
      21
      31
      32
      22
      33
      31
      28
      38
      28
      39
      23
      29
      39
      32
      31
      30
      25
      27
      29
      29
      34
      35
      25
      30
      43
      44
      16
      35
      22
      23
      30
      33
      26
      25
      34
      34
      21
      37
      27
      29
      32
      29
      37
      38
      30
      26
      38
      30
      37
      35
      34
      32
      33
      47
      39
      22
      32
      29
      35
      34
      29
      46
      33
      30
      33
      36
      38
      50
      31
      26
      25
      20
      33
      39
      36
      44
      43
      27
      35
      25
      28
      40
      30
      40
      34
      33
      35
      32
      33
      32
      25
      27
      24
      26
      34
      28
      41
      23
      39
      26
      29
      30
      33
      22
      33
      25
      26
      28
      42
      34
      25
      23
      28
      29
      32
      28
      30
      35
      26
      29
      36
      28
      19
      25
      36
      39
      31
      21
      29
      27
      29
      24
      33
      36
      36
      26
      39
      43
      27
      19
      26
      31
      43
      29
      26
      42
      33
      37
      31
      29
      34
      27
      46
      25
      40
      40
      38
      41
      38
      32
      30
      25
      32
      32
      19
      35
      35
      30
      29
      35
      26
      35
      26
      38
      29
      27
      33
      44
      31
      37
      40
      29
      35
      31
      22
      24
      33
      30
      31
      34
      30
      32
      26
      40
      20
      28
      39
      31
      39
      27
      36
      36
      31
      30
      35
      29
      26
      30
      37
      40
      33
      40
      48
      28
      36
      30
      38
      42
      41
      31
      28
      23
      33
      28
      20
      36
      32
      36
      21
      37
      40
      27
      43
      47
      38
      33
      31
      36
      38
      21
      32
      39
      28
      20
      41
      30
      22
      29
      28
      33
      33
      30
      33
      32
      24
      36
      38
      35
      37
      34
      32
      41
      30
      43
      32
      25
      45
      31
      33
      23
      30
      41
      35
      30
      25
      46
      29
      37
      40
      36
      47
      28
      35
      39
      34
      52
      29
      34
      30
      29
      36
      28
      29
      31
      28
      43
      34
      36
      37
      41
      32
      32
      54
      31
      40
      39
      42
      32
      33
      42
      25
      29
      33
      34
      32
      39
      41
      38
      30
      37
      24
      30
      37
      31
      38
      30
      41
      43
      31
      25
      45
      43
      29
      35
      33
      37
      30
      23
      34
      23
      28
      33
      36
      30
      30
      43
      30
      17
      35
      33
      36
      25
      30
      25
      38
      29
      29
      38
      38
      41
      32
      42
      31
      34
      37
      37
      24
      36
      32
      29
      42
      26
      33
      15
      36
      29
      48
      29
      23
      41
      34
      33
      38
      33
      31
      33
      31
      31
      33
      26
      31
      30
      36
      32
      28
      28
      35
      28
      44
      32
      28
      25
      31
      27
      43
      36
      30
      30
      37
      36
      32
      32
      40
      29
      30
      27
      34
      28
      22
      25
      29
      40
      29
      25
      33
      40
      38
      22
      28
      37
      31
      36
      34
      31
      38
      35
      32
      27
      36
      32
      26
      43
      30
      29
      35
      42
      34
      27
      29
      35
      40
      40
      22
      40
      19
      31
      36
      37
      41
      32
      33
      25
      29
      25
      28
      34
      19
      31
      36
      30
      32
      30
      33
      27
      30
      38
      23
      30
      36
      37
      31
      36
      32
      40
      29
      35
      34
      30
      27
      28
      21
      34
      35
      27
      27
      29
      35
      32
      23
      32
      36
      29
      30
      24
      36
      25
      32
      35
      30
      37
      32
      27
      29
      28
      40
      24
      31
      34
      34
      17
      41
      33
      30
      26
      30
      31
      34
      16
      27
      34
      28
      31
      27
      32
      28
      28
      37
      24
      30
      19
      31
      25
      28
      28
      28
      39
      40
      30
      39
      35
      38
      28
      33
      29
      38
      42
      30
      33
      38
      27
      24
      32
      30
      32
      31
      37
      28
      36
      25
      28
      29
      46
      39
      38
      27
      28
      26
      32
      35
      35
      38
      29
      27
      53
      41
      32
      40
      34
      42
      39
      39
      24
      31
      34
      31
      30
      31
      31
      38
      43
      37
      37
      38
      29
      37
      31
      31
      36
      39
      36
      42
      32
      28
      33
      34
      26
      30
      49
      30
      32
      27
      40
      31
      37
      32
      39
      32
      35
      52
      31
      41
      37
      45
      44
      29
      30
      32
      35
      39
      41
      33
      42
      41
      37
      31
      40
      34
      36
      41
      46
      45
      43
      25
      26
      38
      42
      38
      35
      20
      37
      38
      26
      46
      38
      48
      38
      39
      31
      34
      40
      38
      32
      26
      31
      32
      27
      31
      35
      32
      27
      27
      35
      29
      27
      35
      37
      21
      34
      24
      28
      27
      30
      25
      21
      21
      25
      31
      24
      37
      33
      24
      31
      20
      22
      27
      24
      22
      22
      22
      26
      19
      21
      21
      14
      21
      17
      19
      16
      18
      17
      11
      16
      16
      16
      20
      13
      18
      11
      26
      16
      15
      21
      16
      13
      14
      11
      22
      14
      19
       7
      24
      16
      14
      10
      20
      13
      11
       7
       9
      16
      13
       9
      11
      21
       7
      13
      15
       7
       9
      11
       6
       9
      11
      11
      14
       5
      11
      13
       7
      11
      11
       7
       8
       5
       8
       6
       9
      11
       9
       7
       5
      13
       6
      11
       7
      10
       2
       2
       8
       9
       8
       6
      10
      11
       4
       6
      11
       7
       3
       3
       2
       6
       6
       3
       5
       5
       6
       7
       6
       8
       6
       7
       4
       4
       8
       4
       4
       5
       5
       4
       7
       6
       6
       5
       8
       9
       6
      10
       5
       6
       3
       3
       5
       6
       7
       6
       3
       1
       5
       4
       3
       4
       3
       2
       2
       4
       3
       4
       3
       3
       8
       8
       3
       3
       4
       3
       4
       3
       4
       4
       5
       1
       7
       3
       5
       6
       5
       5
       2
       5
       2
       2
       7
       6
       2
       2
       6
       2
       7
       3
       3
       4
       6
       2
       5
       3
       2
       4
       3
       3
       2
       2
       3
       4
       1
       3
       6
       3
       1
       3
       3
       2
       2
       4
       5
       6
       3
       2
       1
       4
       3
       2
       4
       3
       3
       4
       4
       2
       6
       5
       1
       2
       6
       4
       1
       3
       0
       4
       2
       2
       3
       3
       3
       2
       4
       1
       4
       1
       0
       1
       2
       1
       2
       0
       4
       1
       3
       0
       5
       1
       3
       1
       2
       3
       3
       1
       1
       0
       1
       1
       1
       5
       4
       2
       1
       2
       2
       3
       3
       0
       3
       4
       3
       4
       2
       3
       0
       3
       4
       2
       0
       2
       1
       2
       5
       4
       1
       2
       2
       2
       3
       2
       3
       0
       3
       7
       6
       3
       1
       4
       0
       3
       3
       0
       1
       2
       8
       2
       5
       4
       2
       3
       1
       2
       3
       5
       1
       2
       4
       2
       1
       4
       6
       1
       5
       2
       3
       2
       3
       0
       2
       1
       4
       2
       3
       4
       2
       1
       2
       3
       2
       1
       3
       5
       5
       7
       3
       0
       5
       1
       2
       4
       3
       6
       1
       5
       2
       3
       2
       3
       5
       2
       7
       4
       2
       4
       5
       3
       2
       4
       1
       5
       6
       6
       4
       7
       2
       8
       4
       5
       3
       4
       6
       4
       4
       4
       5
      11
       1
       5
       6
       9
       6
       6
      11
      10
      12
       8
       8
       8
      15
      19
      24
      23
      23
      20
      22
      18
      21
      26
      32
      20
      27
      30
      37
      37
      31
      37
      45
      39
      37
      31
      50
      47
      54
      53
      42
      70
      59
      60
      65
      70
      53
      80
      72
      80
      92
      92
     102
     111
      92
      99
     121
     132
     113
     122
     135
     142
     119
     145
     154
     167
     149
     152
     178
     171
     194
     184
     185
     198
     200
     202
     214
     217
     232
     237
     239
     241
     274
     208
     270
     299
     261
     244
     278
     283
     304
     288
     338
     309
     307
     339
     325
     338
     323
     327
     357
     379
     380
     386
     363
     372
     336
     379
     402
     367
     402
     425
     396
     418
     404
     425
     412
     421
     405
     430
     438
     463
     423
     461
     428
     441
     460
     437
     416
     441
     422
     434
     429
     421
     440
     397
     380
     401
     426
     444
     449
     396
     380
     418
     419
     426
     406
     396
     372
     417
     379
     423
     351
     390
     375
     362
     359
     348
     343
     378
     329
     347
     344
     307
     310
     304
     288
     288
     287
     288
     250
     266
     275
     266
     256
     263
     263
     233
     227
     232
     220
     192
     233
     234
     177
     200
     179
     181
     151
     163
     145
     151
     143
     128
     137
     149
     126
     142
     105
      98
      94
      94
      91
      98
      86
      79
      87
      76
      67
      70
      83
      64
      59
      57
      58
      53
      53
      55
      42
      49
      44
      55
      47
      42
      34
      39
      22
      31
      31
      24
      26
      19
      35
      21
      19
      21
      18
      16
      25
      21
      15
      10
       8
      14
       6
       7
      11
       7
       9
       9
       7
       4
       6
       6
       7
       8
       4
       6
       2
       2
       2
       3
       3
       2
       3
       4
       3
       1
       5
       4
       2
       2
       2
       1
       2
       4
       1
       5
       2
       0
       2
       1
       2
       2
       1
       1
       2
       0
       3
       0
       0
       3
       3
       1
       1
       2
       0
       0
       0
       1
       2
       1
       0
       1
       1
       1
       0
       1
       1
       0
       0
       1
       0
       1
       0
       0
       4
       1
       1
       0
       2
       0
       1
       2
       0
       0
       1
       1
       0
       0
       0
       1
       1
       0
       1
       1
       0
       0
       1
       5
       2
       1
       1
       3
       1
       0
       2
       0
       0
       1
       0
       1
       1
       0
       1
       0
       0
       0
       1
       2
       4
       0
       2
       0
       0
       0
       2
       3
       2
       0
       1
       0
       1
       1
       1
       0
       0
       1
       3
       0
       0
       0
       3
       0
       1
       0
       2
       1
       0
       0
       1
       1
       0
       0
       0
       1
       1
       1
       1
       1
       1
       1
       1
       0
       1
       0
       0
       0
       0
       1
       1
       3
       0
       0
       0
       0
       2
       0
       0
       1
       0
       1
       0
       0
       1
       0
       0
       0
       0
       0
       0
       0
       1
       0
       3
       0
       1
       0
       0
       1
       2
       2
       2
       1
       0
       0
       0
       2
       0
       0
       1
       1
       1
       0
       0
       1
       0
       0
       1
       1
       0
       1
       0
       0
       0
       0
       0
       1
       0
       0
       0
       0
       0
       0
       1
       0
       1
       1
       0
       1
       1
       2
       0
       1
       1
       1
       0
       0
       0
       1
       0
       1
       2
       1
       0
       1
       2
       1
       1
       0
       1
       0
       1
       0
       0
       1
       0
       0
       1
       1
       1
       1
       1
       0
       0
       2
       0
       0
       0
       0
       0
       1
       1
       0
       0
       1
       0
       1
       1
       2
       1
       2
       2
       3
       0
       0
       2
       0
       1
       1
       0
       0
       0
       2
       3
       1
       0
       0
       0
       0
       1
       2
       1
       1
       0
       1
       0
       1
       1
       0
       0
       1
       0
       1
       0
       2
       0
       1
       1
       0
       1
       1
       0
       1
       0
       0
       1
       1
       1
       0
       4
       0
       0
       0
       1
       0
       0
       0
       0
       1
       1
       2
       1
       1
       1
       1
       1
       1
       2
       1
       0
       0
       1
       0
       1
       0
       0
       0
       0
       0
       0
       0
       0
       1
       0
       1
       0
       1
       0
       0
       0
       1
       0
       0
       0
       1
       0
       0
       0
       4
       0
       2
       2
       0
       0
       0
       2
       1
       0
       0
       0
       0
       1
       0
       1
       0
       1
       1
       1
       1
       0
       1
       1
       1
       1
       1
       0
       0
       2
       1
       1
       2
       0
       0
       1
       0
       1
       1
       3
       0
       0
       1
       1
       0
       0
       0
       0
       1
       4
       1
       0
       2
       0
       0
       2
       2
       2
       0
       0
       2
       0
       0
       0
       0
       1
       1
       0
       1
       0
       0
       0
       1
       1
       1
       0
       0
       1
       0
       0
       0
       1
       0
       1
       0
       0
       0
       0
       0
       0
       0
       0
       0
       0
       0
       0
       0
       0
       0
       0
       0
       0
       1
$ROI:
2
258 327
1318 1545
$PRESETS:
Live Time
1200
0
$ENER_FIT:
-37.406231 1.986979
$MCA_CAL:
3
-3.740623E+001 1.986979E+000 0.000000E+000 keV
$SHAPE_CAL:
3
0.000000E+000 0.000000E+000 0.000000E+000
