$SPEC_ID:
This is sample 073.
$SPEC_REM:
DET# 1
DETDESC# DIP1456 PCI-Trump SN 253
AP# Maestro Version 7.01
$DATE_MEA:
01/18/2025 21:12:24
$MEAS_TIM:
1200 1232
$DATA:
0 2047
       0
       0
       0
       0
       0
       0
       0
       0
       0
       0
       0
       0
       0
       0
       0
       0
       0
       0
       0
       0
       0
       0
       0
       0
       0
       0
       0
       0
       0
       0
       0
       0
       0
       0
       0
       0
       0
       0
       0
       0
       0
       0
       0
       0
       0
       0
       0
       0
       0
       0
       0
       0
       0
       0
      22
      29
      31
      29
      24
      22
      27
      28
      31
      16
      29
      20
      19
      30
      20
      27
      29
      21
      35
      17
      14
      27
      24
      39
      35
      24
      30
      26
      34
      19
      32
      23
      29
      32
      26
      25
      43
      33
      30
      30
      38
      18
      30
      17
      32
      32
      38
      38
      25
      23
      24
      34
      35
      33
      34
      32
      32
      33
      29
      31
      27
      29
      32
      22
      27
      31
      26
      25
      35
      25
      24
      27
      34
      33
      35
      21
      29
      30
      43
      30
      32
      17
      43
      34
      28
      25
      27
      34
      27
      24
      33
      30
      25
      30
      33
      41
      28
      41
      27
      28
      32
      33
      24
      33
      39
      30
      31
      45
      30
      31
      26
      35
      35
      34
      24
      25
      29
      40
      21
      29
      37
      32
      46
      43
      28
      36
      34
      35
      20
      31
      38
      37
      32
      34
      35
      27
      27
      25
      30
      35
      38
      29
      31
      41
      30
      30
      32
      34
      27
      30
      33
      33
      25
      24
      33
      29
      32
      29
      34
      38
      28
      26
      35
      25
      41
      31
      29
      40
      37
      34
      26
      28
      33
      30
      32
      33
      32
      28
      30
      23
      33
      23
      29
      41
      47
      42
      24
      31
      28
      34
      33
      19
      43
      27
      37
      40
      35
      34
      29
      23
      27
      33
      37
      31
      23
      36
      35
      29
      34
      20
      31
      35
      37
      37
      22
      28
      27
      31
      32
      31
      31
      27
      36
      32
      26
      39
      27
      29
      28
      43
      33
      45
      41
      27
      34
      27
      29
      47
      43
      32
      34
      27
      31
      31
      24
      30
      26
      22
      35
      36
      31
      34
      42
      27
      29
      29
      28
      37
      38
      38
      35
      42
      38
      33
      29
      34
      39
      29
      32
      34
      34
      41
      32
      41
      29
      30
      32
      32
      33
      39
      16
      30
      32
      26
      37
      22
      37
      22
      29
      22
      43
      31
      26
      38
      37
      30
      35
      29
      24
      36
      30
      27
      35
      29
      30
      25
      30
      36
      30
      40
      27
      28
      32
      44
      39
      43
      24
      28
      31
      40
      29
      29
      37
      35
      29
      41
      21
      30
      34
      37
      33
      38
      40
      28
      32
      24
      32
      29
      26
      37
      39
      38
      40
      37
      35
      32
      40
      33
      44
      30
      25
      33
      33
      31
      43
      41
      37
      38
      32
      33
      32
      30
      36
      34
      40
      40
      41
      22
      28
      35
      29
      19
      35
      33
      28
      41
      28
      43
      32
      34
      30
      38
      29
      31
      27
      30
      32
      26
      43
      27
      39
      33
      29
      29
      37
      34
      30
      34
      36
      34
      27
      41
      26
      30
      32
      32
      30
      23
      40
      40
      36
      37
      35
      30
      31
      26
      31
      32
      37
      32
      24
      44
      40
      33
      38
      33
      31
      44
      41
      31
      29
      38
      34
      29
      27
      33
      35
      33
      37
      27
      30
      45
      32
      26
      38
      36
      30
      26
      33
      23
      41
      28
      44
      32
      30
      31
      37
      42
      41
      30
      40
      34
      32
      28
      35
      36
      34
      41
      43
      46
      47
      44
      39
      33
      25
      40
      41
      29
      31
      37
      35
      24
      33
      35
      31
      25
      38
      35
      30
      28
      29
      33
      29
      40
      36
      37
      32
      43
      22
      35
      25
      39
      38
      32
      35
      45
      34
      36
      42
      24
      32
      33
      27
      40
      23
      42
      26
      39
      35
      28
      35
      37
      30
      31
      28
      37
      35
      41
      36
      47
      40
      40
      32
      27
      36
      38
      28
      30
      30
      42
      35
      31
      27
      31
      33
      36
      31
      32
      34
      31
      25
      23
      35
      34
      26
      38
      35
      23
      36
      24
      35
      29
      39
      34
      27
      31
      43
      33
      42
      33
      31
      38
      37
      27
      28
      33
      44
      38
      35
      29
      36
      33
      38
      35
      28
      23
      33
      28
      48
      36
      22
      37
      23
      42
      30
      33
      23
      31
      35
      31
      28
      38
      24
      20
      27
      33
      34
      32
      27
      30
      20
      36
      28
      41
      29
      29
      34
      33
      38
      30
      46
      32
      35
      29
      27
      41
      29
      26
      29
      24
      34
      38
      34
      35
      30
      31
      35
      20
      37
      25
      32
      35
      23
      25
      35
      32
      33
      30
      21
      38
      33
      27
      32
      34
      31
      30
      22
      27
      29
      31
      32
      28
      28
      23
      26
      31
      21
      23
      22
      36
      30
      22
      32
      26
      29
      25
      35
      29
      21
      39
      31
      28
      42
      42
      25
      26
      27
      36
      24
      34
      28
      29
      40
      28
      33
      30
      36
      31
      23
      38
      36
      31
      43
      28
      21
      38
      32
      37
      24
      31
      33
      24
      35
      28
      30
      39
      30
      35
      33
      27
      36
      35
      37
      26
      30
      27
      31
      34
      31
      42
      31
      40
      30
      20
      35
      34
      44
      27
      33
      41
      33
      30
      32
      31
      38
      29
      22
      36
      35
      33
      33
      50
      22
      28
      22
      38
      28
      41
      27
      29
      37
      38
      35
      35
      29
      31
      35
      44
      44
      33
      36
      30
      36
      37
      25
      31
      34
      36
      45
      27
      39
      40
      41
      39
      40
      40
      31
      44
      42
      43
      36
      30
      34
      34
      38
      32
      41
      33
      46
      28
      23
      31
      35
      44
      44
      36
      44
      45
      48
      26
      34
      32
      36
      37
      31
      39
      34
      28
      46
      42
      39
      28
      36
      32
      32
      42
      38
      33
      34
      36
      34
      29
      41
      42
      29
      25
      33
      35
      26
      30
      34
      34
      30
      39
      26
      43
      42
      29
      41
      25
      38
      45
      32
      39
      27
      20
      30
      33
      31
      33
      25
      29
      22
      36
      33
      25
      15
      21
      27
      30
      24
      30
      28
      28
      27
      26
      26
      26
      28
      20
      24
      25
      35
      24
      17
      26
      23
      22
      19
      19
      18
      17
      15
      13
      25
      16
      22
      20
      14
      21
      20
      12
      23
      14
      19
      15
      16
      15
      10
      17
      13
      16
      11
      15
      14
       8
      11
       8
       7
       8
       9
       6
      10
      12
      11
      12
       7
      13
      15
      14
      12
      11
      11
       8
      11
       8
      10
       7
      14
       4
      16
       9
      11
      18
      11
      11
       6
      10
       8
       9
      15
       5
      13
       9
       6
       7
       5
       6
       7
       4
       8
       6
       8
       7
      10
       5
       5
       5
       4
      11
       7
       4
      13
      10
       8
       9
       8
       4
      11
       5
      11
       6
       5
       8
       6
       6
       9
       4
       7
       3
       9
       6
       5
      11
       2
       7
       3
       6
       2
       2
       3
       4
       2
       6
       6
       3
       6
       6
       7
       1
       7
       4
       1
       5
       3
       1
       5
       3
       3
       4
       1
       2
       3
       5
       3
       8
       3
       3
       5
       8
       5
       3
       2
       2
       3
       1
       6
       3
       2
       6
       3
       4
       3
       1
       4
       0
       1
       5
       2
       2
       1
       4
       6
       2
       3
       4
       2
       5
       1
       4
       4
       5
       2
       5
       5
       2
       1
       3
       5
       2
       3
       1
       1
       3
       4
       5
       3
       2
       3
       4
       6
       2
       3
       5
       2
       4
       1
       6
       1
       3
       2
       3
       0
       2
       0
       1
       2
       3
       4
       2
       2
       4
       4
       2
       3
       3
       0
       1
       3
       3
       0
       3
       5
       1
       4
       2
       4
       3
       0
       2
       3
       1
       2
       3
       1
       3
       6
       5
       1
       1
       5
       3
       3
       3
       3
       0
       2
       0
       3
       2
       3
       1
       3
       4
       2
       3
       6
       2
       4
       6
       3
       3
       1
       5
       1
       4
       5
       5
       1
       2
       3
       3
       3
       1
      10
       3
       1
       1
       1
       4
       3
       1
       0
       0
       3
       2
       4
       3
       2
       0
       3
       1
       3
       2
       2
       2
       2
       4
       2
       2
       1
       2
       3
       4
       5
       2
       1
       1
       1
       3
       1
       3
       2
       2
       1
       4
       4
       2
       5
       1
       1
       3
       4
       1
       4
       1
       1
       8
       3
       0
       3
       3
       6
       1
       2
       5
       1
       3
       4
       4
       6
       0
       5
       4
       6
       2
       6
       6
       2
       2
       5
       4
       1
       5
       3
       5
       4
       0
       4
       4
       1
       5
       3
      10
       2
       5
       6
       8
       7
       6
      10
       7
       9
      11
       9
      10
      10
       9
       9
      15
      12
      15
      13
       8
       9
      20
      19
      26
      25
      19
      25
      29
      17
      21
      28
      38
      41
      26
      32
      34
      48
      34
      43
      48
      44
      48
      53
      58
      73
      54
      58
      57
      57
      59
      74
      67
      87
      86
      80
     100
     104
     102
      97
     115
     121
     113
     105
     144
     111
     136
     144
     152
     147
     142
     155
     165
     164
     173
     162
     177
     203
     207
     200
     212
     229
     230
     233
     217
     241
     242
     254
     277
     253
     278
     289
     260
     310
     298
     268
     299
     302
     334
     313
     332
     353
     353
     326
     375
     375
     358
     373
     356
     396
     394
     389
     405
     432
     360
     404
     446
     436
     375
     386
     391
     380
     469
     417
     429
     456
     452
     483
     447
     443
     466
     486
     445
     473
     450
     440
     470
     468
     410
     410
     476
     488
     428
     453
     462
     425
     461
     436
     443
     380
     384
     412
     434
     363
     372
     395
     379
     390
     386
     378
     381
     387
     365
     366
     359
     335
     303
     329
     308
     300
     313
     312
     296
     303
     267
     292
     253
     263
     264
     251
     232
     233
     238
     214
     215
     210
     220
     169
     187
     199
     186
     176
     199
     199
     160
     135
     138
     140
     145
     156
     144
     134
     127
     110
      92
     100
      89
     118
      83
      76
      90
      79
      67
      76
      87
      55
      72
      55
      66
      74
      71
      53
      52
      43
      58
      37
      33
      35
      40
      38
      41
      20
      20
      30
      29
      13
      20
      26
      18
      20
      14
      21
      15
      16
      12
      10
      11
       7
      16
      12
      12
       8
       5
       7
       8
      10
      16
       2
       5
       5
       4
       5
       7
       5
       4
       3
       0
       4
       3
       3
       0
       3
       1
       0
       0
       2
       1
       2
       2
       3
       0
       0
       1
       3
       1
       0
       1
       0
       2
       1
       2
       4
       2
       0
       2
       0
       0
       1
       1
       2
       2
       0
       2
       0
       0
       2
       0
       0
       1
       1
       1
       2
       1
       2
       1
       0
       0
       2
       1
       0
       1
       0
       1
       1
       2
       2
       0
       0
       1
       1
       1
       0
       2
       2
       1
       0
       0
       0
       0
       1
       0
       0
       1
       1
       0
       0
       1
       0
       1
       0
       1
       1
       3
       3
       2
       1
       3
       0
       1
       0
       0
       0
       2
       1
       2
       0
       2
       0
       1
       0
       0
       0
       1
       1
       1
       1
       0
       0
       1
       0
       1
       1
       0
       0
       1
       0
       0
       0
       1
       1
       1
       1
       1
       0
       1
       2
       1
       1
       0
       0
       1
       1
       1
       2
       3
       1
       0
       0
       0
       0
       1
       0
       0
       0
       0
       0
       1
       3
       0
       1
       1
       1
       0
       0
       2
       0
       1
       0
       1
       1
       0
       2
       0
       0
       1
       1
       0
       2
       3
       1
       0
       0
       1
       1
       0
       1
       3
       1
       2
       0
       1
       1
       0
       1
       1
       1
       2
       0
       1
       2
       0
       0
       0
       0
       0
       1
       0
       0
       0
       1
       1
       0
       0
       1
       2
       0
       1
       1
       0
       2
       1
       1
       0
       0
       0
       0
       0
       0
       0
       2
       0
       0
       1
       0
       0
       0
       1
       1
       1
       2
       1
       0
       1
       1
       4
       2
       0
       1
       0
       0
       1
       1
       2
       1
       2
       0
       0
       0
       1
       0
       1
       0
       1
       3
       0
       0
       0
       1
       1
       0
       2
       0
       0
       1
       0
       0
       1
       2
       0
       0
       0
       0
       1
       0
       1
       0
       1
       1
       0
       1
       0
       0
       0
       0
       2
       3
       1
       1
       0
       0
       0
       0
       0
       1
       0
       1
       1
       3
       1
       1
       1
       0
       0
       2
       0
       0
       0
       2
       2
       1
       0
       0
       0
       1
       0
       1
       0
       0
       0
       0
       0
       2
       1
       0
       0
       1
       0
       0
       1
       1
       1
       0
       3
       2
       0
       0
       0
       0
       0
       0
       0
       0
       0
       1
       1
       0
       1
       0
       1
       0
       0
       0
       0
       1
       0
       0
       0
       1
       2
       0
       0
       0
       1
       0
       2
       0
       0
       0
       0
       0
       2
       1
       1
       0
       0
       1
       0
       0
       0
       0
       2
       0
       0
       0
       0
       1
       0
       0
       0
       0
       0
       0
       0
       0
       1
       0
       1
       1
       0
       0
       0
       1
       1
       0
       1
       0
       1
       0
       1
       0
       0
       0
       0
       0
       1
       0
       0
       3
       1
       0
       0
       1
       1
       0
       0
       0
       0
       1
       0
       0
       1
       0
       1
       1
       1
       0
       1
       1
       1
       2
       1
       1
       0
       1
       0
       1
       2
       0
       1
       0
       0
       0
       0
       0
       0
       0
       0
       0
       0
       0
       0
       0
       0
       0
       0
       0
       0
       0
       0
       0
       0
$ROI:
2
258 327
1318 1545
$PRESETS:
Live Time
1200
0
$ENER_FIT:
-37.406231 1.986979
$MCA_CAL:
3
-3.740623E+001 1.986979E+000 0.000000E+000 keV
$SHAPE_CAL:
3
0.000000E+000 0.000000E+000 0.000000E+000
