$SPEC_ID:
This is sample 240.
$SPEC_REM:
DET# 1
DETDESC# DIP1456 PCI-Trump SN 253
AP# Maestro Version 7.01
$DATE_MEA:
01/21/2025 10:59:52
$MEAS_TIM:
1200 1231
$DATA:
0 2047
       0
       0
       0
       0
       0
       0
       0
       0
       0
       0
       0
       0
       0
       0
       0
       0
       0
       0
       0
       0
       0
       0
       0
       0
       0
       0
       0
       0
       0
       0
       0
       0
       0
       0
       0
       0
       0
       0
       0
       0
       0
       0
       0
       0
       0
       0
       0
       0
       0
       0
       0
       0
       0
       0
      25
      30
      26
      32
      20
      26
      36
      27
      28
      21
      34
      28
      20
      35
      24
      29
      21
      26
      30
      24
      29
      24
      29
      31
      27
      22
      30
      24
      27
      29
      22
      23
      29
      23
      25
      31
      30
      28
      26
      28
      27
      27
      30
      21
      33
      26
      34
      25
      25
      21
      39
      30
      32
      25
      32
      31
      31
      28
      44
      25
      31
      29
      29
      28
      30
      34
      23
      34
      27
      31
      33
      39
      34
      32
      32
      32
      32
      30
      23
      34
      37
      34
      35
      32
      24
      24
      38
      29
      34
      32
      30
      34
      27
      23
      38
      29
      28
      25
      27
      37
      30
      34
      26
      26
      37
      39
      27
      33
      35
      38
      39
      38
      41
      32
      33
      30
      33
      29
      39
      31
      27
      33
      27
      30
      30
      36
      29
      31
      28
      27
      34
      34
      36
      32
      25
      36
      28
      41
      32
      34
      33
      20
      29
      25
      26
      35
      33
      32
      31
      26
      21
      29
      33
      36
      33
      36
      27
      31
      32
      29
      33
      36
      31
      33
      36
      38
      35
      36
      36
      38
      25
      32
      20
      24
      27
      37
      33
      33
      37
      27
      31
      24
      29
      31
      40
      29
      34
      38
      22
      38
      36
      24
      35
      38
      25
      25
      26
      33
      28
      28
      39
      29
      38
      39
      39
      20
      30
      36
      32
      25
      39
      44
      24
      32
      20
      35
      26
      23
      33
      37
      32
      29
      40
      37
      27
      37
      36
      41
      35
      41
      32
      27
      37
      35
      36
      29
      30
      52
      32
      36
      32
      24
      26
      30
      34
      35
      31
      28
      40
      32
      33
      21
      33
      18
      31
      23
      31
      41
      31
      38
      31
      39
      32
      31
      32
      23
      29
      36
      27
      42
      37
      38
      30
      30
      34
      33
      37
      32
      31
      24
      38
      37
      27
      33
      37
      25
      30
      33
      36
      21
      26
      35
      33
      31
      42
      38
      24
      29
      31
      31
      24
      29
      25
      30
      35
      38
      35
      24
      35
      22
      37
      36
      26
      36
      36
      30
      31
      34
      45
      31
      34
      33
      28
      40
      25
      28
      38
      29
      33
      30
      30
      43
      41
      35
      32
      28
      36
      28
      31
      36
      28
      37
      41
      43
      32
      30
      29
      23
      43
      42
      36
      39
      31
      31
      38
      31
      33
      44
      26
      37
      29
      44
      28
      34
      33
      32
      19
      32
      35
      30
      32
      39
      36
      33
      30
      34
      24
      34
      29
      31
      29
      33
      25
      25
      30
      28
      27
      27
      36
      30
      24
      33
      34
      43
      47
      40
      24
      36
      31
      47
      21
      29
      25
      28
      34
      32
      34
      37
      29
      33
      30
      25
      40
      31
      34
      42
      38
      32
      37
      25
      40
      42
      31
      29
      34
      36
      33
      32
      30
      28
      39
      28
      29
      39
      37
      31
      45
      34
      35
      28
      37
      34
      30
      40
      30
      31
      27
      37
      41
      34
      23
      38
      37
      42
      28
      42
      46
      37
      41
      28
      32
      44
      38
      35
      40
      19
      23
      30
      26
      38
      44
      37
      36
      32
      28
      24
      31
      34
      22
      26
      37
      41
      33
      23
      32
      39
      33
      38
      47
      35
      51
      33
      44
      28
      44
      47
      31
      38
      30
      30
      36
      23
      28
      33
      34
      39
      31
      26
      32
      33
      35
      33
      29
      29
      21
      39
      40
      34
      29
      19
      28
      41
      40
      30
      27
      37
      36
      40
      28
      38
      31
      30
      32
      21
      33
      38
      27
      35
      38
      33
      45
      28
      35
      36
      39
      35
      33
      39
      23
      40
      39
      34
      23
      34
      21
      29
      35
      30
      36
      34
      28
      25
      33
      42
      42
      24
      30
      23
      35
      35
      30
      40
      29
      37
      26
      31
      29
      40
      18
      40
      32
      33
      36
      30
      40
      27
      37
      30
      24
      22
      24
      30
      21
      32
      35
      41
      42
      30
      24
      27
      31
      22
      41
      40
      43
      42
      36
      24
      38
      29
      29
      33
      29
      23
      36
      34
      32
      35
      31
      29
      20
      28
      27
      37
      22
      33
      25
      34
      38
      26
      35
      39
      28
      36
      26
      29
      25
      31
      27
      37
      28
      17
      26
      40
      32
      32
      29
      30
      20
      29
      29
      28
      36
      37
      25
      35
      35
      35
      35
      24
      29
      18
      34
      41
      29
      25
      27
      36
      23
      35
      28
      34
      32
      27
      30
      33
      35
      25
      28
      43
      22
      29
      34
      28
      32
      33
      26
      27
      36
      23
      30
      29
      24
      21
      36
      28
      30
      23
      28
      25
      37
      36
      31
      34
      39
      37
      27
      37
      33
      36
      35
      35
      33
      21
      35
      32
      42
      29
      38
      27
      33
      32
      33
      37
      30
      31
      32
      43
      32
      26
      33
      38
      36
      33
      32
      38
      33
      40
      33
      30
      31
      33
      31
      33
      43
      26
      43
      23
      37
      33
      33
      38
      23
      33
      38
      36
      32
      39
      30
      34
      38
      27
      26
      34
      31
      34
      35
      44
      30
      25
      28
      37
      31
      40
      29
      29
      34
      26
      42
      44
      36
      34
      35
      29
      26
      38
      33
      39
      41
      34
      37
      34
      39
      38
      35
      38
      35
      24
      31
      35
      41
      38
      33
      29
      35
      26
      33
      38
      29
      41
      37
      34
      30
      39
      29
      41
      40
      44
      36
      31
      36
      35
      22
      30
      30
      35
      39
      36
      33
      21
      36
      38
      42
      40
      41
      29
      27
      31
      32
      41
      32
      31
      26
      43
      35
      38
      33
      22
      26
      32
      36
      33
      33
      25
      29
      30
      31
      38
      31
      33
      38
      32
      29
      26
      22
      30
      34
      24
      30
      23
      29
      30
      20
      13
      23
      21
      23
      21
      17
      25
      23
      23
      25
      18
      21
      22
      23
      20
      22
      18
      21
      19
      17
      22
      15
      25
      13
      20
      20
      24
      18
      16
      17
      15
       8
      14
      12
      15
      13
      13
      18
      15
      17
      19
      11
      10
       8
      12
      13
      10
      17
      11
      11
      13
       7
      13
      11
      12
       7
       8
      14
       8
       9
      12
       3
       9
       9
       9
       9
       5
      13
       9
       7
       8
      11
      10
       5
       8
       9
       8
       7
       5
       4
      12
       8
       4
       7
       6
      10
       2
      10
       6
       6
      10
       5
       5
       5
      11
       2
       2
       8
       6
       2
       9
       8
       8
      13
       7
       8
       5
       3
       6
       2
       7
       5
       5
       6
       5
       7
       6
      10
       6
       5
       5
       7
       2
       7
       2
       7
       7
       4
       4
       4
       5
       6
       6
       4
      10
       4
       6
       2
      13
       4
       6
       4
       1
       5
       7
       3
       3
       3
       4
      10
       4
       3
       8
       6
       4
       7
       7
       2
       6
       2
       4
       4
       4
       4
       3
       8
       3
       0
       7
       3
       3
       2
       1
       4
       2
       2
       3
       4
       3
       8
       2
       2
       4
       3
       5
       4
       1
       2
       5
       4
       4
       1
       3
       2
       4
       0
       4
       4
       5
       3
       2
       2
       0
       2
       3
       4
       6
       4
       4
       3
       1
       0
       2
       2
       0
       1
       5
       2
       3
       3
       2
       2
       1
       4
       1
       3
       6
       6
       2
       1
       5
       3
       3
       2
       4
       5
       3
       4
       2
       4
       1
       5
       1
       3
       4
       5
       3
       5
       2
       2
       0
       4
       1
       1
       2
       3
       3
       3
       3
       3
       3
       2
       2
       3
       2
       3
       1
       4
       1
       3
       4
       3
       3
       1
       5
       7
       1
       2
       2
       1
       4
       1
       2
       3
       1
       3
       2
       2
       3
       3
       4
       1
       4
       2
       3
       2
       2
       2
       4
       3
       6
       4
       3
       2
       4
       6
       5
       2
       7
       1
       1
       3
       2
       0
       3
       1
       3
       2
       0
       5
       2
       1
       7
       6
       1
       1
       3
       3
       4
       4
       3
       1
       3
       2
       1
       0
       3
       3
       2
       4
       5
       0
       3
       4
       2
       5
       5
       4
       2
       2
       5
       3
       5
       0
       4
       2
       4
       4
       0
       2
       5
       2
       4
       4
       1
       2
       6
       3
       3
       6
       3
       4
       1
       2
       4
       5
      10
       3
      10
       4
       7
      10
       6
       8
       5
       8
      10
       8
      10
       7
      12
      13
      11
      13
      10
      21
      17
      14
      31
      22
      14
      18
      25
      20
      24
      31
      26
      32
      28
      31
      36
      38
      28
      38
      43
      50
      50
      52
      54
      57
      47
      52
      68
      65
      65
      91
      72
      75
      95
      77
      88
      98
     110
     123
     105
      89
     129
     121
     115
     141
     134
     143
     162
     139
     171
     148
     154
     165
     164
     217
     219
     209
     213
     221
     231
     222
     223
     222
     234
     228
     235
     259
     277
     269
     257
     256
     267
     256
     290
     294
     344
     314
     317
     349
     343
     353
     379
     362
     358
     370
     375
     402
     392
     346
     392
     415
     414
     409
     428
     410
     395
     416
     413
     419
     424
     430
     402
     439
     491
     455
     456
     469
     451
     476
     482
     476
     483
     491
     439
     472
     434
     435
     465
     437
     497
     430
     424
     469
     421
     433
     412
     351
     419
     410
     416
     429
     390
     410
     406
     371
     395
     346
     395
     377
     375
     357
     369
     333
     367
     335
     354
     325
     328
     336
     316
     308
     270
     284
     282
     272
     286
     264
     264
     236
     247
     247
     236
     214
     247
     223
     218
     185
     185
     187
     179
     165
     164
     140
     149
     148
     116
     121
     131
     139
     128
     103
     117
     102
     103
     101
      86
     105
      94
      63
      71
      75
      89
      62
      53
      62
      70
      49
      56
      44
      51
      47
      49
      49
      39
      44
      54
      28
      27
      26
      30
      33
      30
      24
      20
      32
      22
       9
      18
      19
      20
      20
      14
      14
       9
      10
      15
      12
      14
       9
      12
      10
       6
       8
       7
       6
       3
       6
       5
       3
       7
       3
       6
       9
       2
       4
       0
       4
       4
       3
       1
       1
       5
       2
       5
       1
       1
       2
       2
       3
       3
       3
       1
       1
       1
       0
       1
       4
       1
       2
       1
       2
       1
       0
       1
       4
       0
       1
       0
       2
       0
       0
       1
       0
       0
       1
       1
       2
       0
       0
       1
       0
       0
       1
       0
       0
       0
       0
       1
       2
       1
       2
       1
       3
       0
       1
       1
       0
       0
       2
       0
       1
       1
       0
       1
       1
       0
       1
       1
       2
       1
       0
       5
       1
       1
       3
       1
       1
       2
       1
       1
       2
       1
       0
       2
       0
       0
       0
       0
       1
       0
       1
       3
       0
       2
       1
       0
       0
       0
       1
       1
       0
       1
       1
       0
       1
       0
       1
       2
       0
       1
       1
       1
       0
       0
       0
       0
       0
       1
       0
       1
       1
       0
       0
       1
       0
       1
       2
       1
       1
       0
       0
       0
       0
       1
       0
       2
       1
       0
       2
       0
       0
       4
       0
       2
       0
       1
       0
       0
       0
       1
       1
       0
       1
       1
       1
       1
       1
       3
       2
       1
       1
       0
       1
       2
       0
       0
       0
       1
       1
       1
       1
       0
       0
       2
       0
       0
       0
       0
       1
       1
       1
       1
       1
       0
       1
       0
       1
       2
       0
       0
       1
       1
       0
       0
       1
       0
       0
       1
       0
       1
       0
       3
       1
       0
       1
       1
       1
       0
       1
       0
       1
       0
       1
       1
       1
       0
       0
       0
       1
       1
       0
       0
       5
       1
       0
       1
       0
       2
       2
       0
       0
       0
       2
       2
       0
       1
       1
       2
       0
       1
       0
       0
       0
       2
       1
       3
       0
       0
       2
       2
       0
       1
       1
       1
       2
       1
       0
       2
       1
       1
       0
       0
       0
       0
       0
       0
       1
       2
       1
       0
       0
       1
       2
       0
       2
       1
       3
       0
       2
       2
       0
       0
       1
       0
       0
       0
       0
       1
       0
       1
       0
       0
       1
       1
       1
       0
       1
       1
       0
       1
       1
       0
       0
       2
       0
       1
       0
       0
       0
       0
       1
       1
       0
       0
       0
       0
       0
       0
       0
       0
       1
       0
       0
       1
       1
       0
       0
       0
       0
       2
       2
       0
       0
       0
       0
       2
       1
       1
       1
       0
       0
       0
       1
       0
       1
       0
       0
       0
       0
       1
       0
       0
       0
       1
       2
       0
       2
       0
       1
       2
       0
       0
       0
       1
       0
       0
       0
       0
       3
       1
       0
       0
       1
       0
       1
       1
       2
       0
       2
       0
       1
       0
       1
       0
       0
       0
       2
       2
       0
       0
       0
       1
       1
       1
       0
       0
       2
       1
       1
       0
       0
       1
       1
       2
       0
       0
       2
       1
       0
       0
       1
       0
       0
       1
       1
       0
       2
       1
       0
       1
       1
       1
       0
       0
       0
       0
       1
       1
       2
       1
       1
       0
       1
       0
       0
       1
       1
       0
       3
       1
       0
       1
       1
       0
       1
       2
       0
       1
       0
       0
       1
       1
       1
       0
       0
       0
       0
       0
       0
       0
       0
       0
       0
       0
       0
       0
       0
       0
       0
       0
       0
       0
       0
       0
       0
       0
$ROI:
2
258 327
1318 1545
$PRESETS:
Live Time
1200
0
$ENER_FIT:
-37.406231 1.986979
$MCA_CAL:
3
-3.740623E+001 1.986979E+000 0.000000E+000 keV
$SHAPE_CAL:
3
0.000000E+000 0.000000E+000 0.000000E+000
