$SPEC_ID:
This is sample 293.
$SPEC_REM:
DET# 1
DETDESC# DIP1456 PCI-Trump SN 253
AP# Maestro Version 7.01
$DATE_MEA:
01/22/2025 06:36:28
$MEAS_TIM:
1200 1231
$DATA:
0 2047
       0
       0
       0
       0
       0
       0
       0
       0
       0
       0
       0
       0
       0
       0
       0
       0
       0
       0
       0
       0
       0
       0
       0
       0
       0
       0
       0
       0
       0
       0
       0
       0
       0
       0
       0
       0
       0
       0
       0
       0
       0
       0
       0
       0
       0
       0
       0
       0
       0
       0
       0
       0
       0
       2
      19
      35
      27
      27
      33
      33
      23
      24
      30
      31
      29
      37
      36
      18
      25
      29
      36
      21
      31
      29
      30
      32
      35
      24
      19
      32
      27
      40
      23
      20
      22
      29
      28
      19
      19
      33
      25
      31
      21
      20
      25
      33
      29
      37
      38
      37
      31
      27
      31
      44
      26
      38
      34
      25
      35
      27
      25
      28
      27
      31
      41
      23
      26
      41
      31
      29
      34
      34
      29
      33
      31
      26
      29
      21
      29
      29
      33
      31
      27
      38
      39
      38
      34
      28
      35
      32
      35
      34
      32
      27
      27
      31
      28
      33
      36
      27
      33
      22
      34
      29
      34
      33
      34
      36
      26
      40
      31
      15
      27
      27
      32
      34
      25
      33
      30
      28
      30
      27
      28
      25
      40
      35
      37
      33
      25
      30
      32
      40
      32
      32
      34
      21
      26
      27
      31
      33
      31
      35
      23
      31
      31
      34
      23
      23
      30
      22
      38
      35
      25
      32
      32
      27
      22
      36
      41
      41
      28
      27
      30
      31
      25
      28
      28
      27
      26
      33
      34
      34
      39
      37
      30
      27
      28
      26
      23
      38
      28
      32
      30
      29
      30
      24
      29
      25
      30
      34
      28
      38
      47
      40
      35
      34
      34
      31
      33
      34
      39
      36
      33
      39
      27
      31
      27
      29
      34
      24
      32
      32
      34
      23
      31
      27
      39
      36
      33
      31
      28
      37
      23
      36
      35
      38
      31
      35
      37
      26
      42
      30
      33
      38
      40
      33
      35
      31
      37
      35
      29
      44
      40
      29
      21
      22
      39
      23
      31
      29
      30
      26
      35
      29
      25
      39
      32
      25
      38
      32
      37
      27
      29
      32
      23
      39
      33
      33
      34
      41
      25
      38
      41
      30
      31
      30
      25
      34
      30
      26
      32
      32
      22
      37
      26
      43
      31
      25
      25
      41
      28
      34
      32
      34
      30
      33
      31
      41
      30
      31
      26
      30
      38
      33
      34
      30
      22
      34
      35
      37
      35
      35
      21
      45
      25
      25
      36
      28
      35
      30
      27
      40
      48
      37
      34
      24
      29
      22
      32
      31
      30
      35
      27
      34
      35
      36
      32
      34
      22
      40
      30
      25
      23
      29
      39
      34
      38
      29
      28
      32
      31
      40
      37
      33
      34
      32
      30
      28
      33
      29
      37
      44
      37
      32
      30
      43
      23
      37
      26
      32
      40
      32
      41
      22
      29
      36
      39
      23
      27
      32
      31
      29
      30
      34
      30
      34
      33
      35
      35
      41
      30
      44
      29
      31
      34
      35
      30
      31
      29
      35
      28
      36
      19
      26
      33
      27
      29
      29
      28
      24
      33
      35
      33
      25
      30
      37
      31
      34
      31
      39
      25
      28
      37
      39
      32
      29
      32
      32
      37
      23
      29
      34
      22
      41
      20
      20
      37
      29
      34
      33
      31
      38
      28
      35
      39
      28
      34
      31
      25
      35
      24
      35
      38
      49
      30
      36
      39
      36
      43
      43
      26
      34
      36
      30
      29
      39
      34
      32
      42
      46
      29
      36
      40
      37
      42
      31
      42
      45
      34
      28
      31
      29
      25
      37
      42
      46
      30
      26
      31
      41
      39
      29
      44
      35
      32
      37
      40
      29
      46
      28
      34
      41
      39
      36
      29
      29
      35
      32
      36
      48
      29
      38
      42
      43
      34
      30
      31
      36
      44
      35
      37
      37
      35
      33
      30
      29
      30
      40
      22
      33
      29
      30
      40
      37
      35
      34
      28
      41
      29
      46
      35
      36
      26
      34
      34
      44
      35
      30
      28
      29
      20
      34
      42
      33
      37
      37
      35
      27
      42
      28
      27
      33
      29
      46
      29
      34
      30
      33
      32
      31
      43
      38
      38
      40
      30
      31
      36
      22
      26
      30
      37
      33
      29
      35
      31
      37
      32
      29
      28
      30
      42
      33
      38
      40
      33
      33
      32
      32
      31
      31
      42
      32
      32
      40
      37
      37
      36
      36
      27
      28
      32
      29
      32
      32
      37
      34
      35
      18
      28
      33
      28
      41
      37
      36
      33
      31
      35
      26
      35
      27
      24
      26
      20
      22
      31
      39
      31
      33
      41
      30
      26
      35
      35
      29
      23
      23
      37
      28
      19
      30
      31
      35
      33
      33
      27
      42
      23
      25
      31
      30
      44
      49
      29
      28
      27
      37
      32
      42
      30
      42
      42
      30
      31
      25
      25
      21
      46
      34
      29
      34
      27
      30
      29
      31
      27
      32
      33
      25
      21
      27
      23
      34
      26
      28
      35
      32
      37
      35
      39
      35
      43
      27
      30
      29
      32
      28
      40
      33
      27
      36
      38
      29
      30
      35
      41
      38
      30
      27
      25
      37
      39
      40
      32
      28
      25
      34
      24
      25
      27
      35
      38
      28
      37
      30
      33
      39
      32
      37
      34
      27
      40
      36
      31
      37
      33
      33
      30
      35
      34
      27
      38
      28
      46
      32
      31
      30
      39
      36
      37
      36
      31
      35
      26
      29
      44
      39
      45
      30
      40
      34
      38
      49
      35
      35
      21
      22
      35
      39
      29
      36
      43
      22
      29
      42
      28
      30
      35
      38
      38
      26
      39
      26
      32
      32
      33
      35
      39
      32
      33
      24
      27
      32
      24
      34
      26
      38
      38
      38
      32
      36
      33
      34
      28
      39
      30
      32
      35
      36
      37
      31
      27
      34
      33
      25
      37
      30
      37
      28
      47
      28
      36
      38
      29
      51
      37
      34
      40
      38
      26
      39
      39
      39
      32
      45
      30
      43
      31
      44
      33
      29
      22
      30
      32
      31
      40
      35
      40
      37
      39
      27
      23
      25
      31
      37
      31
      31
      38
      33
      28
      32
      22
      19
      20
      27
      26
      24
      33
      25
      28
      17
      31
      24
      25
      24
      22
      25
      15
      22
      19
      20
      26
      10
      20
      23
      17
      19
      24
      24
      15
      18
      17
      24
      23
      26
      14
      12
      22
      14
      18
      19
      10
       9
      19
      19
      13
      13
      13
      11
       6
      14
      10
       7
       8
       2
      15
       9
      11
       9
       9
      10
       9
      11
      11
      15
      15
       8
      10
      14
       5
      12
      13
      12
      12
       4
      12
       9
       7
      12
       8
      10
      13
      10
       9
       7
       9
       2
      10
       8
       5
       6
       4
      10
       5
      14
       8
       9
      13
       4
       6
      11
      13
       2
       9
       8
       4
      10
       8
      10
       3
       3
       6
      11
       6
       6
       8
       8
       6
       5
       3
       8
       6
       5
       7
       5
       6
       6
       8
       6
       5
       4
       4
       1
       6
       9
       9
       2
       7
      11
       6
       5
       4
       7
       2
       0
       1
       2
       5
       3
       3
       3
       3
       6
       3
       3
       2
       6
       3
       4
       1
       0
       4
       3
       5
       1
       3
       2
       5
       6
       2
       4
       1
       4
       4
       3
       5
       4
       5
       3
       1
       4
       0
       3
       2
       2
       4
       4
       5
       3
       3
       5
       2
       6
       5
       4
       5
       2
       6
       4
       1
       3
       6
       1
       5
       2
       0
       4
       2
       5
       3
       5
       0
       5
       0
       2
       6
       1
       2
       2
       2
       2
       4
       6
       2
       5
       7
       1
       1
       7
       3
       4
       1
       1
       0
       2
       4
       6
       3
       7
       4
       7
       4
       1
       1
       3
       1
       1
       1
       1
       2
       0
       2
       4
       1
       0
       2
       3
       0
       2
       2
       1
       3
       4
       1
       2
       0
       2
       4
       3
       2
       2
       1
       2
       2
       5
       2
       3
       7
       1
       3
       2
       1
       1
       4
       4
       3
       3
       2
       2
       1
       1
       3
       1
       2
       1
       4
       2
       3
       1
       3
       2
       2
       6
       2
       7
       2
       1
       1
       1
       3
       2
       3
       1
       3
       5
       4
       3
       5
       0
       7
       1
       1
       3
       2
       4
       3
       4
       2
       4
       2
       2
       3
       1
       2
       3
       3
       1
       3
       4
       3
       3
       4
       2
       5
       4
       3
       5
       4
       6
       2
       1
       2
       3
       2
       6
       4
       2
       1
       0
       2
       5
       4
       0
       4
       2
       4
       6
       3
       3
       3
       2
       3
       8
       5
       1
       4
       7
       3
       6
       3
       2
       6
       3
       8
       8
       6
       6
       6
       8
      13
       2
       7
       8
      14
       9
      11
      10
      10
      18
      11
      11
      10
      16
      13
      15
      21
      20
      18
      14
      27
      18
      27
      22
      25
      30
      31
      22
      30
      25
      28
      30
      33
      40
      42
      46
      59
      40
      56
      64
      64
      68
      65
      60
      80
      75
      73
      87
      98
     102
     101
      90
      82
     107
     123
     104
     117
     119
     129
     142
     145
     151
     161
     144
     128
     172
     174
     162
     165
     217
     194
     202
     202
     212
     208
     224
     216
     235
     229
     250
     257
     232
     251
     295
     277
     274
     272
     287
     295
     313
     310
     312
     311
     326
     296
     338
     328
     349
     362
     363
     340
     352
     357
     347
     394
     404
     400
     407
     379
     446
     425
     419
     433
     417
     402
     426
     421
     413
     439
     427
     428
     448
     458
     408
     452
     484
     443
     455
     436
     414
     433
     436
     443
     468
     432
     454
     438
     430
     437
     415
     502
     437
     392
     396
     430
     383
     441
     459
     391
     375
     401
     354
     365
     380
     361
     354
     332
     348
     334
     330
     349
     307
     318
     347
     325
     296
     284
     301
     270
     252
     249
     256
     233
     260
     235
     233
     223
     220
     210
     199
     182
     175
     203
     185
     195
     152
     164
     144
     151
     153
     133
     149
     164
     141
     130
     119
     121
     107
     115
      89
      98
      99
      88
     107
      82
      84
      80
      82
      69
      78
      60
      50
      57
      47
      43
      40
      43
      58
      45
      42
      39
      37
      44
      43
      34
      36
      32
      28
      21
      20
      16
      20
      23
      15
      17
      15
      22
      17
      17
       6
       9
       9
      10
      15
       7
       7
       7
       8
       9
       6
       9
       9
      11
       3
       5
       2
       5
       2
       1
       4
       3
       4
       0
       0
       0
       3
       3
       4
       3
       4
       1
       2
       3
       3
       3
       3
       4
       3
       4
       2
       0
       3
       2
       1
       0
       0
       0
       1
       0
       2
       0
       0
       0
       2
       1
       1
       1
       0
       1
       1
       1
       1
       1
       0
       0
       0
       2
       3
       0
       2
       1
       1
       2
       1
       1
       4
       0
       1
       0
       0
       2
       0
       0
       0
       1
       2
       2
       1
       1
       0
       1
       0
       0
       2
       1
       3
       2
       1
       0
       1
       2
       1
       0
       2
       0
       0
       0
       0
       0
       0
       0
       1
       0
       0
       1
       0
       4
       1
       2
       1
       0
       1
       0
       0
       2
       0
       1
       3
       1
       0
       1
       0
       0
       0
       0
       1
       2
       0
       0
       0
       1
       1
       3
       0
       1
       2
       1
       0
       0
       2
       0
       1
       1
       0
       1
       0
       0
       1
       1
       1
       0
       1
       0
       0
       3
       0
       2
       0
       1
       2
       3
       3
       0
       1
       2
       2
       0
       0
       0
       0
       0
       1
       0
       1
       0
       1
       0
       0
       0
       3
       0
       1
       0
       0
       0
       1
       2
       0
       1
       1
       0
       2
       0
       1
       0
       1
       0
       1
       1
       0
       2
       0
       0
       1
       0
       0
       0
       0
       0
       1
       0
       1
       3
       0
       0
       0
       1
       0
       2
       1
       1
       1
       1
       0
       0
       0
       0
       0
       1
       0
       0
       0
       0
       3
       0
       1
       1
       0
       0
       0
       0
       1
       1
       0
       1
       1
       0
       1
       0
       1
       0
       2
       1
       1
       0
       1
       2
       2
       1
       0
       0
       1
       1
       0
       1
       0
       1
       1
       0
       0
       0
       1
       0
       3
       0
       1
       0
       1
       0
       2
       0
       1
       1
       1
       0
       0
       2
       1
       1
       0
       0
       0
       0
       2
       0
       0
       0
       0
       0
       0
       1
       0
       0
       0
       2
       1
       0
       1
       0
       0
       0
       1
       1
       3
       0
       2
       2
       0
       1
       0
       0
       1
       1
       2
       1
       0
       1
       0
       1
       2
       1
       0
       0
       2
       0
       1
       0
       0
       2
       1
       0
       2
       0
       1
       1
       2
       0
       1
       1
       0
       0
       0
       1
       1
       2
       1
       0
       0
       0
       0
       0
       1
       1
       0
       0
       0
       0
       0
       1
       0
       0
       0
       0
       0
       2
       0
       0
       1
       0
       0
       0
       0
       1
       0
       0
       2
       1
       1
       0
       1
       1
       0
       0
       1
       0
       1
       0
       1
       0
       2
       0
       0
       0
       3
       0
       0
       2
       0
       0
       1
       0
       0
       0
       1
       0
       0
       1
       1
       0
       1
       2
       0
       1
       1
       0
       0
       2
       1
       2
       0
       1
       1
       1
       0
       0
       1
       0
       0
       2
       0
       0
       0
       1
       0
       1
       0
       0
       0
       2
       1
       0
       0
       1
       0
       2
       1
       1
       0
       0
       0
       0
       1
       0
       0
       0
       0
       0
       0
       0
       0
       1
       0
       1
       0
       0
       0
       0
       0
       0
       0
       0
       0
       0
       0
       0
       0
       0
       0
       0
       0
$ROI:
2
258 327
1318 1545
$PRESETS:
Live Time
1200
0
$ENER_FIT:
-37.406231 1.986979
$MCA_CAL:
3
-3.740623E+001 1.986979E+000 0.000000E+000 keV
$SHAPE_CAL:
3
0.000000E+000 0.000000E+000 0.000000E+000
