$SPEC_ID:
This is sample 132.
$SPEC_REM:
DET# 1
DETDESC# DIP1456 PCI-Trump SN 253
AP# Maestro Version 7.01
$DATE_MEA:
01/19/2025 19:02:16
$MEAS_TIM:
1200 1231
$DATA:
0 2047
       0
       0
       0
       0
       0
       0
       0
       0
       0
       0
       0
       0
       0
       0
       0
       0
       0
       0
       0
       0
       0
       0
       0
       0
       0
       0
       0
       0
       0
       0
       0
       0
       0
       0
       0
       0
       0
       0
       0
       0
       0
       0
       0
       0
       0
       0
       0
       0
       0
       0
       0
       0
       0
       2
      18
      18
      20
      25
      29
      29
      32
      32
      28
      28
      21
      31
      31
      22
      25
      26
      26
      17
      28
      33
      29
      13
      23
      27
      27
      33
      36
      24
      33
      37
      31
      27
      27
      26
      21
      26
      27
      32
      28
      29
      36
      32
      26
      34
      23
      37
      25
      18
      27
      31
      30
      35
      25
      22
      27
      31
      35
      29
      28
      21
      46
      26
      29
      30
      25
      41
      26
      29
      35
      27
      29
      21
      27
      39
      29
      32
      24
      33
      28
      22
      31
      39
      39
      24
      31
      30
      37
      31
      28
      35
      26
      26
      38
      25
      25
      21
      28
      24
      23
      28
      29
      26
      24
      39
      29
      28
      21
      28
      26
      39
      33
      28
      33
      40
      23
      31
      20
      32
      35
      29
      27
      44
      23
      23
      36
      40
      31
      31
      34
      28
      32
      29
      33
      39
      28
      31
      36
      30
      37
      27
      31
      35
      40
      22
      18
      28
      38
      34
      36
      44
      23
      22
      32
      30
      30
      24
      29
      29
      28
      31
      29
      31
      30
      35
      36
      38
      35
      36
      26
      38
      28
      24
      22
      36
      31
      39
      19
      23
      35
      39
      34
      31
      29
      36
      29
      32
      45
      34
      35
      33
      29
      42
      27
      38
      35
      36
      32
      32
      31
      31
      20
      28
      29
      37
      26
      27
      26
      37
      28
      32
      42
      24
      39
      25
      31
      33
      19
      30
      33
      26
      27
      27
      44
      25
      40
      33
      37
      37
      33
      28
      32
      28
      28
      29
      30
      26
      34
      30
      28
      34
      32
      36
      22
      25
      32
      35
      35
      25
      38
      33
      42
      40
      45
      28
      33
      35
      25
      39
      23
      37
      39
      27
      28
      34
      38
      34
      21
      41
      34
      32
      33
      32
      35
      32
      34
      33
      31
      29
      26
      36
      32
      21
      39
      34
      25
      34
      29
      41
      41
      30
      29
      26
      40
      33
      28
      27
      49
      32
      33
      38
      36
      28
      27
      31
      26
      36
      38
      25
      36
      29
      36
      29
      31
      30
      28
      29
      26
      35
      26
      34
      31
      40
      39
      41
      30
      36
      26
      28
      22
      37
      20
      32
      33
      32
      31
      36
      19
      40
      37
      35
      28
      34
      31
      23
      31
      32
      43
      26
      44
      39
      28
      34
      28
      29
      31
      39
      27
      32
      47
      34
      28
      28
      31
      44
      33
      41
      31
      29
      45
      39
      33
      28
      20
      36
      41
      29
      29
      29
      38
      41
      38
      35
      32
      35
      29
      40
      30
      24
      17
      32
      28
      34
      24
      37
      31
      29
      30
      37
      38
      21
      31
      30
      30
      26
      38
      28
      40
      26
      25
      39
      29
      30
      36
      33
      25
      25
      27
      34
      18
      36
      33
      39
      36
      31
      34
      37
      46
      31
      30
      36
      29
      33
      36
      40
      39
      36
      36
      38
      25
      31
      24
      34
      33
      41
      31
      35
      39
      39
      41
      35
      40
      37
      33
      37
      32
      31
      32
      43
      30
      44
      29
      39
      27
      28
      38
      31
      39
      41
      35
      37
      40
      38
      39
      32
      34
      28
      41
      35
      28
      37
      28
      46
      43
      33
      34
      30
      33
      29
      34
      43
      41
      40
      39
      43
      47
      30
      26
      38
      31
      32
      22
      35
      35
      28
      36
      39
      30
      34
      31
      28
      34
      38
      35
      40
      45
      45
      41
      29
      44
      41
      28
      40
      30
      27
      39
      34
      28
      29
      33
      33
      30
      40
      36
      43
      32
      34
      30
      43
      31
      35
      34
      32
      24
      42
      36
      33
      34
      40
      34
      26
      34
      28
      30
      35
      31
      31
      39
      21
      23
      24
      38
      32
      36
      36
      28
      27
      31
      25
      24
      26
      37
      28
      35
      30
      33
      42
      31
      34
      39
      33
      26
      30
      31
      28
      23
      47
      36
      28
      31
      36
      25
      28
      40
      36
      43
      23
      27
      30
      28
      35
      25
      27
      38
      30
      35
      27
      32
      28
      31
      29
      42
      35
      31
      24
      29
      23
      32
      30
      34
      42
      35
      34
      34
      29
      24
      33
      29
      34
      27
      33
      30
      30
      34
      34
      20
      28
      27
      25
      34
      36
      31
      22
      28
      27
      37
      27
      44
      39
      34
      41
      31
      36
      31
      36
      32
      37
      35
      23
      32
      32
      32
      28
      39
      33
      29
      33
      36
      22
      19
      28
      26
      41
      28
      42
      36
      28
      23
      31
      44
      22
      32
      34
      32
      25
      28
      33
      27
      23
      35
      27
      39
      33
      27
      34
      38
      27
      34
      30
      34
      23
      27
      27
      34
      32
      36
      31
      38
      34
      34
      39
      28
      36
      40
      32
      25
      26
      28
      35
      29
      28
      44
      47
      27
      38
      26
      41
      26
      26
      28
      44
      37
      38
      54
      35
      35
      33
      32
      38
      30
      29
      41
      34
      22
      41
      25
      31
      36
      26
      28
      31
      31
      33
      32
      24
      40
      36
      28
      36
      27
      37
      37
      40
      32
      42
      32
      34
      36
      27
      26
      27
      27
      38
      35
      40
      32
      32
      33
      40
      43
      33
      31
      30
      27
      36
      38
      31
      34
      38
      42
      32
      43
      42
      32
      26
      48
      34
      38
      47
      32
      39
      28
      31
      32
      32
      38
      25
      34
      42
      35
      35
      38
      33
      40
      40
      37
      44
      33
      37
      28
      34
      42
      40
      47
      27
      29
      25
      37
      37
      31
      42
      44
      28
      42
      29
      33
      41
      30
      39
      29
      39
      23
      30
      39
      35
      30
      30
      32
      33
      29
      25
      37
      34
      32
      41
      31
      34
      30
      25
      31
      33
      26
      40
      24
      26
      31
      34
      32
      29
      27
      21
      26
      33
      38
      23
      28
      26
      27
      24
      24
      24
      16
      32
      20
      23
      18
      22
      21
      26
      21
      18
      20
      16
      20
      19
      20
      25
      19
      10
      19
      16
      18
      11
      17
      18
      19
      14
      13
      11
      18
      16
      11
      14
      10
       9
       7
      13
      12
      16
      12
       8
       8
      15
       8
      14
      13
      13
      13
      10
       6
       9
       9
       8
      10
      11
      16
      11
      10
      10
       6
      12
       8
      13
       7
      12
       9
       9
       6
      11
       7
       1
       5
       9
       4
       6
      12
       3
       5
       9
      11
       8
      11
       6
       7
       6
       4
       5
       3
       5
      11
       7
       3
       8
       6
       4
       7
       9
       5
       5
       4
       9
       2
       4
       6
       5
      10
       6
       7
       3
       5
       3
      11
       4
       5
       7
       9
       1
       5
       3
       8
       3
       6
       8
       2
       3
       4
       1
       8
       2
       2
       2
       5
       4
       2
       3
       7
       6
       7
       4
       4
       1
       6
       8
       2
       4
       5
       3
       3
       9
       6
       3
       2
       3
       4
       2
       5
       5
       3
       6
       4
       6
       5
       3
       1
       3
       5
       6
       5
       4
       1
       3
       5
       4
       5
       2
       3
       5
       3
       3
       1
       4
       1
       1
       2
       2
       4
       4
       3
       4
       3
       1
       5
       1
       2
       1
       3
       5
       3
       6
       1
       2
       4
       4
       3
       3
       1
       4
       4
       5
       3
       5
       1
       6
       5
       2
       3
       1
       3
       5
       2
       1
       2
       2
       2
       9
       3
       2
       1
       5
       2
       3
       2
       4
       2
       2
       0
       1
       4
       3
       5
       2
       3
       4
       7
       1
       2
       0
       1
       5
       1
       3
       3
       5
       4
       2
       3
       4
       2
       1
       1
       4
       4
       1
       3
       2
       4
       5
       4
       7
       4
       4
       3
       2
       3
       0
       0
       1
       3
       5
       3
       3
       4
       0
       5
       4
       2
       2
       3
       2
       1
       4
       1
       3
       0
       2
       2
       2
       2
       2
       2
       1
       5
       2
       6
       3
       6
       2
       5
       3
       1
       1
       4
       3
       3
       6
       5
       5
       1
       3
       2
       0
       3
       3
       3
       1
       2
       2
       3
       3
       1
       3
       0
       3
       2
       2
       3
       5
       2
       4
       5
       3
       1
       2
       2
       4
       3
       4
       5
       2
       3
       3
       4
       1
       3
       5
       2
       6
       8
       5
       3
       1
       3
       4
       2
       5
       9
       3
       4
       6
       2
       7
       6
       4
       4
       8
       4
       6
       7
       7
       4
      14
       7
       9
      12
      11
       9
      17
      18
       8
      17
      14
      13
      20
      19
      18
      15
      21
      22
      24
      22
      39
      29
      25
      29
      40
      32
      50
      35
      44
      43
      43
      63
      62
      67
      51
      64
      67
      70
      60
      68
      88
      74
      75
      78
      92
      87
      85
      81
     100
      99
     123
     123
     117
     124
     132
     138
     152
     139
     157
     160
     167
     152
     171
     187
     196
     191
     165
     203
     201
     197
     211
     219
     216
     247
     227
     264
     280
     229
     254
     277
     294
     277
     331
     316
     320
     314
     304
     291
     345
     342
     329
     344
     345
     399
     354
     343
     403
     376
     395
     360
     381
     409
     367
     423
     402
     379
     425
     425
     426
     388
     428
     469
     432
     438
     441
     473
     429
     446
     469
     422
     449
     469
     455
     456
     425
     436
     434
     449
     441
     455
     426
     426
     418
     410
     425
     420
     453
     444
     433
     400
     434
     408
     377
     367
     377
     368
     387
     355
     394
     336
     394
     348
     373
     317
     335
     321
     323
     308
     341
     324
     292
     316
     288
     286
     292
     267
     260
     272
     204
     229
     247
     226
     220
     206
     212
     197
     169
     187
     171
     167
     175
     150
     178
     131
     146
     127
     142
     147
     139
     111
     133
     106
     137
     102
      94
     105
     100
      83
      92
     105
      67
      68
      58
      65
      69
      69
      62
      52
      47
      53
      48
      60
      44
      41
      46
      28
      34
      40
      37
      26
      22
      30
      26
      27
      37
      22
      15
      14
      17
      14
      15
      23
      17
      12
      11
      10
      11
      10
       8
      16
       9
      11
       5
       4
       4
      10
       4
       5
       1
       6
       6
       3
       1
       6
       2
       0
       6
       1
       1
       3
       2
       2
       0
       2
       1
       4
       0
       2
       2
       1
       0
       0
       1
       0
       1
       2
       1
       3
       0
       1
       2
       0
       0
       1
       1
       2
       1
       1
       0
       3
       0
       1
       2
       0
       2
       1
       1
       2
       3
       0
       0
       0
       2
       1
       3
       0
       2
       1
       0
       1
       2
       2
       1
       0
       0
       0
       2
       2
       2
       1
       1
       2
       0
       0
       2
       4
       1
       1
       0
       0
       1
       0
       2
       0
       0
       0
       1
       0
       0
       0
       2
       1
       1
       1
       1
       2
       0
       3
       0
       2
       0
       1
       1
       0
       1
       1
       1
       0
       1
       0
       0
       1
       0
       0
       1
       0
       1
       1
       2
       1
       1
       2
       1
       0
       0
       0
       1
       1
       1
       1
       2
       0
       1
       2
       0
       2
       1
       0
       1
       1
       1
       2
       1
       1
       2
       0
       0
       1
       0
       0
       0
       1
       0
       0
       1
       3
       0
       2
       0
       0
       1
       0
       0
       1
       1
       0
       1
       0
       2
       3
       1
       1
       0
       0
       1
       1
       0
       1
       0
       0
       2
       0
       0
       2
       0
       0
       0
       0
       0
       0
       1
       0
       0
       0
       2
       1
       1
       0
       1
       0
       1
       0
       0
       0
       1
       0
       0
       1
       0
       0
       1
       0
       1
       0
       0
       0
       0
       0
       1
       0
       0
       1
       1
       0
       1
       0
       1
       1
       1
       1
       1
       0
       2
       0
       1
       0
       0
       1
       3
       2
       3
       1
       0
       0
       1
       1
       2
       3
       2
       4
       0
       1
       1
       1
       0
       2
       0
       0
       0
       0
       1
       1
       0
       0
       0
       0
       2
       0
       1
       1
       2
       1
       0
       0
       1
       0
       0
       0
       0
       1
       0
       1
       3
       1
       4
       0
       0
       2
       1
       2
       2
       0
       0
       1
       0
       1
       0
       0
       1
       0
       2
       0
       0
       0
       1
       0
       0
       2
       0
       0
       0
       0
       0
       2
       0
       1
       1
       1
       1
       0
       0
       4
       2
       0
       0
       0
       2
       1
       0
       1
       0
       1
       0
       1
       0
       0
       1
       0
       0
       0
       0
       3
       1
       0
       0
       0
       0
       2
       0
       0
       0
       1
       0
       0
       1
       0
       1
       0
       0
       0
       0
       0
       1
       0
       0
       0
       1
       1
       0
       1
       0
       0
       0
       1
       1
       0
       0
       0
       1
       0
       0
       1
       1
       2
       0
       0
       1
       0
       0
       0
       1
       0
       0
       0
       0
       2
       1
       2
       0
       0
       0
       0
       0
       0
       0
       1
       1
       1
       1
       0
       0
       0
       0
       0
       1
       1
       0
       0
       0
       0
       0
       2
       1
       0
       0
       1
       1
       1
       0
       1
       1
       2
       0
       0
       0
       1
       0
       0
       0
       3
       0
       1
       0
       2
       1
       1
       1
       3
       1
       0
       0
       0
       1
       0
       0
       0
       1
       0
       0
       1
       0
       0
       0
       0
       0
       0
       0
       0
       0
       0
       0
       0
       0
       0
       0
       0
       0
       0
       0
       0
       0
       0
       0
       0
       0
$ROI:
2
258 327
1318 1545
$PRESETS:
Live Time
1200
0
$ENER_FIT:
-37.406231 1.986979
$MCA_CAL:
3
-3.740623E+001 1.986979E+000 0.000000E+000 keV
$SHAPE_CAL:
3
0.000000E+000 0.000000E+000 0.000000E+000
