$SPEC_ID:
This is sample 190.
$SPEC_REM:
DET# 1
DETDESC# DIP1456 PCI-Trump SN 253
AP# Maestro Version 7.01
$DATE_MEA:
01/20/2025 16:29:52
$MEAS_TIM:
1200 1231
$DATA:
0 2047
       0
       0
       0
       0
       0
       0
       0
       0
       0
       0
       0
       0
       0
       0
       0
       0
       0
       0
       0
       0
       0
       0
       0
       0
       0
       0
       0
       0
       0
       0
       0
       0
       0
       0
       0
       0
       0
       0
       0
       0
       0
       0
       0
       0
       0
       0
       0
       0
       0
       0
       0
       0
       0
       1
      21
      34
      24
      27
      25
      20
      31
      34
      26
      27
      21
      38
      31
      24
      17
      29
      21
      31
      39
      26
      33
      25
      24
      26
      30
      27
      28
      30
      29
      37
      29
      34
      32
      27
      34
      19
      30
      30
      33
      35
      32
      33
      32
      20
      22
      26
      27
      38
      25
      29
      23
      29
      24
      21
      24
      38
      24
      34
      31
      37
      32
      27
      33
      29
      32
      29
      43
      33
      31
      32
      22
      23
      23
      35
      26
      26
      26
      22
      34
      33
      34
      39
      26
      22
      37
      38
      26
      36
      22
      34
      30
      35
      35
      37
      28
      37
      38
      33
      28
      32
      49
      31
      27
      26
      37
      40
      39
      34
      32
      34
      31
      25
      28
      32
      29
      39
      35
      30
      31
      35
      41
      32
      36
      25
      29
      42
      33
      28
      31
      29
      34
      31
      25
      37
      30
      31
      30
      29
      30
      34
      49
      31
      31
      40
      24
      31
      29
      34
      37
      25
      33
      30
      33
      25
      41
      30
      31
      37
      28
      33
      33
      34
      26
      31
      35
      32
      32
      28
      28
      42
      43
      32
      32
      39
      27
      32
      27
      35
      35
      31
      35
      35
      28
      25
      29
      37
      44
      31
      30
      36
      41
      25
      31
      29
      36
      35
      30
      23
      48
      28
      37
      29
      34
      34
      32
      26
      28
      19
      29
      26
      37
      39
      33
      26
      30
      31
      33
      37
      34
      28
      32
      29
      38
      29
      29
      30
      34
      27
      40
      24
      23
      36
      39
      25
      33
      32
      28
      28
      32
      33
      31
      30
      31
      36
      36
      27
      32
      26
      29
      25
      38
      29
      38
      41
      38
      34
      32
      28
      43
      32
      30
      38
      36
      30
      26
      26
      38
      35
      27
      38
      31
      33
      37
      30
      29
      33
      27
      36
      35
      36
      38
      26
      28
      30
      42
      22
      40
      25
      41
      26
      33
      31
      30
      41
      26
      38
      24
      29
      32
      35
      29
      22
      40
      36
      32
      37
      37
      23
      23
      29
      38
      33
      24
      24
      30
      33
      30
      37
      28
      32
      30
      39
      35
      31
      40
      32
      35
      27
      37
      41
      28
      37
      32
      32
      26
      25
      20
      29
      37
      31
      38
      37
      36
      33
      33
      34
      20
      49
      45
      20
      28
      28
      38
      33
      36
      35
      31
      28
      38
      22
      34
      38
      19
      31
      28
      29
      38
      39
      33
      31
      39
      29
      33
      30
      33
      39
      37
      28
      35
      28
      37
      39
      28
      31
      41
      36
      23
      33
      26
      34
      35
      38
      29
      24
      34
      31
      41
      45
      29
      38
      23
      31
      30
      33
      29
      26
      31
      29
      34
      33
      33
      27
      26
      29
      28
      31
      46
      42
      30
      35
      33
      27
      35
      32
      37
      30
      35
      34
      38
      48
      32
      27
      36
      40
      37
      40
      37
      34
      33
      22
      30
      36
      41
      33
      24
      37
      35
      34
      35
      30
      22
      40
      27
      20
      36
      29
      44
      33
      37
      44
      43
      26
      28
      36
      37
      36
      35
      26
      39
      39
      28
      27
      41
      31
      39
      39
      33
      45
      38
      36
      34
      40
      37
      31
      48
      41
      41
      32
      48
      43
      23
      38
      36
      36
      35
      36
      40
      30
      31
      41
      45
      38
      43
      40
      36
      38
      34
      42
      31
      42
      40
      33
      23
      34
      29
      39
      31
      33
      33
      25
      28
      26
      37
      35
      35
      31
      28
      18
      28
      27
      30
      30
      30
      37
      31
      41
      26
      30
      31
      34
      37
      30
      35
      38
      32
      24
      28
      32
      39
      39
      24
      25
      29
      46
      24
      33
      29
      37
      29
      28
      40
      39
      33
      40
      26
      34
      38
      30
      31
      34
      35
      30
      25
      37
      31
      33
      31
      33
      35
      31
      34
      35
      34
      34
      38
      22
      36
      30
      27
      42
      35
      32
      35
      24
      30
      39
      35
      39
      31
      36
      30
      32
      20
      22
      28
      38
      24
      27
      32
      31
      39
      24
      28
      38
      49
      22
      29
      26
      29
      29
      25
      36
      27
      24
      25
      22
      35
      31
      35
      30
      28
      24
      35
      29
      33
      36
      26
      25
      26
      27
      33
      33
      31
      23
      40
      34
      41
      31
      34
      21
      34
      29
      26
      33
      24
      34
      28
      32
      28
      28
      28
      25
      32
      34
      31
      42
      28
      30
      28
      26
      34
      29
      36
      30
      42
      34
      30
      36
      11
      36
      30
      38
      37
      26
      21
      40
      27
      39
      29
      23
      27
      37
      39
      34
      36
      37
      34
      32
      30
      41
      28
      38
      41
      21
      40
      31
      18
      40
      37
      33
      31
      34
      38
      28
      33
      30
      22
      35
      22
      31
      30
      26
      31
      24
      41
      30
      42
      34
      36
      40
      41
      31
      33
      24
      41
      31
      29
      32
      40
      31
      35
      41
      31
      29
      49
      33
      37
      39
      27
      45
      40
      33
      33
      35
      29
      53
      31
      31
      46
      22
      36
      46
      30
      19
      33
      36
      36
      37
      36
      39
      40
      33
      31
      23
      37
      34
      31
      31
      35
      28
      47
      36
      38
      38
      39
      28
      43
      31
      38
      37
      45
      33
      37
      43
      36
      25
      36
      29
      38
      35
      46
      30
      39
      41
      36
      29
      34
      26
      44
      40
      29
      40
      42
      42
      40
      36
      38
      31
      30
      24
      32
      44
      37
      23
      31
      28
      39
      43
      42
      40
      39
      35
      30
      37
      35
      28
      39
      37
      26
      38
      32
      24
      29
      39
      31
      33
      26
      37
      31
      43
      34
      27
      26
      32
      32
      29
      28
      32
      40
      35
      33
      18
      25
      29
      32
      29
      25
      22
      29
      28
      19
      16
      26
      25
      25
      26
      22
      23
      26
      23
      26
      22
      23
      21
      27
      21
      18
      20
      12
      19
      22
      14
      14
      15
      16
      26
      20
      15
       6
      15
      17
       8
      20
      17
      17
      21
      14
       8
      16
      14
      19
      18
      17
      19
      14
      14
      11
      17
      14
       9
      13
      10
       9
      11
       9
       9
      13
       8
      11
      12
       9
       8
      12
      11
      10
      15
      10
       7
       9
       6
       8
       5
       8
       8
       2
       9
       8
       6
       9
      11
       5
       9
      13
       7
       7
      10
       2
      10
      11
       5
       6
       8
      10
       9
      11
       4
       7
       5
       5
       6
       7
       7
       5
       4
       4
       5
       4
       8
       6
       8
       8
       9
       8
       5
       7
       3
      11
       3
       3
       3
       5
       7
      11
       9
       2
       7
       4
       4
       4
       7
       2
       4
       7
       8
       6
       4
      10
       5
       6
       4
       3
       4
       6
       4
       7
       6
       5
       3
       4
       3
       5
       5
       7
       6
       3
       1
       8
       4
       3
       7
       3
       4
       3
       2
       2
       2
       6
       6
       3
       4
       3
       3
       5
       3
       1
       4
       3
       1
       4
       6
       6
       3
       8
       3
       2
       1
       3
       1
       2
       2
       0
       6
       1
       5
       3
       0
       4
       3
       3
       2
       0
       5
       4
       3
       1
       6
       5
       5
       4
       1
       4
       2
       3
       5
       4
       3
       2
       1
       2
       3
       8
       2
       5
       1
       3
       0
       4
       5
       2
       2
       3
       0
       3
       2
       5
       4
       4
       2
       5
       3
       3
       2
       1
       1
       2
       3
       3
       2
       5
       5
       3
       3
       3
       5
       3
       1
       5
       1
       3
       0
       2
       3
       4
       3
       1
       1
       1
       4
       3
       2
       1
       3
       3
       2
       1
       0
       2
       4
       1
       1
       1
       1
       4
       0
       5
       2
       3
       0
       2
       3
       3
       0
       2
       1
       5
       2
       4
       7
       2
       2
       0
       6
       2
       1
       2
       1
       1
       2
       2
       3
       2
       4
       1
       1
       1
       3
       0
       2
       0
       2
       2
       3
       2
       3
       2
       4
       1
       4
       4
       2
       3
       5
       3
       3
       0
       1
       1
       1
       4
       3
       3
       5
       5
       3
       2
       3
       4
       5
       3
       1
       3
       4
       2
       5
       0
       3
       3
       1
       0
       0
       4
       5
       6
       1
       1
       2
       3
       4
       5
       3
       4
       7
       6
       8
       1
       6
       2
       8
       8
       5
       5
       5
       5
       7
       7
       8
       9
       7
      11
      10
       8
      11
      12
      16
      11
      10
      23
      13
      16
      15
      24
      15
      24
      18
      20
      25
      18
      24
      23
      35
      31
      49
      40
      38
      38
      43
      29
      46
      39
      44
      63
      49
      54
      65
      59
      59
      56
      58
      56
      70
      92
      87
      80
      85
      98
      98
      79
      92
     106
     119
     131
     121
     122
     157
     136
     122
     167
     152
     165
     165
     180
     148
     194
     175
     189
     196
     216
     194
     206
     222
     231
     223
     217
     222
     277
     255
     305
     260
     274
     294
     296
     264
     311
     313
     310
     336
     320
     329
     340
     322
     359
     329
     319
     341
     408
     384
     388
     373
     379
     349
     402
     417
     422
     381
     419
     408
     418
     398
     447
     435
     450
     404
     469
     407
     409
     455
     429
     420
     459
     460
     471
     412
     494
     425
     424
     456
     465
     465
     416
     436
     403
     466
     457
     421
     412
     410
     422
     402
     405
     410
     396
     410
     400
     417
     373
     374
     382
     404
     349
     356
     342
     359
     329
     318
     374
     362
     306
     304
     313
     278
     283
     272
     289
     260
     253
     226
     251
     243
     258
     238
     244
     208
     239
     210
     213
     226
     171
     186
     183
     170
     168
     156
     161
     147
     147
     146
     136
     129
     124
     120
     105
     111
     117
     110
      99
     102
      65
      82
      75
      84
      66
      54
      60
      57
      69
      75
      53
      43
      49
      46
      48
      36
      38
      40
      39
      36
      34
      26
      37
      21
      29
      21
      17
      21
      20
      13
      20
      19
      20
      12
      19
      15
       9
      11
      13
       8
      11
      13
       7
       3
      11
       7
       6
       6
      10
       4
       3
       1
       4
       1
       4
       4
       4
       4
       6
       3
       6
       1
       3
       3
       2
       3
       2
       3
       0
       2
       1
       1
       2
       0
       2
       1
       1
       3
       1
       1
       0
       1
       1
       0
       0
       0
       2
       2
       1
       0
       4
       2
       1
       1
       0
       2
       1
       0
       1
       0
       0
       2
       1
       0
       0
       1
       1
       0
       0
       3
       0
       0
       1
       1
       0
       0
       1
       1
       0
       2
       0
       0
       0
       1
       1
       0
       0
       0
       1
       0
       0
       1
       1
       1
       1
       3
       1
       2
       1
       1
       1
       0
       0
       0
       1
       0
       1
       0
       2
       1
       1
       2
       1
       0
       2
       1
       1
       1
       2
       2
       0
       0
       2
       1
       2
       0
       0
       0
       2
       1
       1
       0
       0
       0
       1
       0
       0
       0
       1
       1
       0
       2
       1
       0
       0
       0
       0
       0
       0
       0
       1
       0
       0
       1
       1
       1
       1
       1
       0
       0
       1
       1
       0
       1
       0
       3
       0
       1
       1
       1
       3
       1
       0
       1
       2
       1
       3
       1
       0
       1
       1
       0
       0
       0
       1
       0
       0
       1
       1
       1
       1
       0
       0
       2
       0
       1
       0
       0
       0
       0
       0
       1
       0
       1
       1
       0
       0
       0
       0
       1
       1
       0
       2
       2
       3
       0
       0
       0
       1
       3
       0
       0
       2
       0
       0
       0
       1
       1
       0
       1
       0
       1
       0
       0
       2
       0
       1
       1
       1
       1
       2
       0
       0
       1
       0
       0
       0
       1
       0
       2
       2
       1
       0
       2
       0
       1
       2
       1
       0
       0
       1
       0
       0
       1
       1
       1
       1
       3
       0
       0
       0
       1
       0
       0
       0
       0
       1
       2
       0
       0
       2
       0
       1
       0
       1
       0
       1
       1
       0
       1
       0
       0
       0
       0
       0
       0
       0
       0
       0
       1
       0
       0
       0
       0
       3
       1
       2
       1
       1
       1
       1
       0
       0
       0
       0
       0
       0
       0
       1
       1
       1
       0
       1
       0
       0
       0
       2
       1
       0
       1
       1
       2
       0
       1
       0
       1
       0
       2
       0
       0
       1
       0
       0
       1
       0
       0
       1
       0
       2
       0
       2
       0
       1
       0
       2
       1
       0
       2
       0
       0
       1
       1
       0
       0
       0
       0
       1
       0
       2
       4
       2
       2
       0
       0
       0
       1
       0
       0
       0
       0
       0
       0
       0
       3
       0
       0
       1
       1
       1
       1
       0
       1
       0
       1
       1
       0
       1
       0
       1
       0
       2
       1
       1
       0
       0
       0
       0
       2
       1
       0
       0
       0
       0
       0
       0
       1
       1
       0
       1
       0
       2
       0
       0
       2
       0
       0
       4
       1
       1
       1
       1
       0
       1
       0
       1
       0
       0
       0
       0
       0
       0
       0
       2
       0
       0
       0
       1
       0
       0
       0
       0
       0
       1
       0
       0
       0
       0
       0
       1
       0
       0
       0
       0
       1
       0
       1
       0
       1
       0
       0
       0
       0
       0
       0
       0
       0
       0
       0
       0
       0
       0
       0
       0
       0
       0
       0
       0
       0
       0
       0
       0
       0
       0
       0
       0
       0
       0
       0
$ROI:
2
258 327
1318 1545
$PRESETS:
Live Time
1200
0
$ENER_FIT:
-37.406231 1.986979
$MCA_CAL:
3
-3.740623E+001 1.986979E+000 0.000000E+000 keV
$SHAPE_CAL:
3
0.000000E+000 0.000000E+000 0.000000E+000
