$SPEC_ID:
This is sample 001.
$SPEC_REM:
DET# 1
DETDESC# DIP1456 PCI-Trump SN 253
AP# Maestro Version 7.01
$DATE_MEA:
01/17/2025 18:33:58
$MEAS_TIM:
1200 1231
$DATA:
0 2047
       0
       0
       0
       0
       0
       0
       0
       0
       0
       0
       0
       0
       0
       0
       0
       0
       0
       0
       0
       0
       0
       0
       0
       0
       0
       0
       0
       0
       0
       0
       0
       0
       0
       0
       0
       0
       0
       0
       0
       0
       0
       0
       0
       0
       0
       0
       0
       0
       0
       0
       0
       0
       0
       0
      26
      19
      21
      26
      30
      33
      26
      30
      24
      19
      28
      29
      35
      26
      39
      33
      35
      33
      40
      28
      27
      19
      36
      27
      30
      29
      18
      34
      27
      32
      22
      26
      23
      25
      31
      26
      28
      27
      23
      34
      37
      25
      30
      23
      31
      28
      33
      32
      35
      31
      36
      31
      35
      35
      25
      28
      32
      39
      19
      43
      36
      45
      29
      40
      24
      22
      33
      32
      38
      27
      29
      38
      28
      26
      25
      21
      31
      30
      32
      33
      28
      32
      23
      31
      37
      26
      35
      29
      34
      32
      32
      41
      33
      28
      30
      24
      39
      23
      32
      32
      24
      32
      30
      28
      35
      25
      28
      30
      21
      28
      27
      31
      30
      31
      21
      27
      32
      35
      36
      37
      41
      31
      39
      37
      21
      29
      21
      36
      31
      23
      39
      36
      31
      26
      25
      39
      32
      24
      41
      32
      38
      32
      34
      33
      26
      43
      34
      37
      39
      37
      33
      31
      33
      41
      22
      35
      36
      43
      39
      24
      33
      24
      31
      24
      27
      25
      32
      35
      27
      35
      38
      24
      30
      22
      28
      28
      43
      46
      23
      31
      23
      41
      27
      31
      30
      33
      30
      27
      35
      38
      34
      27
      29
      30
      38
      31
      18
      29
      28
      30
      42
      37
      37
      33
      31
      33
      35
      38
      47
      32
      44
      37
      36
      40
      35
      29
      29
      33
      29
      44
      28
      33
      32
      22
      29
      35
      29
      36
      24
      32
      22
      38
      29
      31
      25
      30
      39
      36
      34
      28
      32
      38
      49
      33
      29
      24
      30
      34
      29
      30
      32
      38
      36
      26
      31
      32
      26
      28
      39
      34
      24
      31
      32
      36
      33
      36
      28
      33
      25
      37
      36
      37
      33
      30
      31
      35
      23
      37
      42
      31
      27
      38
      39
      36
      39
      26
      38
      34
      32
      27
      35
      37
      24
      37
      43
      30
      39
      30
      38
      39
      39
      30
      26
      26
      35
      35
      22
      27
      31
      40
      30
      24
      25
      42
      23
      26
      35
      28
      34
      36
      40
      32
      33
      34
      46
      44
      37
      32
      35
      29
      38
      28
      30
      44
      36
      29
      30
      33
      38
      41
      37
      30
      39
      32
      24
      33
      31
      30
      24
      31
      26
      34
      29
      40
      26
      27
      30
      44
      38
      29
      41
      39
      30
      40
      28
      33
      35
      30
      33
      28
      30
      34
      32
      37
      28
      36
      38
      32
      40
      37
      29
      40
      32
      37
      33
      32
      39
      31
      38
      36
      26
      38
      25
      28
      39
      27
      21
      31
      38
      40
      32
      37
      23
      40
      28
      37
      28
      40
      41
      32
      40
      34
      33
      26
      48
      34
      34
      32
      31
      27
      27
      31
      31
      34
      39
      35
      37
      38
      35
      44
      43
      36
      35
      34
      30
      29
      42
      26
      35
      39
      41
      32
      34
      21
      33
      34
      49
      42
      36
      37
      47
      31
      42
      33
      36
      44
      33
      40
      41
      38
      44
      39
      24
      30
      35
      38
      47
      49
      26
      40
      29
      39
      38
      30
      41
      27
      45
      29
      31
      35
      29
      44
      43
      34
      44
      36
      37
      28
      42
      21
      31
      39
      35
      41
      36
      35
      42
      46
      37
      37
      26
      25
      39
      32
      36
      43
      27
      47
      34
      36
      33
      40
      38
      31
      42
      35
      40
      43
      32
      30
      40
      31
      34
      34
      38
      35
      29
      24
      26
      32
      47
      20
      32
      32
      33
      34
      33
      43
      40
      36
      26
      34
      32
      35
      31
      37
      24
      19
      31
      35
      38
      37
      36
      36
      24
      36
      34
      42
      43
      31
      34
      28
      26
      41
      34
      41
      42
      36
      37
      26
      36
      39
      43
      38
      39
      43
      30
      35
      29
      34
      35
      37
      23
      39
      30
      32
      35
      36
      30
      25
      31
      34
      40
      26
      31
      34
      29
      29
      40
      33
      22
      41
      34
      41
      32
      29
      37
      27
      21
      42
      36
      30
      28
      32
      31
      33
      32
      29
      38
      34
      36
      25
      28
      33
      37
      30
      25
      28
      30
      25
      32
      37
      21
      34
      22
      28
      35
      43
      30
      18
      29
      28
      43
      34
      34
      33
      30
      28
      35
      31
      33
      36
      26
      33
      28
      24
      32
      30
      25
      32
      35
      34
      40
      38
      38
      33
      37
      28
      32
      36
      31
      33
      32
      18
      34
      24
      32
      33
      29
      31
      28
      27
      23
      25
      31
      38
      22
      34
      38
      28
      45
      31
      31
      33
      26
      28
      39
      28
      29
      31
      26
      32
      31
      32
      30
      31
      39
      33
      44
      28
      39
      35
      25
      40
      34
      23
      38
      28
      29
      35
      49
      41
      30
      30
      36
      20
      35
      36
      29
      23
      43
      37
      24
      29
      31
      45
      17
      34
      26
      27
      37
      21
      38
      34
      38
      35
      32
      28
      24
      30
      31
      33
      38
      28
      43
      26
      22
      33
      47
      45
      23
      32
      39
      32
      42
      44
      40
      36
      37
      40
      22
      26
      25
      32
      42
      37
      38
      37
      27
      30
      42
      46
      41
      47
      36
      32
      33
      34
      47
      33
      40
      31
      26
      37
      34
      48
      44
      36
      30
      28
      37
      40
      41
      30
      24
      35
      46
      32
      29
      38
      37
      38
      40
      38
      35
      46
      43
      43
      42
      34
      36
      38
      43
      44
      32
      39
      35
      38
      25
      36
      24
      23
      39
      33
      50
      36
      30
      47
      30
      36
      32
      37
      36
      31
      34
      30
      36
      47
      34
      29
      28
      35
      41
      25
      25
      27
      38
      30
      27
      21
      29
      32
      29
      34
      29
      27
      25
      29
      21
      18
      33
      30
      31
      23
      29
      24
      27
      23
      22
      27
      16
      23
      22
      24
      18
      23
      22
      25
      22
      20
      16
      23
      16
      20
      15
      13
      20
      20
      20
      16
      11
      12
      17
      12
      19
      17
       8
       6
      13
      14
      19
      15
      12
      11
      11
       9
      15
      15
      15
      12
       6
      12
       6
       9
      10
      10
       7
       9
       8
       7
      13
       8
      13
       6
       9
       9
      11
      10
       8
       6
       7
      11
       6
       4
      10
      10
      14
       6
       8
      10
      11
      10
       8
      10
      11
       4
       4
      10
       8
       6
       2
       3
       7
       7
       7
       5
       5
       7
       9
       7
       5
       5
      10
       9
       9
       8
       4
       7
       4
       9
       3
       6
       7
       5
      12
       1
       2
       3
       8
       3
      10
       5
       4
       3
       8
       4
       6
       2
       4
       4
       4
       7
       7
       2
       5
       5
       4
       2
       4
       8
       4
       8
       3
       4
       3
       5
       1
       7
       2
       4
       1
       4
       4
       6
       6
       4
       2
       4
       4
       7
       2
       2
       5
       3
       2
       3
       1
       3
       2
       5
       3
       4
       5
       4
       2
       4
       3
       4
       4
       4
       4
       3
       3
       3
       4
       5
       6
       3
       2
       5
       4
       2
       3
       0
       4
       3
       4
       4
       4
       3
       4
       4
       5
       4
       4
       4
       5
       0
       3
       4
       1
       2
       4
       2
       2
       3
       1
       0
       3
       5
       3
       4
       3
       4
       4
       1
       4
       3
       1
       1
       3
       2
       1
       2
       1
       0
       1
       0
       3
       1
       1
       2
       3
       3
       2
       5
       2
       5
       4
       5
       1
       0
       2
       0
       4
       4
       2
       5
       2
       1
       3
       6
       6
       3
       3
       5
       6
       0
       3
       0
       4
       2
       2
       2
       2
       3
       3
       1
       2
       4
       3
       3
       4
       2
       3
       2
       1
       2
       2
       3
       1
       3
       1
       5
       3
       4
       6
       1
       4
       3
       4
       1
       3
       4
       5
       3
       4
       5
       1
       3
       2
       2
       4
       1
       6
       0
       4
       0
       3
       5
       4
       6
       4
       5
       4
       5
       4
       1
       5
       4
       2
       3
       0
       2
       1
       2
       3
       0
       3
       1
       0
       1
       3
       6
       4
       2
       3
       5
       4
       1
       4
       3
       5
       1
       3
       5
       1
       5
       1
       4
       4
       6
       1
       5
       6
       6
       2
       3
       2
       6
       1
       2
       3
       8
       5
       4
      10
       5
       7
       6
       3
       8
       7
       8
       5
      13
       6
       6
       8
       9
      13
      13
       9
      13
      16
      14
      11
      18
      28
      16
      22
      21
      22
      16
      22
      24
      32
      35
      23
      26
      35
      37
      46
      36
      40
      41
      44
      47
      58
      58
      53
      62
      54
      64
      74
      73
      56
      74
      75
      75
      78
      97
      99
     103
      97
     108
     107
     113
     126
     138
     126
     139
     163
     118
     136
     159
     154
     169
     165
     174
     193
     198
     210
     189
     194
     210
     221
     194
     234
     260
     257
     254
     249
     222
     244
     263
     275
     308
     280
     305
     310
     324
     283
     339
     337
     312
     364
     323
     361
     347
     326
     370
     369
     385
     359
     374
     357
     349
     399
     411
     434
     391
     391
     428
     393
     447
     393
     433
     424
     408
     430
     449
     423
     441
     437
     433
     429
     483
     431
     458
     465
     420
     430
     446
     468
     434
     402
     450
     450
     451
     492
     414
     410
     440
     437
     399
     411
     392
     445
     394
     393
     391
     379
     420
     384
     365
     372
     344
     346
     345
     305
     335
     312
     311
     289
     296
     282
     264
     287
     284
     257
     294
     248
     244
     241
     242
     228
     245
     209
     222
     215
     192
     203
     205
     192
     192
     184
     145
     128
     173
     148
     161
     146
     132
     135
     127
     137
     113
     116
      88
     103
      97
     100
      88
      78
      98
      82
      70
      77
      84
      64
      53
      61
      56
      67
      42
      44
      39
      45
      50
      46
      41
      41
      33
      43
      20
      18
      23
      26
      28
      18
      20
      28
      24
      24
      22
      17
      11
      11
      13
      10
      10
      13
       8
      14
      10
       9
       8
       5
       5
       9
       3
       4
       5
       5
       8
       7
       6
       5
       5
       3
       4
       2
       7
       3
       2
       2
       0
       4
       2
       1
       3
       1
       2
       2
       4
       1
       1
       2
       1
       2
       0
       1
       3
       3
       1
       1
       2
       1
       2
       2
       3
       1
       1
       0
       1
       1
       2
       1
       0
       2
       0
       0
       1
       0
       2
       2
       0
       0
       0
       1
       0
       0
       1
       0
       0
       0
       1
       5
       0
       1
       1
       0
       0
       2
       3
       0
       1
       1
       2
       0
       0
       0
       3
       1
       1
       1
       0
       0
       1
       1
       2
       1
       0
       0
       3
       2
       0
       1
       1
       0
       1
       1
       1
       2
       0
       2
       0
       2
       1
       0
       1
       1
       1
       1
       0
       0
       0
       0
       1
       1
       1
       3
       0
       1
       0
       0
       0
       0
       0
       1
       1
       0
       2
       1
       2
       0
       1
       0
       1
       2
       2
       1
       0
       1
       1
       1
       1
       0
       1
       0
       0
       1
       1
       1
       0
       2
       0
       0
       0
       1
       3
       1
       2
       1
       1
       2
       0
       1
       1
       0
       0
       0
       0
       2
       0
       0
       3
       0
       0
       1
       0
       0
       1
       0
       1
       0
       2
       0
       2
       1
       1
       0
       1
       0
       0
       1
       1
       0
       0
       1
       0
       0
       1
       3
       0
       0
       1
       2
       5
       1
       1
       2
       1
       0
       0
       0
       0
       2
       0
       1
       0
       0
       1
       1
       0
       0
       0
       1
       0
       1
       1
       1
       0
       1
       0
       3
       1
       1
       0
       3
       0
       0
       2
       1
       0
       2
       1
       0
       0
       0
       0
       1
       0
       0
       0
       0
       1
       1
       0
       1
       0
       1
       1
       0
       0
       0
       0
       0
       1
       0
       1
       1
       0
       2
       0
       0
       0
       1
       0
       1
       2
       1
       0
       0
       0
       0
       1
       0
       2
       1
       0
       1
       0
       1
       0
       0
       0
       1
       1
       0
       2
       0
       1
       1
       0
       0
       1
       0
       1
       1
       1
       2
       2
       0
       0
       0
       0
       0
       1
       0
       0
       0
       1
       2
       0
       0
       2
       0
       0
       0
       1
       1
       1
       0
       1
       1
       0
       0
       0
       0
       0
       1
       0
       0
       1
       2
       0
       0
       0
       1
       0
       1
       0
       0
       1
       0
       0
       2
       0
       0
       1
       1
       0
       0
       1
       0
       1
       1
       1
       0
       0
       1
       2
       1
       0
       0
       0
       0
       1
       0
       0
       0
       0
       0
       0
       1
       0
       2
       1
       2
       2
       2
       1
       0
       0
       0
       0
       0
       0
       0
       1
       2
       0
       1
       0
       0
       2
       0
       2
       1
       0
       0
       1
       1
       1
       0
       1
       1
       1
       1
       0
       0
       0
       1
       2
       1
       0
       1
       0
       0
       2
       0
       1
       1
       1
       2
       0
       0
       0
       1
       0
       1
       0
       1
       1
       1
       2
       0
       0
       2
       0
       1
       1
       0
       1
       0
       1
       0
       1
       0
       0
       0
       1
       0
       0
       1
       0
       2
       0
       0
       0
       0
       0
       0
       0
       0
       0
       0
       0
       0
       0
       0
       0
       0
       0
       0
       0
       0
       0
       0
       0
       0
       0
$ROI:
2
258 327
1318 1545
$PRESETS:
Live Time
1200
0
$ENER_FIT:
-37.406231 1.986979
$MCA_CAL:
3
-3.740623E+001 1.986979E+000 0.000000E+000 keV
$SHAPE_CAL:
3
0.000000E+000 0.000000E+000 0.000000E+000
