$SPEC_ID:
This is sample 076.
$SPEC_REM:
DET# 1
DETDESC# DIP1456 PCI-Trump SN 253
AP# Maestro Version 7.01
$DATE_MEA:
01/18/2025 22:19:00
$MEAS_TIM:
1200 1232
$DATA:
0 2047
       0
       0
       0
       0
       0
       0
       0
       0
       0
       0
       0
       0
       0
       0
       0
       0
       0
       0
       0
       0
       0
       0
       0
       0
       0
       0
       0
       0
       0
       0
       0
       0
       0
       0
       0
       0
       0
       0
       0
       0
       0
       0
       0
       0
       0
       0
       0
       0
       0
       0
       0
       0
       0
       2
      25
      20
      26
      27
      26
      29
      32
      28
      16
      39
      27
      24
      22
      31
      32
      30
      34
      26
      20
      35
      30
      33
      23
      31
      22
      32
      31
      34
      21
      31
      28
      25
      28
      20
      28
      36
      35
      33
      21
      26
      32
      15
      32
      20
      27
      27
      38
      29
      27
      28
      20
      34
      26
      24
      30
      32
      23
      28
      40
      21
      35
      21
      26
      23
      23
      27
      33
      40
      41
      29
      32
      34
      35
      26
      32
      31
      22
      32
      26
      40
      31
      25
      31
      32
      30
      34
      28
      29
      28
      28
      28
      30
      30
      25
      28
      29
      28
      31
      24
      30
      31
      26
      32
      36
      26
      18
      31
      29
      32
      34
      29
      23
      29
      26
      31
      37
      26
      27
      41
      32
      34
      25
      31
      38
      35
      32
      33
      26
      36
      43
      36
      30
      30
      33
      31
      26
      32
      27
      36
      34
      35
      30
      34
      30
      31
      37
      22
      27
      36
      37
      37
      33
      33
      25
      39
      29
      33
      31
      36
      40
      25
      34
      33
      42
      43
      35
      29
      32
      34
      28
      39
      38
      27
      27
      37
      26
      25
      32
      23
      34
      19
      29
      31
      33
      47
      37
      40
      28
      37
      33
      26
      24
      29
      28
      30
      28
      36
      38
      26
      29
      35
      29
      36
      34
      38
      34
      34
      29
      38
      29
      31
      32
      31
      36
      34
      35
      29
      37
      34
      29
      27
      21
      28
      27
      34
      29
      29
      20
      31
      32
      35
      22
      36
      33
      46
      39
      27
      19
      31
      34
      25
      25
      23
      30
      27
      35
      43
      25
      34
      31
      33
      29
      23
      27
      34
      23
      27
      32
      34
      30
      40
      32
      31
      34
      31
      28
      36
      31
      36
      34
      28
      43
      33
      39
      31
      34
      23
      39
      22
      31
      28
      53
      27
      31
      31
      30
      28
      28
      32
      33
      39
      21
      34
      37
      36
      31
      28
      37
      37
      41
      39
      33
      30
      25
      38
      29
      36
      28
      32
      27
      25
      33
      35
      27
      34
      28
      27
      40
      40
      29
      40
      34
      36
      25
      25
      32
      33
      33
      35
      31
      36
      29
      28
      37
      28
      33
      31
      27
      30
      29
      34
      25
      28
      34
      40
      36
      38
      34
      33
      43
      39
      17
      36
      35
      33
      33
      39
      33
      32
      32
      37
      36
      42
      33
      37
      28
      30
      19
      36
      21
      31
      28
      31
      29
      48
      32
      28
      30
      40
      32
      33
      28
      25
      28
      31
      27
      30
      24
      24
      34
      29
      46
      38
      28
      35
      24
      27
      31
      31
      31
      32
      26
      28
      27
      40
      32
      24
      33
      34
      40
      29
      33
      25
      29
      32
      34
      26
      32
      37
      32
      24
      33
      33
      30
      25
      27
      41
      29
      30
      35
      38
      40
      30
      36
      34
      40
      30
      49
      31
      27
      34
      27
      31
      26
      23
      36
      30
      33
      44
      28
      27
      38
      35
      34
      39
      34
      34
      30
      32
      31
      32
      37
      29
      36
      29
      45
      42
      39
      30
      37
      40
      40
      33
      29
      39
      44
      21
      34
      30
      36
      40
      40
      31
      29
      32
      35
      42
      43
      34
      28
      34
      47
      36
      35
      28
      40
      34
      30
      36
      41
      40
      27
      32
      35
      42
      37
      30
      41
      37
      32
      26
      27
      48
      28
      34
      31
      34
      30
      35
      35
      38
      31
      32
      35
      33
      30
      42
      34
      29
      39
      26
      26
      32
      36
      35
      25
      38
      30
      37
      26
      31
      26
      30
      45
      24
      30
      43
      29
      25
      34
      42
      25
      44
      38
      34
      35
      49
      42
      44
      32
      24
      31
      25
      26
      34
      31
      37
      21
      25
      32
      32
      32
      30
      30
      21
      27
      33
      38
      30
      23
      33
      23
      34
      25
      32
      33
      18
      29
      25
      35
      38
      26
      26
      31
      35
      31
      25
      35
      24
      34
      35
      30
      35
      40
      29
      33
      44
      32
      23
      31
      35
      40
      38
      29
      32
      24
      47
      23
      31
      29
      33
      34
      30
      41
      26
      29
      29
      25
      33
      35
      26
      32
      35
      38
      38
      27
      30
      29
      35
      27
      28
      26
      25
      26
      35
      28
      31
      36
      25
      33
      35
      29
      35
      26
      20
      33
      33
      42
      35
      31
      30
      42
      15
      35
      33
      28
      38
      30
      28
      27
      23
      34
      25
      30
      26
      26
      24
      30
      32
      33
      26
      24
      28
      19
      36
      33
      26
      28
      35
      29
      31
      30
      26
      44
      26
      26
      26
      38
      36
      32
      26
      25
      28
      24
      33
      28
      26
      25
      37
      27
      26
      26
      38
      30
      29
      37
      31
      32
      34
      31
      38
      30
      23
      41
      32
      35
      36
      41
      35
      39
      34
      32
      32
      34
      22
      26
      36
      36
      39
      24
      30
      35
      36
      32
      36
      39
      40
      27
      45
      37
      28
      36
      32
      47
      30
      30
      36
      33
      34
      41
      33
      36
      37
      25
      34
      34
      42
      35
      36
      40
      33
      22
      37
      34
      37
      20
      41
      28
      21
      29
      20
      29
      35
      33
      29
      34
      34
      29
      30
      48
      37
      42
      33
      30
      46
      33
      30
      39
      27
      34
      37
      36
      32
      34
      22
      40
      41
      30
      46
      41
      30
      32
      50
      36
      30
      30
      40
      40
      39
      31
      34
      45
      33
      28
      34
      27
      32
      40
      34
      35
      38
      39
      41
      31
      29
      46
      39
      32
      42
      37
      33
      46
      38
      41
      26
      36
      35
      35
      37
      31
      40
      32
      35
      25
      36
      27
      27
      40
      26
      32
      27
      24
      25
      27
      27
      32
      23
      30
      22
      23
      29
      34
      39
      24
      27
      26
      18
      29
      23
      21
      24
      21
      22
      32
      25
      24
      21
      22
      19
      25
      20
      25
      20
      20
      20
      12
      18
      17
      16
      18
      17
      14
      13
      16
      15
      16
      21
      21
      16
      11
      12
      17
      12
      12
      15
      17
      14
      12
      13
      12
      10
      15
      11
      14
      15
      13
      11
      13
       8
      13
      12
       9
      13
      12
      10
      10
      12
      13
      12
       6
       5
       8
       8
      16
       6
       4
       7
       8
       5
       7
       7
      15
       6
      13
       7
       6
       8
       8
       7
      15
       8
       8
       9
       6
       8
       8
       6
       4
       8
      13
       4
       4
       9
       6
       5
       5
      11
      10
       6
      10
       8
       5
       8
       9
       4
       9
       2
       6
       6
       4
       9
      10
       2
       7
       7
       4
       4
       4
       7
       5
       8
       3
       5
       1
       6
       3
       6
       4
       4
       8
       2
       3
       5
       4
       8
       6
       5
       4
       4
       2
       6
       3
       8
       1
       7
       5
       1
       1
       8
       2
       5
       5
       2
       3
       1
       4
       2
       5
       2
       3
       4
       3
       4
       7
       5
       3
       6
       7
       2
       3
       7
       4
       2
       2
       5
       1
       6
       2
       2
       1
       1
       1
       2
       2
       3
       8
       8
       4
       3
       4
       3
       1
       3
       8
       5
       4
       1
       9
       2
       3
       1
       3
       3
       4
       2
       3
       1
       5
       1
       1
       6
       3
       2
       1
       3
       2
       2
       5
       1
       4
       2
       2
       2
       3
       4
       5
       6
       3
       1
       0
       2
       3
       1
       2
       3
       1
       2
       1
       1
       7
       4
       5
       1
       2
       3
       3
       3
       3
       1
       3
       2
       0
       2
       1
       6
       2
       1
       6
       0
       3
       1
       1
       4
       5
       1
       4
       2
       1
       2
       3
       5
       2
       2
       2
       2
       1
       5
       2
       4
       2
       4
       3
       0
       4
       1
       5
       0
       5
       3
       4
       3
       2
       2
       1
       6
       5
       4
       3
       1
       0
       2
       1
       1
       3
       3
       4
       2
       1
       6
       2
       1
       2
       5
       2
       3
       4
       2
       2
       3
       5
       6
       3
       1
       0
       3
       2
       3
       2
       1
       3
       1
       3
       6
       4
       4
       1
       1
       4
       1
       3
       1
       0
       2
       4
       4
       3
       2
       8
       2
       3
       1
       1
       2
       3
       4
       2
       5
       2
       2
       2
       7
       0
       4
       5
       3
       8
       2
       3
       5
       4
       4
       7
       6
       2
       3
       5
       5
       7
       8
       9
      14
       8
      12
       6
      12
      10
      10
      10
       7
      10
      11
      10
      19
      19
      20
      23
      16
      18
      23
      15
      20
      19
      33
      15
      34
      27
      30
      37
      24
      41
      38
      33
      50
      54
      44
      48
      57
      61
      56
      57
      65
      53
      71
      59
      86
      70
      94
     105
      91
      84
      97
     101
     110
     106
     109
     137
     143
     130
     140
     124
     141
     144
     133
     175
     157
     135
     169
     178
     178
     202
     197
     191
     190
     201
     209
     217
     224
     262
     251
     212
     240
     250
     254
     257
     270
     261
     251
     303
     309
     301
     278
     333
     322
     322
     334
     333
     358
     377
     362
     382
     388
     397
     384
     376
     353
     371
     412
     410
     423
     401
     399
     425
     380
     404
     435
     412
     439
     439
     431
     432
     490
     427
     449
     435
     443
     429
     399
     458
     433
     445
     461
     491
     448
     448
     409
     422
     396
     428
     451
     451
     452
     394
     448
     423
     388
     394
     405
     396
     380
     382
     372
     380
     387
     371
     362
     358
     341
     382
     336
     327
     356
     306
     318
     303
     289
     273
     268
     274
     281
     281
     272
     236
     257
     247
     237
     237
     182
     201
     191
     182
     197
     195
     196
     182
     192
     180
     177
     163
     171
     146
     140
     138
     112
     122
     126
     124
     120
     113
      92
      97
      91
     101
      82
      90
      69
      95
      65
      75
      77
      67
      70
      61
      58
      51
      51
      44
      37
      24
      34
      41
      36
      36
      32
      36
      33
      29
      25
      21
      28
      16
      22
      15
      16
      19
      14
      16
      18
      15
       6
       8
       9
      16
      16
       5
       7
      12
      12
       6
      11
      10
      12
       7
       6
       6
       5
       3
       2
       3
       6
       5
       3
       6
       3
       4
       2
       4
       1
       3
       5
       1
       0
       1
       1
       2
       2
       1
       1
       2
       0
       2
       0
       1
       1
       2
       2
       2
       3
       0
       2
       1
       2
       1
       1
       1
       0
       2
       2
       2
       3
       1
       1
       1
       1
       0
       1
       0
       1
       1
       1
       0
       2
       2
       0
       0
       2
       0
       0
       0
       0
       2
       1
       0
       1
       0
       0
       0
       2
       1
       1
       2
       1
       0
       1
       0
       3
       1
       0
       1
       1
       0
       1
       2
       0
       1
       0
       1
       0
       1
       1
       0
       1
       2
       0
       0
       2
       0
       1
       0
       0
       1
       1
       2
       0
       2
       1
       0
       2
       2
       1
       0
       0
       0
       0
       0
       0
       1
       0
       1
       1
       0
       0
       2
       0
       0
       0
       0
       0
       0
       1
       0
       0
       1
       0
       1
       2
       1
       1
       0
       0
       1
       1
       0
       1
       0
       2
       1
       1
       1
       2
       1
       0
       1
       1
       3
       0
       1
       0
       1
       2
       1
       0
       0
       0
       2
       0
       1
       0
       1
       0
       0
       2
       4
       1
       1
       1
       1
       0
       0
       0
       2
       0
       1
       0
       1
       0
       0
       0
       1
       0
       2
       0
       1
       0
       0
       0
       0
       1
       0
       0
       2
       0
       1
       1
       0
       1
       3
       1
       2
       2
       0
       0
       0
       0
       1
       0
       0
       0
       3
       0
       0
       0
       0
       0
       1
       1
       2
       0
       0
       1
       0
       0
       0
       0
       1
       2
       1
       0
       0
       0
       0
       0
       0
       0
       2
       1
       0
       2
       0
       0
       2
       1
       1
       3
       2
       1
       3
       0
       0
       0
       0
       0
       1
       1
       0
       0
       0
       2
       2
       0
       1
       0
       1
       1
       0
       1
       0
       0
       0
       2
       0
       1
       0
       1
       1
       1
       0
       1
       1
       0
       1
       0
       0
       1
       1
       0
       0
       2
       0
       1
       0
       2
       1
       0
       1
       0
       1
       2
       1
       0
       2
       1
       1
       1
       0
       1
       2
       0
       0
       1
       0
       0
       0
       1
       1
       0
       0
       0
       0
       1
       0
       0
       0
       0
       1
       0
       2
       0
       2
       1
       1
       0
       1
       1
       0
       2
       0
       0
       1
       0
       1
       0
       1
       0
       0
       1
       0
       1
       0
       0
       1
       0
       0
       2
       0
       2
       1
       0
       1
       0
       1
       2
       1
       0
       1
       1
       1
       2
       0
       1
       0
       0
       0
       2
       0
       0
       0
       0
       0
       1
       0
       0
       2
       0
       2
       0
       0
       0
       1
       1
       0
       0
       0
       0
       1
       0
       0
       1
       0
       0
       0
       1
       0
       0
       1
       1
       0
       0
       0
       0
       0
       0
       0
       1
       0
       1
       2
       0
       1
       0
       1
       1
       0
       0
       0
       0
       0
       1
       1
       0
       1
       0
       2
       0
       0
       1
       0
       0
       1
       1
       0
       0
       1
       1
       0
       0
       0
       0
       0
       0
       0
       1
       0
       0
       0
       0
       0
       0
       0
       0
       0
       0
       0
       0
       0
$ROI:
2
258 327
1318 1545
$PRESETS:
Live Time
1200
0
$ENER_FIT:
-37.406231 1.986979
$MCA_CAL:
3
-3.740623E+001 1.986979E+000 0.000000E+000 keV
$SHAPE_CAL:
3
0.000000E+000 0.000000E+000 0.000000E+000
