$SPEC_ID:
This is sample 271.
$SPEC_REM:
DET# 1
DETDESC# DIP1456 PCI-Trump SN 253
AP# Maestro Version 7.01
$DATE_MEA:
01/21/2025 22:28:04
$MEAS_TIM:
1200 1231
$DATA:
0 2047
       0
       0
       0
       0
       0
       0
       0
       0
       0
       0
       0
       0
       0
       0
       0
       0
       0
       0
       0
       0
       0
       0
       0
       0
       0
       0
       0
       0
       0
       0
       0
       0
       0
       0
       0
       0
       0
       0
       0
       0
       0
       0
       0
       0
       0
       0
       0
       0
       0
       0
       0
       0
       0
       0
      21
      20
      25
      18
      29
      38
      33
      38
      31
      24
      23
      37
      35
      23
      26
      27
      22
      31
      24
      37
      33
      33
      26
      30
      28
      28
      19
      24
      23
      31
      31
      26
      25
      21
      33
      34
      32
      31
      21
      43
      29
      31
      33
      31
      26
      36
      32
      32
      22
      29
      32
      33
      34
      32
      32
      28
      38
      25
      30
      29
      27
      24
      32
      19
      28
      30
      23
      19
      32
      39
      22
      28
      25
      36
      35
      24
      28
      28
      24
      35
      29
      29
      28
      32
      50
      27
      43
      34
      40
      35
      35
      25
      34
      25
      34
      29
      31
      21
      38
      32
      34
      27
      30
      32
      33
      37
      27
      24
      26
      18
      34
      35
      33
      34
      35
      36
      25
      32
      17
      29
      35
      34
      36
      29
      32
      33
      39
      32
      33
      36
      33
      32
      28
      27
      40
      27
      31
      37
      28
      30
      20
      36
      29
      26
      25
      20
      32
      36
      27
      21
      29
      28
      33
      27
      32
      31
      26
      23
      40
      31
      35
      29
      27
      31
      34
      34
      28
      44
      42
      35
      37
      32
      23
      34
      32
      40
      29
      34
      39
      38
      35
      29
      30
      35
      33
      38
      33
      36
      27
      36
      35
      25
      37
      24
      33
      29
      34
      28
      29
      22
      28
      26
      31
      30
      38
      29
      32
      34
      37
      27
      34
      29
      37
      40
      30
      33
      25
      32
      36
      31
      43
      37
      20
      42
      34
      24
      33
      32
      27
      29
      26
      30
      42
      35
      32
      31
      25
      33
      33
      28
      29
      32
      38
      27
      38
      29
      25
      30
      30
      39
      33
      30
      27
      40
      41
      30
      34
      22
      28
      33
      25
      28
      39
      24
      50
      31
      31
      34
      35
      31
      27
      23
      38
      33
      26
      38
      30
      21
      36
      25
      28
      36
      32
      38
      38
      39
      43
      31
      42
      30
      24
      29
      32
      45
      46
      40
      37
      33
      28
      36
      34
      37
      29
      33
      38
      22
      27
      25
      43
      38
      35
      37
      36
      39
      34
      43
      27
      34
      32
      27
      33
      33
      34
      26
      32
      31
      33
      40
      24
      33
      33
      35
      46
      31
      29
      34
      36
      39
      40
      38
      24
      41
      43
      32
      37
      32
      34
      31
      32
      31
      36
      30
      36
      36
      35
      20
      27
      29
      33
      44
      28
      47
      39
      32
      27
      35
      33
      36
      33
      36
      29
      37
      31
      28
      32
      27
      39
      34
      39
      28
      33
      24
      28
      32
      34
      28
      38
      42
      39
      33
      46
      42
      26
      28
      39
      26
      30
      28
      33
      37
      32
      22
      29
      37
      35
      29
      27
      24
      32
      24
      22
      32
      36
      30
      21
      34
      29
      33
      31
      25
      21
      30
      29
      45
      32
      36
      45
      36
      37
      34
      38
      45
      25
      35
      42
      37
      37
      25
      34
      42
      44
      32
      37
      31
      30
      34
      37
      36
      28
      35
      35
      47
      36
      37
      37
      37
      38
      33
      43
      27
      27
      34
      25
      29
      36
      25
      28
      27
      35
      28
      46
      28
      37
      33
      30
      33
      35
      37
      42
      29
      38
      38
      37
      36
      42
      39
      34
      31
      19
      44
      40
      41
      33
      23
      26
      27
      36
      39
      38
      37
      21
      33
      29
      35
      42
      35
      34
      34
      40
      37
      36
      30
      37
      40
      37
      35
      26
      34
      35
      43
      27
      39
      33
      42
      32
      25
      39
      33
      34
      28
      25
      46
      36
      29
      34
      38
      35
      36
      39
      38
      25
      38
      35
      39
      31
      39
      27
      36
      43
      29
      24
      35
      26
      30
      25
      44
      28
      33
      31
      41
      31
      27
      40
      23
      33
      39
      42
      29
      37
      41
      25
      35
      38
      34
      23
      27
      35
      27
      28
      24
      42
      35
      38
      25
      27
      25
      22
      36
      31
      35
      38
      37
      30
      25
      37
      35
      30
      40
      31
      33
      27
      28
      28
      26
      29
      35
      39
      24
      25
      34
      27
      27
      25
      25
      31
      27
      32
      31
      41
      30
      35
      32
      35
      32
      23
      31
      29
      29
      36
      30
      26
      40
      37
      29
      34
      26
      31
      36
      37
      36
      27
      36
      17
      28
      31
      29
      26
      36
      42
      32
      29
      40
      41
      29
      30
      25
      27
      30
      36
      33
      34
      34
      16
      26
      36
      33
      30
      34
      22
      30
      32
      22
      43
      20
      20
      44
      36
      30
      32
      37
      39
      30
      31
      44
      37
      34
      20
      28
      22
      26
      36
      30
      29
      26
      31
      39
      39
      29
      32
      32
      24
      28
      28
      31
      22
      38
      33
      35
      36
      32
      24
      36
      23
      24
      38
      38
      34
      36
      37
      32
      25
      25
      37
      31
      29
      25
      42
      28
      29
      29
      17
      34
      37
      25
      36
      37
      32
      32
      40
      42
      37
      35
      27
      35
      34
      35
      29
      49
      34
      42
      26
      30
      35
      25
      27
      35
      36
      36
      37
      31
      37
      39
      21
      35
      38
      46
      36
      41
      32
      37
      29
      30
      25
      45
      36
      30
      22
      32
      36
      41
      38
      22
      46
      25
      23
      26
      35
      45
      34
      35
      44
      28
      35
      32
      29
      33
      37
      38
      38
      44
      31
      31
      33
      36
      39
      35
      40
      31
      26
      39
      30
      34
      38
      29
      47
      37
      37
      44
      39
      33
      31
      40
      30
      31
      45
      39
      35
      35
      44
      37
      34
      36
      33
      47
      34
      32
      36
      26
      36
      30
      30
      33
      43
      32
      33
      22
      33
      28
      34
      37
      32
      31
      29
      32
      38
      28
      30
      27
      28
      20
      26
      23
      23
      33
      30
      31
      29
      26
      25
      22
      26
      33
      29
      38
      22
      30
      24
      23
      30
      30
      23
      18
      17
      20
      22
      21
      22
      21
      21
      16
      14
      18
      17
      20
      11
      17
      16
      12
      15
      19
      14
      17
      19
      20
      19
      18
      12
      16
      10
      17
      17
       8
      17
      14
      13
       9
      12
      11
      12
       6
      14
      13
      13
      10
      12
       6
       9
      12
      12
       9
      11
      10
       4
      10
       8
      12
      13
       5
       9
       5
      13
       8
       5
       8
       7
      10
       7
      10
       3
      10
       9
      13
      10
      10
       9
       8
       9
       7
       3
       7
       7
       7
       8
      12
       8
       8
       9
       8
       6
       6
       7
       9
       5
       7
      12
       8
       1
       5
      12
       6
       2
       5
      13
       1
       4
       8
      12
       5
       2
       9
       5
       6
       6
       4
       5
       7
       5
       8
       5
       6
       2
       5
       7
       4
       5
       3
       7
       5
       4
       6
       2
      13
       9
       3
       7
       5
       7
       6
       2
       9
       5
       5
       5
       1
       4
       5
       3
       5
       6
       5
       3
       6
       3
       3
       1
       4
       6
       4
       5
       2
       2
       6
       2
       5
       2
       4
       4
       0
       6
       1
       5
       5
       2
       3
       3
       4
       4
       1
       1
       4
       4
       2
       3
       1
       1
       2
       4
       2
       2
       1
       3
       2
       3
       4
       4
       2
       3
       4
       0
       4
       1
       5
       1
       5
       1
       5
       2
       1
       2
       3
       3
       2
       7
       4
       2
       3
       2
       2
       1
       4
       1
       1
       4
       3
       3
       4
       1
       3
       1
       1
       1
       3
       3
       3
       2
       3
       3
       3
       1
       2
       1
       1
       3
       2
       1
       0
       2
       2
       0
       1
       2
       4
       2
       3
       5
       1
       3
       2
       2
       5
       1
       2
       2
       2
       1
       3
       2
       4
       1
       8
       0
       5
       3
       0
       5
       4
       2
       1
       3
       2
       7
       2
       0
       2
       1
       3
       0
       1
       2
       3
       0
       7
       2
       0
       5
       1
       4
       2
       4
       2
       2
       2
       3
       3
       3
       3
       7
       1
       3
       1
       2
       4
       2
       3
       3
       3
       1
       3
       1
       4
       6
       0
       4
       0
       5
       2
       7
       4
       3
       2
       0
       1
       5
       4
       4
       4
       4
       5
       1
       5
       1
       5
       2
       2
       4
       6
       7
       1
       4
       0
       3
       5
       3
       1
       3
       4
      10
       2
       5
       2
       4
       4
       3
       8
       2
       8
       5
       6
       6
       4
       6
       1
       7
       8
       5
       4
       2
       7
       8
       8
      15
       9
      16
      12
      14
       9
      22
      17
      18
      23
      17
      19
      16
      18
      24
      28
      21
      25
      22
      24
      30
      36
      31
      41
      32
      38
      49
      43
      34
      62
      52
      56
      60
      54
      65
      55
      64
      56
      63
      76
      78
     100
      90
      80
     101
     100
     104
     110
     113
     132
     105
     132
     150
     146
     150
     143
     150
     177
     173
     171
     171
     180
     187
     188
     190
     205
     201
     238
     201
     230
     220
     223
     247
     243
     285
     249
     290
     330
     265
     310
     303
     288
     295
     305
     300
     335
     318
     334
     324
     344
     365
     372
     333
     378
     395
     366
     380
     403
     361
     343
     389
     401
     396
     429
     433
     468
     446
     480
     418
     427
     464
     457
     430
     458
     416
     455
     471
     454
     459
     402
     419
     452
     462
     419
     438
     441
     496
     456
     459
     442
     409
     426
     462
     448
     412
     406
     426
     428
     430
     424
     384
     406
     422
     365
     375
     360
     366
     376
     359
     354
     364
     284
     341
     348
     337
     320
     276
     305
     322
     275
     296
     271
     269
     294
     252
     250
     232
     228
     234
     225
     228
     201
     221
     202
     201
     184
     210
     174
     158
     197
     161
     158
     136
     134
     133
     119
     117
     147
     106
      98
     126
     108
     109
     100
      98
      88
      91
      82
     102
      62
      63
      72
      70
      72
      51
      56
      51
      52
      53
      40
      48
      47
      38
      43
      31
      42
      36
      35
      33
      16
      29
      17
      18
      19
      25
      21
      22
      16
      20
      15
      16
      16
      13
      16
       5
       8
      14
      10
       4
      15
      10
       7
       9
       8
       5
       8
       4
       2
       4
       9
       3
       3
       3
       2
       2
       2
       1
       5
       6
       1
       4
       4
       6
       1
       0
       5
       1
       2
       3
       1
       3
       1
       0
       1
       2
       1
       1
       2
       0
       0
       2
       0
       0
       2
       2
       2
       0
       2
       0
       1
       0
       0
       1
       2
       2
       2
       1
       2
       0
       3
       0
       2
       0
       3
       0
       0
       1
       0
       0
       2
       1
       1
       0
       1
       2
       0
       2
       0
       2
       0
       1
       1
       1
       1
       2
       0
       1
       2
       2
       2
       0
       3
       1
       0
       0
       1
       0
       0
       0
       1
       1
       1
       0
       0
       1
       0
       4
       3
       2
       1
       0
       1
       0
       0
       2
       1
       1
       1
       1
       0
       1
       0
       0
       0
       0
       0
       0
       1
       2
       1
       0
       1
       1
       1
       0
       1
       0
       2
       1
       3
       0
       0
       2
       0
       1
       2
       1
       1
       0
       1
       0
       0
       1
       2
       1
       2
       1
       0
       0
       0
       1
       1
       0
       1
       0
       0
       0
       1
       0
       2
       0
       1
       1
       1
       0
       0
       0
       1
       1
       1
       1
       0
       1
       1
       0
       0
       0
       1
       1
       0
       2
       1
       1
       1
       0
       0
       0
       1
       2
       2
       0
       0
       0
       2
       0
       0
       1
       0
       0
       0
       3
       1
       1
       0
       1
       3
       0
       1
       1
       0
       1
       1
       0
       2
       0
       0
       0
       1
       0
       2
       1
       0
       2
       3
       1
       1
       0
       0
       0
       0
       1
       0
       1
       0
       0
       0
       2
       0
       1
       0
       0
       0
       3
       0
       1
       1
       2
       1
       2
       1
       1
       0
       0
       1
       0
       0
       0
       1
       0
       1
       0
       0
       1
       0
       1
       3
       1
       0
       1
       0
       1
       0
       0
       2
       0
       0
       0
       0
       0
       1
       0
       1
       0
       1
       0
       1
       0
       0
       0
       0
       0
       1
       1
       0
       0
       0
       0
       0
       0
       0
       0
       1
       1
       1
       0
       1
       1
       0
       0
       0
       0
       0
       2
       0
       0
       0
       1
       0
       0
       0
       0
       0
       0
       1
       1
       0
       0
       0
       1
       1
       0
       1
       0
       0
       2
       2
       1
       0
       1
       0
       0
       0
       0
       0
       1
       1
       0
       0
       0
       1
       0
       2
       2
       1
       0
       2
       1
       0
       0
       0
       2
       0
       1
       1
       0
       1
       1
       1
       1
       0
       1
       0
       0
       0
       0
       0
       0
       0
       1
       1
       0
       2
       0
       0
       1
       1
       0
       1
       1
       0
       1
       2
       0
       1
       3
       0
       0
       2
       1
       0
       0
       1
       1
       1
       0
       2
       0
       1
       0
       0
       0
       1
       1
       1
       0
       1
       0
       1
       0
       1
       1
       0
       1
       0
       0
       1
       0
       1
       0
       0
       1
       1
       2
       1
       0
       0
       0
       1
       1
       0
       0
       1
       1
       0
       1
       0
       1
       0
       0
       0
       0
       0
       0
       1
       0
       0
       2
       3
       1
       0
       1
       0
       0
       0
       0
       0
       0
       0
       0
       0
       0
       0
       0
       0
       1
       0
       0
       0
       0
       0
       0
       0
       0
       0
$ROI:
2
258 327
1318 1545
$PRESETS:
Live Time
1200
0
$ENER_FIT:
-37.406231 1.986979
$MCA_CAL:
3
-3.740623E+001 1.986979E+000 0.000000E+000 keV
$SHAPE_CAL:
3
0.000000E+000 0.000000E+000 0.000000E+000
