$SPEC_ID:
This is sample 217.
$SPEC_REM:
DET# 1
DETDESC# DIP1456 PCI-Trump SN 253
AP# Maestro Version 7.01
$DATE_MEA:
01/21/2025 02:29:16
$MEAS_TIM:
1200 1231
$DATA:
0 2047
       0
       0
       0
       0
       0
       0
       0
       0
       0
       0
       0
       0
       0
       0
       0
       0
       0
       0
       0
       0
       0
       0
       0
       0
       0
       0
       0
       0
       0
       0
       0
       0
       0
       0
       0
       0
       0
       0
       0
       0
       0
       0
       0
       0
       0
       0
       0
       0
       0
       0
       0
       0
       0
       0
      12
      32
      25
      31
      28
      27
      28
      22
      32
      28
      34
      25
      27
      30
      21
      29
      30
      24
      28
      28
      25
      23
      28
      34
      31
      35
      32
      33
      25
      34
      29
      34
      35
      37
      24
      38
      33
      35
      31
      29
      27
      31
      24
      28
      30
      26
      25
      23
      28
      30
      34
      29
      30
      28
      34
      20
      34
      25
      20
      27
      33
      21
      37
      35
      37
      38
      34
      30
      29
      28
      36
      29
      28
      32
      28
      17
      32
      34
      34
      28
      34
      21
      21
      24
      33
      28
      36
      19
      25
      30
      27
      43
      24
      33
      35
      42
      41
      41
      34
      26
      23
      27
      39
      30
      34
      40
      31
      41
      31
      20
      32
      33
      31
      23
      31
      26
      29
      24
      38
      36
      27
      37
      27
      29
      29
      35
      17
      39
      40
      29
      30
      29
      32
      34
      31
      50
      38
      33
      30
      34
      29
      39
      35
      26
      27
      35
      33
      29
      26
      37
      39
      29
      25
      23
      32
      31
      30
      27
      31
      38
      40
      23
      31
      36
      33
      30
      38
      33
      38
      38
      33
      32
      33
      24
      21
      25
      32
      40
      36
      30
      45
      33
      37
      27
      30
      27
      38
      28
      23
      35
      36
      34
      24
      33
      37
      31
      36
      34
      41
      36
      30
      35
      34
      29
      24
      32
      36
      32
      33
      27
      28
      41
      37
      35
      34
      30
      41
      41
      44
      23
      35
      26
      37
      37
      30
      30
      33
      28
      29
      37
      23
      36
      24
      20
      34
      28
      38
      32
      35
      39
      31
      41
      24
      29
      36
      35
      30
      39
      29
      37
      32
      31
      33
      38
      23
      46
      29
      20
      40
      35
      24
      41
      39
      25
      28
      28
      26
      34
      30
      37
      26
      22
      29
      25
      29
      33
      31
      39
      23
      35
      28
      33
      23
      31
      35
      30
      28
      26
      24
      23
      36
      31
      30
      42
      35
      33
      33
      40
      23
      32
      29
      34
      20
      21
      36
      35
      35
      32
      29
      25
      27
      25
      26
      30
      20
      24
      38
      31
      28
      32
      31
      32
      35
      34
      37
      30
      35
      34
      35
      34
      37
      23
      41
      33
      37
      29
      31
      42
      29
      30
      34
      30
      32
      39
      29
      36
      34
      38
      34
      37
      29
      25
      29
      26
      23
      39
      23
      32
      31
      26
      30
      26
      36
      30
      35
      35
      23
      29
      32
      35
      25
      37
      38
      43
      19
      26
      35
      42
      39
      37
      36
      30
      31
      39
      36
      33
      39
      29
      33
      37
      43
      38
      34
      26
      43
      39
      38
      28
      41
      36
      23
      34
      35
      28
      34
      29
      32
      33
      40
      25
      40
      37
      30
      36
      37
      31
      29
      36
      31
      28
      37
      35
      37
      35
      36
      27
      34
      34
      27
      37
      29
      32
      26
      33
      32
      33
      43
      27
      34
      35
      38
      26
      25
      29
      25
      29
      28
      38
      22
      30
      39
      30
      35
      32
      35
      39
      37
      30
      33
      34
      28
      46
      35
      33
      36
      22
      39
      42
      37
      30
      46
      34
      30
      32
      40
      38
      41
      33
      38
      36
      34
      43
      36
      38
      31
      32
      40
      36
      39
      38
      31
      42
      32
      51
      38
      34
      45
      24
      31
      32
      41
      37
      35
      33
      26
      31
      44
      36
      39
      30
      40
      39
      42
      39
      29
      30
      34
      28
      31
      44
      33
      37
      26
      22
      26
      26
      22
      40
      26
      43
      29
      30
      40
      29
      31
      35
      33
      38
      27
      32
      40
      31
      41
      32
      32
      25
      38
      32
      32
      31
      52
      33
      29
      22
      35
      33
      37
      31
      35
      28
      34
      37
      20
      35
      29
      34
      35
      29
      27
      31
      33
      34
      34
      39
      25
      22
      34
      36
      25
      22
      35
      37
      25
      39
      31
      42
      34
      40
      36
      33
      27
      27
      34
      35
      29
      40
      30
      32
      32
      24
      30
      30
      36
      35
      45
      30
      33
      24
      26
      28
      40
      24
      34
      30
      43
      40
      27
      40
      34
      37
      34
      28
      36
      22
      29
      31
      20
      38
      41
      30
      25
      31
      33
      33
      35
      27
      30
      28
      35
      30
      29
      25
      28
      30
      38
      38
      27
      32
      37
      26
      23
      20
      31
      23
      33
      26
      34
      28
      38
      28
      23
      24
      41
      41
      18
      25
      32
      35
      23
      30
      29
      32
      29
      28
      28
      31
      30
      34
      39
      28
      26
      22
      42
      29
      31
      29
      33
      27
      30
      29
      28
      34
      36
      26
      39
      31
      40
      36
      23
      37
      33
      32
      32
      24
      27
      30
      39
      36
      32
      27
      38
      37
      32
      23
      23
      39
      38
      35
      43
      32
      29
      39
      29
      35
      37
      31
      31
      33
      24
      33
      29
      19
      25
      31
      17
      24
      38
      37
      38
      33
      29
      30
      28
      26
      34
      39
      38
      46
      34
      34
      32
      34
      33
      29
      26
      42
      41
      23
      36
      27
      32
      21
      33
      27
      30
      31
      40
      30
      32
      34
      32
      37
      35
      31
      31
      39
      34
      32
      40
      33
      26
      25
      40
      33
      29
      31
      26
      36
      37
      33
      29
      34
      39
      33
      34
      38
      41
      30
      35
      37
      25
      40
      39
      55
      38
      42
      38
      36
      34
      38
      33
      29
      45
      38
      29
      41
      40
      46
      30
      44
      38
      38
      38
      22
      31
      36
      29
      33
      44
      27
      34
      30
      28
      36
      45
      34
      45
      22
      32
      36
      35
      28
      36
      32
      26
      36
      41
      38
      46
      37
      32
      33
      32
      25
      24
      26
      32
      35
      28
      32
      30
      21
      32
      25
      19
      27
      22
      23
      26
      29
      31
      16
      29
      20
      24
      25
      27
      24
      20
      20
      29
      26
      28
      11
      23
      17
      21
      14
      22
      17
      21
      16
      24
      16
      17
      17
      19
      18
      19
      11
      24
      16
      21
      17
      14
      12
       8
      18
      11
      15
      17
      16
       9
       9
      12
      11
      13
      16
      13
      12
       8
      14
      14
      15
      12
      16
      13
       6
      13
       9
       7
      13
      11
      10
       5
      12
       6
       7
       9
      14
       8
       6
       7
      11
       6
       7
      13
      10
      12
       8
      11
       8
       8
      10
       3
      14
      12
       6
       5
       9
       8
       7
       3
       6
       6
       5
       5
      10
       7
       6
       7
       8
      10
       7
       4
       6
       8
       3
      12
       4
      10
       2
       7
       3
       2
       7
       7
       8
       6
       7
       6
       5
       5
       4
       5
       6
       4
       9
       4
       4
       5
       9
       4
       2
       6
       4
       4
       5
       4
       8
       2
       4
       7
       8
       9
       5
       4
       8
       4
       3
       4
       4
       3
       1
       4
       2
       4
       4
       3
       2
       3
       3
       6
       1
       6
       2
       6
       5
       5
       5
       2
       0
       2
       2
       3
       1
       3
       6
       4
       3
       3
       4
       4
       3
       4
       4
       4
       2
       5
       5
       2
       4
       4
       7
       2
       4
       4
       3
       3
       5
       3
       4
       0
       4
       2
       2
       2
       2
       2
       3
       3
       7
       2
       2
       4
       1
       2
       3
       3
       2
       6
       8
       4
       3
       1
       2
       1
       1
       3
       8
       6
       6
       4
       3
       7
       3
       2
       2
       5
       0
       3
       6
       3
       1
       3
       0
       4
       1
       2
       3
       3
       2
       3
       5
       6
       2
       2
       3
       2
       1
       8
       3
       0
       2
       2
       0
       3
       3
       1
       6
       0
       4
       1
       2
       5
       6
       2
       3
       4
       2
       5
       1
       1
       1
       1
       1
       0
       3
       0
       3
       5
       4
       5
       3
       3
       6
       1
       2
       4
       2
       4
       1
       1
       0
       3
       3
       7
       2
       1
       3
       1
       5
       1
       2
       2
       2
       5
       4
       4
       3
       2
       3
       4
       3
       2
       3
       4
       2
       4
       6
       0
       2
       7
       4
       4
       4
       0
       7
       3
       3
       6
       5
       0
       3
       3
       2
       1
       1
       4
       1
       2
       1
       5
       2
       4
       3
       3
       2
       4
       2
       2
       6
       3
       7
       3
       2
       0
       6
       2
       4
       6
       4
       6
       1
       4
       4
       5
       5
       6
       4
       6
       3
       2
       6
       7
       6
       4
       7
      10
       6
      10
       8
       6
       9
      12
      14
      13
      14
      15
      11
      13
      14
      21
      18
      17
      26
      25
      25
      36
      30
      24
      23
      37
      29
      44
      28
      41
      43
      44
      41
      43
      50
      54
      42
      60
      52
      63
      73
      92
      78
      75
      92
      82
      91
      78
     107
      95
     105
     105
     110
     128
     129
     104
     122
     133
     144
     158
     165
     169
     146
     162
     190
     197
     200
     168
     191
     195
     191
     186
     224
     219
     217
     216
     242
     226
     248
     245
     265
     259
     255
     270
     286
     304
     278
     329
     295
     321
     323
     305
     351
     337
     331
     318
     346
     377
     382
     375
     358
     386
     388
     399
     422
     402
     424
     417
     403
     404
     409
     414
     432
     443
     435
     415
     454
     469
     450
     462
     470
     443
     452
     464
     433
     467
     449
     454
     456
     431
     424
     453
     468
     456
     464
     412
     457
     429
     435
     437
     447
     402
     433
     427
     435
     396
     402
     413
     388
     376
     342
     356
     363
     348
     347
     387
     302
     336
     310
     304
     323
     297
     275
     300
     300
     272
     266
     281
     269
     230
     228
     270
     261
     234
     229
     217
     231
     221
     212
     191
     178
     179
     160
     171
     169
     160
     159
     157
     147
     137
     137
     118
     120
     138
     107
     100
     105
     109
     105
      75
     102
      88
      82
      79
      81
      76
      64
      60
      67
      51
      64
      58
      44
      58
      55
      46
      47
      41
      40
      40
      30
      25
      45
      26
      29
      31
      20
      26
      20
      19
      21
      16
      16
      13
      13
      12
      14
      17
      14
      10
      10
      10
      10
       8
       7
       9
       7
       9
       6
       8
       9
       2
       2
       5
       7
       5
       6
       3
       1
       9
       1
       4
       6
       2
       7
       2
       3
       1
       1
       2
       1
       0
       0
       2
       1
       0
       2
       2
       2
       0
       2
       1
       3
       1
       2
       3
       1
       1
       0
       1
       0
       1
       0
       0
       1
       0
       1
       0
       0
       1
       2
       2
       0
       1
       1
       1
       1
       1
       1
       3
       1
       1
       0
       0
       1
       1
       0
       1
       1
       0
       0
       1
       0
       0
       1
       1
       1
       1
       0
       0
       0
       0
       1
       2
       3
       0
       0
       1
       0
       1
       0
       0
       1
       0
       0
       1
       0
       0
       0
       2
       0
       1
       1
       0
       0
       0
       0
       0
       0
       0
       1
       0
       0
       1
       0
       1
       1
       1
       0
       0
       0
       0
       2
       1
       0
       2
       1
       1
       1
       0
       0
       0
       1
       0
       1
       0
       1
       0
       2
       3
       1
       1
       0
       2
       2
       0
       2
       0
       0
       1
       0
       0
       0
       1
       0
       0
       0
       2
       0
       0
       4
       0
       2
       1
       1
       0
       1
       1
       0
       0
       0
       0
       0
       2
       1
       1
       0
       0
       0
       0
       1
       1
       1
       1
       1
       0
       2
       1
       2
       2
       0
       4
       0
       2
       1
       1
       0
       0
       0
       0
       1
       0
       1
       1
       0
       0
       1
       0
       1
       0
       2
       0
       2
       1
       0
       0
       1
       3
       1
       0
       0
       0
       0
       1
       0
       0
       0
       1
       1
       0
       0
       0
       2
       0
       1
       0
       0
       0
       1
       0
       0
       0
       2
       1
       0
       1
       0
       1
       2
       0
       1
       0
       0
       0
       0
       0
       2
       0
       0
       0
       2
       1
       1
       0
       1
       1
       0
       0
       2
       0
       0
       0
       1
       0
       2
       0
       0
       1
       0
       2
       2
       0
       0
       3
       0
       0
       0
       5
       0
       1
       1
       0
       2
       1
       1
       1
       1
       0
       1
       0
       0
       2
       0
       0
       1
       0
       0
       0
       3
       0
       1
       0
       0
       0
       0
       0
       1
       0
       2
       1
       1
       0
       0
       0
       0
       0
       2
       1
       1
       0
       1
       0
       0
       2
       0
       1
       0
       2
       1
       0
       1
       0
       1
       0
       0
       3
       1
       2
       0
       1
       2
       0
       1
       0
       0
       0
       0
       0
       1
       1
       0
       0
       1
       1
       1
       0
       0
       1
       0
       0
       1
       1
       0
       0
       0
       1
       0
       1
       0
       0
       1
       0
       1
       1
       1
       0
       0
       2
       1
       2
       0
       0
       0
       2
       0
       0
       1
       0
       0
       1
       1
       1
       1
       1
       0
       2
       0
       1
       1
       0
       1
       0
       0
       1
       0
       0
       1
       0
       0
       0
       1
       0
       0
       0
       0
       0
       0
       1
       0
       0
       0
       0
       1
       2
       2
       0
       1
       0
       1
       1
       0
       0
       0
       3
       0
       1
       1
       2
       0
       2
       1
       0
       1
       0
       4
       1
       0
       0
       0
       1
       2
       0
       0
       0
       0
       0
       0
       0
       0
       0
       0
       0
       0
       0
       0
       0
       0
       0
       0
       0
       0
       0
       0
       0
       0
       0
       0
$ROI:
2
258 327
1318 1545
$PRESETS:
Live Time
1200
0
$ENER_FIT:
-37.406231 1.986979
$MCA_CAL:
3
-3.740623E+001 1.986979E+000 0.000000E+000 keV
$SHAPE_CAL:
3
0.000000E+000 0.000000E+000 0.000000E+000
