$SPEC_ID:
This is sample 186.
$SPEC_REM:
DET# 1
DETDESC# DIP1456 PCI-Trump SN 253
AP# Maestro Version 7.01
$DATE_MEA:
01/20/2025 15:01:04
$MEAS_TIM:
1200 1231
$DATA:
0 2047
       0
       0
       0
       0
       0
       0
       0
       0
       0
       0
       0
       0
       0
       0
       0
       0
       0
       0
       0
       0
       0
       0
       0
       0
       0
       0
       0
       0
       0
       0
       0
       0
       0
       0
       0
       0
       0
       0
       0
       0
       0
       0
       0
       0
       0
       0
       0
       0
       0
       0
       0
       0
       0
       1
      19
      20
      26
      21
      27
      23
      27
      28
      26
      23
      21
      27
      25
      30
      32
      25
      21
      31
      37
      25
      28
      20
      23
      31
      33
      34
      26
      30
      40
      33
      28
      22
      29
      28
      23
      23
      39
      31
      24
      25
      33
      37
      35
      29
      28
      31
      33
      33
      30
      27
      33
      40
      39
      33
      30
      28
      31
      32
      21
      40
      37
      36
      25
      31
      33
      35
      30
      23
      41
      31
      49
      28
      24
      29
      33
      27
      24
      45
      35
      21
      24
      36
      26
      23
      29
      27
      36
      34
      38
      29
      22
      34
      24
      23
      34
      44
      31
      37
      26
      38
      35
      30
      22
      22
      24
      39
      29
      35
      37
      31
      22
      21
      30
      25
      25
      35
      35
      28
      31
      20
      27
      36
      23
      35
      27
      25
      27
      17
      36
      41
      29
      22
      29
      31
      30
      29
      22
      30
      26
      26
      25
      30
      35
      24
      37
      37
      33
      41
      22
      19
      27
      26
      27
      31
      36
      29
      32
      34
      39
      32
      31
      32
      39
      32
      38
      26
      40
      34
      37
      31
      33
      27
      29
      36
      28
      32
      28
      33
      18
      26
      27
      26
      31
      33
      29
      34
      30
      30
      27
      31
      34
      41
      24
      34
      26
      38
      26
      31
      34
      24
      30
      31
      31
      27
      23
      47
      31
      21
      28
      30
      33
      36
      45
      33
      27
      39
      27
      27
      16
      28
      31
      37
      32
      33
      46
      30
      30
      31
      28
      29
      28
      36
      37
      36
      34
      28
      26
      34
      31
      33
      25
      30
      26
      37
      38
      38
      29
      35
      32
      33
      28
      43
      25
      23
      26
      30
      28
      26
      32
      25
      34
      35
      40
      32
      38
      32
      30
      31
      25
      32
      29
      22
      22
      42
      34
      46
      33
      34
      43
      41
      31
      25
      38
      33
      29
      34
      33
      34
      26
      35
      22
      30
      34
      34
      40
      27
      26
      38
      33
      31
      29
      26
      31
      35
      36
      37
      30
      29
      38
      32
      41
      27
      37
      40
      43
      26
      34
      38
      37
      32
      29
      22
      22
      35
      34
      36
      30
      35
      37
      36
      41
      19
      44
      32
      40
      30
      33
      22
      43
      25
      32
      29
      24
      16
      36
      30
      30
      30
      33
      32
      33
      29
      29
      32
      37
      35
      33
      35
      37
      27
      33
      42
      40
      36
      37
      38
      44
      30
      30
      48
      28
      29
      32
      28
      27
      41
      35
      37
      38
      34
      32
      30
      26
      33
      20
      47
      39
      32
      32
      27
      22
      37
      36
      41
      29
      29
      29
      41
      30
      25
      35
      36
      33
      25
      27
      35
      24
      26
      49
      25
      31
      37
      27
      34
      37
      36
      37
      38
      37
      37
      36
      32
      45
      39
      29
      37
      37
      32
      41
      32
      43
      35
      27
      26
      30
      34
      34
      31
      31
      32
      39
      31
      41
      37
      40
      38
      33
      27
      27
      29
      33
      34
      41
      36
      32
      36
      28
      41
      35
      40
      29
      36
      26
      37
      38
      34
      32
      31
      30
      37
      27
      34
      40
      30
      37
      40
      40
      29
      34
      31
      37
      31
      38
      37
      35
      33
      36
      32
      31
      42
      34
      34
      40
      33
      33
      38
      39
      36
      34
      41
      36
      29
      47
      35
      29
      31
      28
      35
      37
      39
      29
      41
      26
      37
      37
      39
      31
      33
      39
      34
      30
      24
      31
      37
      43
      38
      29
      38
      36
      30
      31
      28
      40
      27
      27
      31
      24
      30
      29
      39
      48
      36
      37
      38
      43
      31
      32
      35
      26
      34
      37
      42
      35
      22
      35
      37
      27
      29
      43
      28
      39
      28
      32
      33
      30
      41
      47
      37
      23
      37
      34
      40
      28
      25
      29
      32
      40
      37
      28
      30
      27
      24
      39
      34
      31
      29
      31
      29
      36
      40
      28
      29
      41
      23
      36
      34
      31
      22
      34
      22
      31
      41
      25
      36
      35
      32
      35
      31
      19
      30
      24
      30
      33
      30
      35
      26
      28
      31
      29
      25
      36
      36
      34
      38
      32
      32
      32
      32
      31
      28
      35
      18
      27
      30
      23
      38
      33
      42
      28
      25
      31
      26
      34
      34
      35
      28
      35
      35
      28
      37
      32
      29
      33
      35
      35
      30
      27
      33
      23
      27
      32
      28
      32
      31
      32
      37
      34
      31
      38
      38
      34
      27
      32
      33
      34
      32
      33
      35
      27
      35
      36
      30
      44
      34
      30
      36
      36
      40
      30
      36
      33
      20
      16
      28
      25
      40
      31
      28
      37
      30
      28
      27
      35
      28
      31
      29
      28
      34
      39
      18
      22
      40
      19
      22
      35
      28
      35
      37
      24
      43
      29
      23
      31
      30
      30
      29
      34
      29
      40
      32
      30
      30
      32
      39
      31
      40
      39
      45
      34
      34
      44
      29
      35
      34
      31
      35
      35
      35
      32
      29
      37
      34
      38
      24
      35
      37
      21
      27
      46
      41
      29
      24
      38
      36
      40
      35
      41
      33
      43
      35
      28
      38
      24
      34
      32
      35
      39
      39
      42
      38
      30
      40
      37
      25
      39
      28
      33
      33
      36
      33
      30
      40
      31
      26
      38
      32
      25
      39
      29
      41
      38
      36
      41
      41
      37
      42
      35
      22
      39
      36
      31
      35
      27
      44
      51
      30
      41
      31
      41
      30
      35
      29
      32
      35
      30
      41
      44
      33
      38
      44
      34
      32
      39
      30
      40
      31
      38
      43
      28
      39
      29
      28
      28
      22
      44
      36
      34
      35
      33
      37
      27
      36
      26
      23
      32
      37
      28
      28
      25
      33
      39
      26
      33
      31
      29
      32
      33
      24
      25
      20
      32
      30
      22
      26
      19
      19
      23
      22
      38
      26
      26
      33
      30
      16
      25
      26
      17
      16
      19
      22
      23
      24
      17
      16
      12
      13
      18
      19
      17
      16
      16
      21
      19
      14
      12
      11
      18
      17
      14
      15
      20
      21
      15
      11
      11
       8
      12
       9
      15
      12
      14
       7
      13
      10
      11
      16
      10
      13
       9
       9
       5
      12
       5
      11
      10
      14
       5
      14
       5
       7
      15
      11
       8
       6
       5
       6
       5
      10
       6
       9
       8
      12
      11
      10
       7
       8
       5
       5
      11
       7
       7
      10
       7
       5
       5
       7
       6
       7
      11
       7
       5
       5
       7
       8
       7
       7
       5
       8
       1
       1
       5
       6
       9
       6
       4
       7
       7
       7
       3
       4
       9
       4
       8
       5
       3
       7
       7
       6
       4
       7
       5
       8
       4
       6
       3
       2
       6
       3
       6
       4
       4
       7
       6
       3
       5
       4
       3
       6
       4
       5
       8
       5
       3
       5
       9
       1
       8
       3
       3
       4
       1
       3
       2
       0
       1
       7
       3
       4
       3
       4
       1
       4
       2
       2
       4
       2
       3
       5
       7
       4
       5
       2
       2
       3
       5
       1
       1
       0
       2
       6
       2
       3
       2
       3
       1
       4
       3
       3
       1
       4
       4
       2
       3
      10
       2
       1
       5
       3
       1
       3
       3
       2
       3
       1
       3
       3
       2
       4
       4
       3
       2
       4
       2
       4
       1
       2
       2
       4
       4
       6
       3
       3
       5
       3
       3
       4
       4
       1
       4
       1
       3
       4
       5
       4
       1
       1
       4
       3
       0
       5
       2
       2
       1
       1
       1
       3
       2
       4
       4
       0
       2
       2
       3
       1
       1
       2
       3
       3
       7
       4
       1
       4
       6
       4
       1
       3
       2
       2
       4
       3
       4
       3
       1
       4
       1
       1
       5
       2
       4
       2
       3
       2
       2
       3
       6
       0
       3
       3
       5
       3
       4
       3
       2
       2
       1
       4
       6
       3
       3
       3
       5
       0
       2
       0
       1
       3
       3
       3
       5
       4
       2
       2
       2
       3
       2
       4
       2
       5
       3
       1
       5
       0
       4
       6
       2
       3
       2
       6
       5
       4
       3
       2
       2
       1
       2
       2
       4
       4
       1
       1
       4
       1
       2
       3
       3
       3
       3
       4
       2
       5
       5
       3
       4
       4
       2
       4
       6
       3
       4
       3
       6
       1
       6
       8
       8
       5
       6
       5
       5
       7
       8
       6
       5
       8
      11
       7
       9
      13
       9
       6
       8
       6
       9
      15
      11
      14
      14
      11
      14
      16
      20
      19
      21
      19
      40
      30
      31
      27
      33
      25
      24
      36
      33
      28
      40
      40
      46
      46
      55
      52
      55
      55
      48
      47
      66
      61
      53
      73
      66
     103
      72
     103
      83
      93
     113
      99
     117
     121
     118
     130
     119
     128
     124
     136
     141
     150
     143
     172
     154
     145
     170
     160
     175
     201
     173
     197
     197
     197
     213
     229
     250
     247
     266
     243
     288
     240
     244
     304
     284
     326
     285
     338
     326
     280
     307
     293
     337
     343
     335
     318
     334
     367
     339
     384
     347
     361
     388
     395
     393
     362
     405
     403
     386
     456
     405
     379
     467
     419
     439
     440
     413
     451
     455
     432
     438
     451
     421
     451
     429
     403
     442
     433
     446
     448
     444
     486
     420
     456
     416
     461
     492
     482
     399
     417
     474
     401
     436
     421
     429
     408
     361
     377
     404
     374
     383
     361
     393
     378
     354
     331
     345
     383
     328
     321
     303
     316
     304
     323
     292
     294
     267
     285
     287
     268
     280
     257
     260
     232
     222
     240
     214
     210
     211
     214
     178
     191
     175
     215
     191
     181
     137
     145
     149
     146
     147
     130
     136
     131
     140
     123
     118
      98
      92
      93
      87
      89
      96
      87
      83
      80
      77
      75
      68
      57
      64
      46
      55
      44
      49
      58
      41
      40
      31
      33
      32
      38
      37
      33
      38
      31
      28
      27
      25
      22
      22
      20
      18
      20
      15
      13
      13
      15
      11
       8
      13
      12
      12
       6
       9
       7
       3
       8
       7
       9
       8
       3
       5
       2
       5
       6
       2
       5
       3
       5
       2
       3
       2
       3
       3
       1
       3
       0
       0
       1
       3
       5
       4
       1
       2
       1
       4
       1
       2
       1
       3
       1
       0
       2
       0
       0
       0
       0
       2
       0
       2
       1
       0
       0
       0
       2
       2
       1
       0
       0
       1
       1
       0
       2
       2
       3
       2
       3
       1
       1
       2
       3
       0
       0
       2
       3
       2
       1
       0
       0
       1
       1
       1
       1
       0
       0
       0
       0
       0
       1
       2
       2
       1
       1
       0
       0
       1
       1
       0
       0
       0
       2
       1
       0
       0
       0
       2
       0
       1
       1
       2
       0
       1
       3
       1
       2
       0
       0
       0
       2
       1
       1
       0
       1
       0
       2
       1
       2
       0
       0
       0
       0
       1
       0
       2
       0
       0
       1
       2
       1
       1
       1
       1
       0
       1
       0
       0
       3
       1
       0
       0
       0
       1
       0
       1
       0
       0
       0
       0
       1
       0
       1
       1
       3
       0
       2
       2
       2
       1
       0
       0
       0
       0
       0
       1
       1
       0
       0
       0
       0
       3
       1
       0
       2
       0
       0
       1
       2
       0
       0
       2
       1
       0
       2
       0
       0
       0
       0
       0
       1
       1
       1
       1
       2
       0
       1
       0
       1
       3
       1
       3
       0
       1
       0
       0
       1
       2
       0
       1
       1
       2
       0
       2
       2
       1
       0
       0
       1
       2
       0
       1
       0
       0
       1
       2
       1
       0
       0
       1
       0
       2
       0
       0
       0
       2
       1
       2
       1
       1
       0
       0
       1
       0
       0
       0
       1
       1
       0
       0
       0
       2
       1
       0
       0
       0
       1
       0
       1
       2
       1
       1
       1
       1
       0
       1
       1
       0
       2
       2
       0
       0
       2
       2
       0
       0
       0
       0
       1
       0
       0
       1
       0
       0
       3
       0
       0
       1
       0
       0
       1
       1
       0
       0
       0
       0
       1
       1
       0
       1
       1
       0
       4
       1
       2
       0
       1
       0
       0
       0
       3
       0
       0
       2
       0
       0
       4
       0
       1
       0
       0
       0
       0
       2
       1
       1
       0
       1
       2
       3
       1
       0
       0
       0
       0
       0
       0
       1
       0
       1
       1
       2
       0
       0
       0
       1
       4
       2
       1
       0
       1
       1
       0
       0
       1
       1
       3
       0
       0
       0
       0
       0
       0
       0
       1
       2
       0
       1
       2
       1
       0
       0
       0
       0
       1
       1
       1
       1
       1
       0
       0
       0
       0
       0
       2
       0
       0
       0
       0
       1
       1
       0
       0
       1
       0
       1
       0
       1
       1
       0
       0
       0
       1
       0
       0
       0
       1
       0
       0
       0
       1
       0
       2
       0
       0
       0
       0
       0
       0
       1
       0
       1
       0
       1
       1
       0
       0
       1
       0
       0
       0
       0
       0
       1
       2
       3
       0
       1
       2
       0
       0
       0
       1
       1
       0
       1
       0
       1
       0
       0
       0
       1
       3
       1
       0
       1
       0
       1
       0
       0
       0
       0
       1
       0
       1
       2
       0
       0
       0
       0
       0
       0
       0
       0
       0
       0
       0
       0
       0
       0
       0
       0
       0
       0
       0
       0
       0
       0
       0
       0
       0
$ROI:
2
258 327
1318 1545
$PRESETS:
Live Time
1200
0
$ENER_FIT:
-37.406231 1.986979
$MCA_CAL:
3
-3.740623E+001 1.986979E+000 0.000000E+000 keV
$SHAPE_CAL:
3
0.000000E+000 0.000000E+000 0.000000E+000
