$SPEC_ID:
This is sample 141.
$SPEC_REM:
DET# 1
DETDESC# DIP1456 PCI-Trump SN 253
AP# Maestro Version 7.01
$DATE_MEA:
01/19/2025 22:22:04
$MEAS_TIM:
1200 1231
$DATA:
0 2047
       0
       0
       0
       0
       0
       0
       0
       0
       0
       0
       0
       0
       0
       0
       0
       0
       0
       0
       0
       0
       0
       0
       0
       0
       0
       0
       0
       0
       0
       0
       0
       0
       0
       0
       0
       0
       0
       0
       0
       0
       0
       0
       0
       0
       0
       0
       0
       0
       0
       0
       0
       0
       0
       1
      29
      30
      31
      33
      27
      31
      25
      20
      31
      37
      32
      26
      32
      23
      26
      25
      19
      21
      27
      26
      34
      36
      27
      30
      27
      27
      32
      25
      34
      27
      29
      34
      28
      22
      31
      36
      23
      23
      25
      19
      20
      28
      37
      22
      28
      24
      30
      30
      28
      38
      32
      21
      28
      26
      35
      26
      31
      26
      24
      20
      35
      30
      30
      30
      34
      35
      36
      27
      21
      27
      24
      42
      31
      29
      24
      33
      22
      30
      30
      39
      32
      31
      41
      27
      27
      29
      27
      28
      42
      35
      26
      26
      32
      26
      37
      34
      45
      33
      34
      27
      29
      35
      32
      31
      27
      25
      42
      33
      27
      24
      25
      29
      34
      31
      34
      41
      23
      27
      25
      31
      32
      20
      30
      38
      39
      48
      26
      43
      34
      25
      29
      35
      29
      25
      27
      33
      20
      33
      32
      25
      29
      33
      45
      32
      25
      38
      33
      39
      30
      19
      30
      32
      29
      32
      32
      36
      48
      40
      27
      40
      24
      31
      28
      32
      32
      41
      34
      22
      27
      44
      27
      29
      39
      25
      32
      31
      31
      24
      32
      22
      32
      31
      33
      30
      43
      40
      25
      20
      44
      31
      44
      25
      32
      29
      27
      35
      26
      30
      37
      33
      35
      22
      35
      37
      39
      32
      42
      39
      29
      29
      28
      28
      41
      36
      45
      36
      30
      28
      36
      31
      25
      33
      33
      41
      30
      28
      37
      37
      31
      36
      41
      34
      29
      28
      28
      39
      32
      30
      30
      33
      29
      22
      41
      25
      36
      34
      28
      28
      29
      38
      34
      30
      32
      34
      31
      27
      28
      31
      28
      28
      25
      37
      41
      31
      37
      26
      39
      32
      30
      28
      39
      33
      29
      23
      36
      49
      44
      37
      37
      48
      31
      28
      28
      27
      26
      37
      39
      38
      18
      32
      29
      25
      26
      36
      33
      28
      44
      38
      30
      36
      33
      29
      32
      33
      24
      20
      28
      27
      36
      38
      42
      21
      33
      43
      29
      30
      33
      26
      29
      29
      23
      35
      30
      33
      26
      26
      29
      27
      34
      28
      32
      37
      39
      32
      36
      33
      23
      36
      30
      31
      32
      31
      26
      28
      27
      31
      29
      33
      36
      29
      36
      28
      26
      31
      33
      29
      25
      32
      28
      22
      37
      36
      36
      29
      28
      29
      33
      36
      28
      31
      28
      33
      31
      30
      27
      40
      35
      29
      34
      36
      33
      41
      35
      34
      30
      27
      36
      36
      30
      32
      35
      36
      36
      39
      28
      49
      35
      30
      36
      23
      21
      33
      31
      43
      22
      20
      31
      40
      33
      31
      33
      32
      33
      27
      30
      27
      26
      29
      26
      44
      29
      42
      33
      34
      28
      30
      28
      28
      28
      41
      29
      40
      30
      34
      29
      22
      36
      31
      42
      41
      39
      40
      29
      30
      34
      27
      30
      35
      29
      42
      23
      34
      35
      23
      42
      31
      28
      43
      31
      33
      39
      47
      43
      38
      49
      37
      24
      31
      44
      40
      36
      30
      41
      41
      38
      31
      34
      32
      47
      32
      40
      33
      35
      43
      41
      45
      29
      38
      31
      32
      30
      39
      26
      39
      30
      33
      42
      36
      35
      18
      37
      36
      35
      43
      39
      34
      40
      41
      39
      34
      34
      37
      26
      33
      28
      42
      33
      42
      27
      29
      38
      28
      32
      40
      27
      35
      45
      34
      39
      34
      33
      39
      28
      46
      36
      41
      34
      33
      28
      36
      37
      31
      27
      36
      28
      32
      34
      28
      35
      35
      30
      21
      37
      35
      39
      28
      36
      38
      44
      26
      32
      38
      32
      40
      30
      30
      39
      31
      30
      38
      38
      29
      33
      35
      29
      35
      44
      27
      31
      33
      34
      33
      27
      33
      25
      26
      29
      42
      33
      31
      26
      29
      32
      28
      29
      34
      30
      30
      37
      32
      33
      35
      39
      21
      23
      31
      31
      30
      26
      42
      37
      34
      34
      23
      26
      24
      26
      27
      31
      39
      24
      29
      30
      27
      30
      30
      32
      35
      27
      44
      31
      32
      19
      33
      43
      29
      32
      35
      28
      34
      27
      33
      36
      24
      33
      27
      34
      33
      36
      25
      27
      27
      37
      20
      31
      39
      30
      29
      29
      28
      25
      27
      31
      32
      27
      28
      29
      22
      37
      28
      22
      26
      35
      28
      32
      29
      37
      31
      36
      29
      41
      24
      28
      30
      26
      27
      25
      32
      32
      33
      32
      28
      30
      36
      34
      33
      30
      39
      33
      30
      33
      44
      35
      36
      25
      38
      32
      27
      29
      35
      40
      27
      21
      24
      48
      34
      36
      28
      34
      26
      42
      26
      34
      27
      34
      36
      32
      26
      26
      30
      25
      31
      34
      38
      34
      42
      37
      26
      37
      43
      31
      27
      27
      32
      28
      28
      33
      35
      32
      33
      26
      30
      27
      33
      31
      25
      34
      43
      39
      29
      38
      34
      30
      31
      41
      28
      45
      40
      42
      32
      31
      33
      44
      34
      34
      34
      30
      33
      51
      35
      41
      31
      30
      33
      33
      38
      28
      35
      36
      31
      36
      38
      32
      33
      36
      36
      43
      46
      35
      29
      31
      42
      42
      33
      39
      40
      27
      37
      37
      23
      34
      35
      31
      39
      36
      30
      37
      39
      47
      33
      39
      42
      34
      27
      36
      28
      36
      35
      46
      24
      40
      32
      32
      28
      27
      34
      33
      34
      29
      26
      38
      33
      33
      27
      40
      35
      28
      33
      29
      38
      37
      30
      30
      40
      31
      33
      31
      25
      18
      30
      31
      28
      23
      32
      38
      33
      27
      24
      18
      34
      31
      35
      30
      23
      27
      14
      31
      26
      25
      28
      26
      14
      16
      18
      16
      17
      22
      14
      18
      23
      23
      16
      15
      24
      23
      18
      14
      11
      10
      12
      13
       8
      16
      18
      14
      14
      13
      17
      19
      12
      13
      11
      11
      13
      13
       8
      15
      13
      15
      12
      16
      11
       6
      15
       9
       7
       8
      10
      14
       9
       5
       2
      11
       9
       9
      10
      10
       9
       9
       9
       9
       6
       7
      14
       8
      14
       9
       6
       6
       6
       8
       6
       7
       7
       6
       4
       7
       9
       5
       7
       5
       9
       7
       8
       3
       5
       4
       9
       5
       8
       8
       7
       3
       7
       7
      11
       3
       4
       7
       9
       6
       9
       3
       3
       6
       5
       7
       7
       7
      10
       3
       8
       4
       3
       4
       5
       6
       5
       6
       4
       3
       5
       5
       5
       4
      10
       8
       2
       9
       6
       1
       4
       6
       5
       3
       4
       3
       9
      10
       5
       4
       5
       5
       2
       4
       4
       4
       6
       2
       3
       3
       6
       5
       4
       5
       4
       3
       1
       1
       2
       8
       6
       5
       4
       3
       0
       4
       1
       3
       4
       6
       8
       1
       5
       1
       3
       1
       0
       2
       3
       2
       5
       5
       1
       2
       1
       0
       0
       3
       1
       1
       5
       6
       3
       2
       1
       2
       2
       6
       4
       2
       1
       4
       3
       2
       2
       2
       4
       4
       2
       1
       5
       7
       3
       4
       5
       4
       3
       4
       2
       2
       4
       3
       7
       1
       3
       1
       3
       4
       5
       3
       4
       4
       1
       0
       1
       4
       2
       1
       2
       1
       0
       1
       2
       4
       2
       5
       2
       4
       2
       3
       0
       5
       2
       1
       5
       3
       3
       7
       0
       3
       2
       3
       0
       3
       3
       4
       1
       1
       4
       1
       3
       5
       4
       0
       1
       2
       4
       4
       4
       5
       2
       2
       4
       2
       3
       3
       5
       3
       3
       2
       6
       3
       6
       5
       3
       2
       3
       1
       2
       3
       2
       1
       3
       2
       0
       7
       0
       1
       6
       2
       0
       0
       4
       3
       3
       3
       2
       3
       3
       1
       7
       4
       3
       5
       3
       4
       3
       1
       4
       1
       4
       6
       5
       3
       3
       2
       4
       4
       2
       1
       4
       2
       4
       6
       2
       4
       1
       2
       3
       1
       2
       1
       0
       2
       2
       5
       1
       5
       5
       1
       3
       6
       5
       5
       5
       4
       3
       6
       8
       5
       5
       5
      10
       8
       5
      14
       9
       4
      13
      10
      15
       5
      13
      12
      16
       9
      11
      14
      16
      13
      17
      25
      19
      23
      13
      21
      20
      20
      33
      41
      38
      26
      31
      39
      29
      34
      41
      42
      38
      51
      44
      54
      66
      50
      52
      57
      78
      81
      75
      79
      74
      83
      69
      82
      86
     107
     113
     117
     117
     124
     119
     134
     144
     143
     139
     122
     147
     160
     171
     161
     159
     163
     196
     183
     215
     198
     189
     207
     216
     215
     202
     257
     252
     255
     243
     254
     268
     252
     272
     259
     249
     308
     310
     304
     305
     283
     351
     316
     340
     324
     348
     354
     354
     388
     399
     370
     363
     398
     363
     403
     409
     397
     417
     404
     413
     441
     399
     414
     430
     429
     412
     413
     441
     440
     434
     465
     458
     457
     460
     435
     477
     453
     475
     461
     417
     463
     439
     444
     429
     452
     417
     392
     449
     437
     423
     417
     437
     421
     385
     393
     385
     452
     403
     375
     383
     354
     388
     385
     393
     359
     363
     331
     353
     349
     321
     301
     320
     304
     300
     323
     269
     257
     247
     232
     265
     291
     261
     242
     237
     239
     245
     231
     215
     207
     183
     217
     188
     189
     166
     174
     195
     163
     171
     144
     159
     133
     140
     163
     135
     110
     110
     115
      90
      97
      97
      95
      86
     105
      74
      66
      77
      73
      70
      61
      81
      69
      56
      64
      45
      54
      35
      49
      46
      37
      39
      44
      23
      28
      40
      26
      20
      25
      23
      20
      24
      22
      13
      19
      18
      19
      12
      24
      10
      19
       7
       9
      10
       6
      16
       6
       6
       8
       7
       8
       8
       8
       7
       3
       7
       2
       2
       6
       1
       6
       7
       6
       3
       4
       1
       4
       7
       3
       2
       2
       1
       3
       2
       1
       1
       1
       2
       1
       0
       1
       0
       1
       0
       3
       2
       3
       2
       2
       1
       0
       1
       1
       0
       2
       0
       0
       3
       2
       1
       1
       2
       0
       1
       2
       2
       1
       3
       0
       0
       1
       0
       0
       0
       1
       1
       2
       3
       0
       0
       1
       0
       0
       0
       0
       0
       0
       1
       2
       2
       1
       0
       1
       0
       2
       0
       0
       1
       0
       0
       0
       2
       0
       0
       1
       0
       0
       0
       1
       2
       0
       1
       0
       1
       0
       1
       1
       1
       0
       0
       0
       1
       2
       1
       1
       3
       1
       0
       3
       0
       0
       1
       0
       0
       0
       0
       2
       0
       1
       1
       0
       1
       1
       1
       1
       1
       0
       1
       1
       3
       0
       2
       0
       1
       0
       2
       2
       2
       3
       1
       0
       0
       3
       1
       0
       1
       0
       0
       0
       0
       1
       1
       0
       0
       1
       1
       0
       0
       0
       1
       1
       1
       0
       0
       1
       0
       2
       3
       2
       2
       2
       0
       0
       1
       0
       0
       1
       0
       1
       1
       1
       0
       2
       3
       1
       2
       0
       1
       1
       0
       0
       1
       2
       0
       3
       1
       2
       0
       1
       2
       2
       1
       1
       0
       1
       1
       2
       0
       0
       0
       1
       0
       1
       1
       2
       0
       0
       1
       0
       2
       1
       0
       0
       0
       0
       1
       2
       1
       0
       1
       1
       0
       1
       1
       0
       1
       0
       1
       0
       0
       2
       0
       0
       0
       1
       1
       0
       0
       1
       1
       0
       1
       0
       0
       1
       4
       0
       0
       1
       0
       0
       0
       0
       0
       1
       0
       0
       0
       1
       1
       2
       0
       0
       2
       1
       0
       1
       0
       1
       1
       3
       1
       0
       0
       1
       0
       1
       1
       0
       0
       0
       0
       1
       1
       0
       1
       3
       0
       0
       2
       2
       1
       0
       0
       0
       1
       4
       1
       0
       0
       0
       1
       1
       2
       0
       0
       0
       0
       1
       0
       0
       0
       0
       1
       2
       0
       0
       1
       0
       0
       0
       0
       0
       0
       4
       2
       1
       2
       0
       0
       1
       1
       1
       0
       1
       0
       1
       1
       1
       1
       1
       2
       2
       0
       0
       0
       1
       3
       0
       0
       1
       1
       0
       1
       3
       0
       1
       2
       0
       3
       0
       2
       1
       2
       1
       1
       0
       3
       0
       1
       1
       0
       1
       0
       0
       0
       2
       2
       2
       0
       0
       3
       2
       0
       1
       0
       0
       1
       0
       2
       2
       1
       0
       0
       0
       0
       0
       0
       0
       1
       0
       0
       0
       0
       0
       0
       2
       1
       2
       0
       1
       0
       0
       2
       0
       0
       0
       0
       0
       1
       0
       1
       1
       0
       1
       1
       0
       0
       0
       3
       0
       1
       1
       1
       0
       0
       0
       0
       2
       1
       0
       0
       1
       1
       0
       0
       0
       1
       0
       0
       0
       0
       0
       0
       0
       0
       0
       0
       0
       0
       0
       0
       0
       0
       0
       0
       0
       0
       0
       0
$ROI:
2
258 327
1318 1545
$PRESETS:
Live Time
1200
0
$ENER_FIT:
-37.406231 1.986979
$MCA_CAL:
3
-3.740623E+001 1.986979E+000 0.000000E+000 keV
$SHAPE_CAL:
3
0.000000E+000 0.000000E+000 0.000000E+000
