$SPEC_ID:
This is sample 208.
$SPEC_REM:
DET# 1
DETDESC# DIP1456 PCI-Trump SN 253
AP# Maestro Version 7.01
$DATE_MEA:
01/20/2025 23:09:28
$MEAS_TIM:
1200 1231
$DATA:
0 2047
       0
       0
       0
       0
       0
       0
       0
       0
       0
       0
       0
       0
       0
       0
       0
       0
       0
       0
       0
       0
       0
       0
       0
       0
       0
       0
       0
       0
       0
       0
       0
       0
       0
       0
       0
       0
       0
       0
       0
       0
       0
       0
       0
       0
       0
       0
       0
       0
       0
       0
       0
       0
       0
       1
      25
      37
      35
      32
      20
      26
      24
      30
      27
      32
      31
      29
      21
      26
      30
      36
      26
      36
      24
      30
      24
      23
      31
      22
      35
      22
      31
      17
      36
      21
      34
      35
      36
      34
      40
      31
      23
      27
      28
      22
      38
      32
      22
      39
      31
      31
      42
      35
      37
      24
      29
      34
      29
      25
      31
      37
      26
      32
      26
      28
      35
      27
      33
      25
      30
      32
      35
      30
      45
      33
      36
      25
      24
      24
      24
      22
      33
      32
      36
      25
      21
      34
      32
      33
      29
      34
      37
      26
      28
      22
      29
      32
      31
      22
      35
      31
      27
      36
      34
      26
      41
      21
      23
      37
      32
      35
      31
      32
      38
      31
      25
      26
      28
      28
      28
      41
      32
      26
      27
      33
      32
      40
      25
      35
      19
      25
      35
      23
      35
      35
      30
      22
      22
      38
      35
      29
      29
      29
      25
      25
      32
      29
      38
      32
      39
      31
      34
      22
      40
      30
      33
      23
      39
      32
      34
      32
      23
      41
      29
      32
      24
      33
      29
      38
      20
      26
      21
      38
      36
      25
      45
      38
      34
      51
      39
      30
      25
      27
      35
      36
      30
      30
      31
      36
      36
      36
      30
      36
      46
      42
      22
      35
      39
      47
      45
      36
      33
      36
      26
      26
      34
      30
      39
      35
      39
      37
      26
      47
      31
      25
      32
      54
      36
      35
      37
      34
      27
      26
      22
      32
      30
      28
      34
      32
      32
      28
      34
      36
      31
      34
      33
      40
      34
      25
      33
      25
      35
      33
      25
      25
      30
      31
      42
      27
      38
      33
      41
      32
      31
      27
      40
      30
      49
      20
      37
      34
      36
      23
      32
      26
      30
      35
      25
      33
      26
      30
      35
      27
      35
      25
      26
      28
      32
      25
      28
      38
      27
      30
      34
      27
      26
      33
      30
      29
      28
      30
      32
      29
      29
      29
      24
      27
      30
      33
      30
      38
      40
      22
      33
      35
      25
      33
      36
      31
      39
      30
      39
      19
      33
      39
      39
      27
      33
      26
      37
      26
      33
      37
      39
      40
      32
      26
      38
      36
      27
      35
      26
      28
      31
      42
      27
      32
      29
      40
      27
      36
      40
      21
      34
      35
      22
      36
      21
      35
      31
      23
      28
      36
      23
      41
      27
      30
      26
      33
      31
      27
      30
      24
      45
      24
      27
      36
      32
      30
      40
      38
      38
      24
      23
      33
      27
      32
      35
      25
      25
      36
      37
      27
      36
      30
      34
      30
      26
      29
      33
      34
      30
      23
      36
      34
      31
      43
      29
      40
      39
      32
      30
      37
      26
      40
      22
      38
      37
      34
      34
      30
      25
      29
      30
      34
      29
      41
      32
      32
      33
      40
      41
      30
      34
      33
      47
      31
      33
      27
      36
      37
      32
      27
      31
      37
      29
      21
      35
      32
      31
      36
      30
      26
      43
      30
      29
      24
      34
      31
      32
      31
      38
      34
      35
      25
      38
      24
      34
      29
      40
      26
      48
      30
      34
      34
      34
      28
      40
      28
      46
      32
      41
      33
      38
      27
      42
      38
      29
      33
      36
      51
      34
      36
      45
      37
      33
      36
      37
      26
      33
      27
      31
      34
      40
      39
      29
      35
      32
      41
      28
      29
      36
      32
      28
      47
      32
      25
      37
      22
      33
      29
      41
      30
      38
      26
      33
      25
      39
      38
      45
      28
      27
      42
      31
      31
      27
      24
      35
      46
      25
      35
      34
      24
      30
      32
      45
      32
      38
      30
      36
      36
      28
      20
      26
      32
      24
      31
      31
      30
      25
      34
      33
      43
      26
      29
      28
      25
      45
      27
      39
      25
      34
      39
      36
      54
      36
      24
      37
      33
      38
      35
      40
      35
      40
      27
      38
      24
      42
      41
      36
      36
      32
      45
      29
      26
      33
      36
      39
      38
      42
      27
      37
      34
      32
      29
      28
      49
      33
      28
      27
      28
      40
      32
      37
      24
      36
      38
      35
      32
      36
      27
      22
      35
      34
      33
      19
      37
      37
      42
      31
      39
      34
      34
      24
      30
      26
      34
      33
      29
      27
      30
      28
      33
      30
      30
      36
      32
      34
      27
      30
      36
      29
      30
      30
      27
      31
      37
      36
      31
      40
      32
      40
      35
      26
      29
      36
      32
      24
      33
      26
      25
      40
      24
      35
      25
      34
      22
      26
      31
      26
      42
      35
      35
      28
      31
      29
      32
      42
      30
      39
      32
      37
      26
      26
      34
      32
      30
      27
      35
      39
      33
      26
      28
      24
      22
      24
      24
      23
      29
      24
      26
      43
      32
      32
      32
      30
      28
      35
      37
      40
      31
      27
      30
      38
      43
      29
      33
      26
      37
      29
      39
      31
      36
      36
      37
      25
      24
      27
      43
      28
      36
      44
      26
      37
      23
      31
      20
      35
      29
      34
      34
      30
      34
      42
      33
      36
      27
      34
      35
      31
      33
      40
      33
      34
      36
      33
      33
      27
      32
      29
      33
      40
      38
      30
      39
      32
      36
      43
      38
      39
      31
      38
      35
      45
      48
      27
      34
      36
      33
      30
      34
      31
      38
      31
      36
      27
      41
      26
      35
      43
      32
      32
      42
      33
      41
      41
      39
      27
      28
      31
      42
      26
      42
      32
      43
      32
      42
      34
      32
      29
      32
      37
      39
      33
      38
      32
      39
      35
      40
      32
      33
      41
      33
      34
      34
      32
      37
      33
      36
      50
      35
      27
      34
      42
      40
      24
      28
      32
      18
      46
      36
      29
      33
      36
      39
      26
      44
      37
      32
      38
      36
      33
      40
      41
      27
      32
      34
      24
      30
      27
      27
      23
      25
      35
      27
      30
      29
      23
      30
      31
      33
      31
      25
      30
      26
      25
      20
      22
      21
      24
      19
      19
      20
      25
      25
      19
      23
      21
      18
      24
      18
      15
      24
      23
      18
      17
      18
      13
      19
      23
      24
      17
      25
      12
      11
      16
      17
      20
      16
       7
      19
      20
      14
      18
       9
      20
      10
      14
      12
      17
       9
       8
      11
      11
      12
      15
      11
      12
      12
      11
      11
      15
      13
      13
      15
      10
      11
      15
      17
       7
      11
       9
      11
      11
       8
      10
       6
       3
       9
      11
       7
       8
      14
      11
       5
       6
       3
       9
       5
       9
       8
       5
       7
       7
       9
       7
       5
      10
       8
       3
      12
       7
       7
       8
       3
       4
       7
       4
      12
       8
       8
       3
       5
       7
       4
       4
       8
       8
       4
       6
       3
       2
       6
       8
       6
       5
       6
       5
       4
      14
       4
       2
       4
       2
       1
       5
       2
       6
       4
       4
       4
       5
       2
       4
       2
      11
       1
       5
       4
       7
       2
       7
       4
       6
       4
       3
       3
       5
       5
       2
       3
       4
       6
       1
       3
       2
       3
       6
       5
       1
       3
       2
       4
       3
       2
       6
       1
       3
       2
       4
       2
       4
       2
       3
       2
       4
       6
       4
       3
       2
       1
       1
       2
       3
       3
       2
       4
       2
       2
       4
       4
       6
       2
       2
       1
       2
       4
       2
       0
       6
       4
       5
       3
       2
       4
       3
       6
       3
       1
       5
       2
       3
       0
       5
       2
       3
       2
       5
       3
       1
       1
       4
       7
       2
       4
       3
       5
       2
       2
       2
       3
       3
       2
       4
       6
       6
       4
       1
       2
       1
       5
       4
       4
       2
       1
       1
       0
       3
       2
       3
       5
       5
       5
       5
       2
       4
       0
       4
       1
       2
       1
       5
       3
       3
       1
       2
       5
       5
       5
       2
       2
       1
       4
       4
       0
       1
       2
       3
       2
       2
       4
       2
       1
       3
       4
       2
       2
       2
       1
       1
       5
       3
       2
       2
       1
       1
       4
       3
       2
       1
       4
       6
       1
       0
       4
       4
       5
       3
       1
       2
       2
       2
       3
       2
       1
       2
       1
       5
       2
       3
       5
       3
       6
       2
       2
       1
       4
       5
       0
       4
       3
       2
       4
       2
       2
       4
       2
       0
       1
       1
       4
       2
       1
       1
       3
       1
       4
       1
       6
       0
       0
       0
       4
       2
       4
       3
       2
       5
       5
       2
       2
       3
       3
       4
       1
       2
       6
       4
       2
       4
       5
       3
       4
       5
       7
       6
       2
       6
       6
       8
       6
       5
       5
       6
       9
       5
       9
      13
       9
      11
      14
      11
      10
      15
      13
      11
      18
      17
      18
      26
      16
      20
      21
      31
      30
      34
      26
      32
      32
      37
      35
      44
      39
      54
      41
      38
      53
      52
      69
      55
      59
      63
      60
      67
      94
      77
      82
      85
     100
      92
      82
      90
     117
     109
     109
      91
     108
     135
     127
     129
     128
     162
     148
     149
     145
     179
     148
     171
     188
     190
     173
     192
     194
     229
     212
     230
     224
     233
     225
     231
     254
     272
     255
     298
     294
     271
     259
     282
     294
     303
     316
     336
     282
     326
     308
     359
     337
     334
     380
     352
     336
     352
     379
     377
     366
     390
     395
     383
     405
     398
     418
     420
     413
     404
     418
     478
     422
     456
     430
     456
     477
     432
     448
     392
     412
     476
     463
     412
     414
     461
     432
     380
     468
     455
     462
     414
     443
     442
     428
     427
     393
     402
     426
     374
     394
     417
     386
     412
     358
     393
     380
     372
     339
     339
     360
     332
     361
     330
     331
     321
     324
     332
     294
     291
     259
     283
     264
     271
     282
     251
     272
     293
     228
     253
     231
     221
     213
     218
     201
     215
     191
     230
     184
     214
     172
     197
     187
     157
     150
     165
     163
     143
     146
     126
     142
     122
     107
     109
     106
     111
      83
      94
      76
      85
      90
      73
      67
      77
      54
      62
      61
      66
      59
      48
      54
      41
      57
      40
      40
      40
      25
      40
      34
      28
      24
      24
      21
      19
      19
      16
      16
      22
      18
      20
      13
      22
      11
      13
      10
      13
      15
       6
      12
       6
       9
      12
       9
      14
       7
       7
       8
      11
       5
       8
       5
       7
       5
       2
       4
       0
       2
       2
       3
       2
       0
       2
       3
       3
       2
       3
       1
       2
       2
       0
       2
       1
       2
       1
       1
       5
       0
       1
       2
       0
       3
       0
       1
       3
       1
       1
       1
       1
       2
       0
       1
       1
       0
       2
       0
       1
       2
       0
       2
       1
       1
       1
       0
       1
       1
       0
       0
       2
       1
       0
       0
       0
       1
       0
       1
       1
       0
       0
       1
       0
       0
       0
       1
       0
       2
       3
       2
       2
       0
       2
       2
       1
       1
       0
       1
       0
       0
       1
       0
       1
       2
       4
       1
       1
       3
       1
       0
       2
       2
       1
       1
       0
       0
       1
       0
       0
       0
       1
       1
       1
       1
       3
       0
       3
       1
       0
       1
       1
       1
       0
       1
       0
       4
       2
       0
       0
       1
       2
       1
       0
       1
       0
       1
       2
       1
       0
       1
       1
       1
       0
       1
       0
       0
       0
       0
       1
       0
       0
       1
       0
       0
       0
       0
       0
       1
       1
       0
       1
       1
       0
       0
       1
       0
       0
       0
       0
       3
       0
       0
       0
       0
       3
       1
       1
       0
       1
       0
       1
       3
       0
       3
       0
       0
       1
       1
       1
       1
       0
       1
       1
       0
       0
       2
       1
       2
       2
       0
       0
       0
       0
       0
       1
       2
       1
       0
       0
       1
       1
       1
       0
       1
       0
       1
       1
       2
       1
       1
       0
       0
       2
       1
       0
       1
       0
       0
       0
       1
       0
       2
       0
       1
       0
       0
       0
       0
       0
       0
       1
       0
       1
       1
       2
       1
       1
       1
       0
       0
       1
       0
       1
       0
       0
       0
       0
       1
       1
       0
       1
       0
       3
       0
       3
       1
       0
       2
       1
       2
       0
       0
       0
       2
       0
       1
       1
       1
       3
       2
       0
       2
       1
       0
       0
       0
       1
       0
       1
       2
       0
       0
       1
       1
       0
       1
       1
       1
       1
       0
       0
       0
       2
       0
       0
       0
       0
       0
       2
       1
       2
       0
       0
       0
       2
       0
       2
       0
       1
       4
       0
       2
       0
       0
       1
       0
       0
       0
       1
       0
       0
       0
       0
       2
       0
       2
       0
       1
       1
       0
       1
       1
       1
       0
       3
       1
       0
       0
       0
       0
       0
       2
       0
       1
       0
       1
       0
       1
       0
       0
       0
       2
       1
       0
       1
       0
       0
       1
       0
       2
       0
       0
       2
       1
       0
       1
       0
       1
       2
       0
       0
       0
       1
       0
       0
       2
       0
       2
       1
       0
       0
       0
       0
       0
       1
       1
       0
       1
       0
       1
       0
       2
       0
       1
       2
       1
       0
       1
       0
       2
       1
       0
       0
       1
       0
       2
       2
       0
       0
       0
       0
       0
       0
       0
       1
       0
       0
       2
       1
       0
       0
       0
       0
       0
       2
       1
       1
       1
       0
       1
       0
       1
       1
       3
       1
       0
       3
       0
       0
       2
       1
       0
       0
       1
       0
       2
       0
       0
       0
       0
       0
       0
       0
       0
       0
       0
       0
       0
       0
       0
       0
       0
       0
       0
       0
       0
       0
       0
       0
       0
       0
       0
       0
       0
       0
       0
       0
       0
$ROI:
2
258 327
1318 1545
$PRESETS:
Live Time
1200
0
$ENER_FIT:
-37.406231 1.986979
$MCA_CAL:
3
-3.740623E+001 1.986979E+000 0.000000E+000 keV
$SHAPE_CAL:
3
0.000000E+000 0.000000E+000 0.000000E+000
