$SPEC_ID:
This is sample 218.
$SPEC_REM:
DET# 1
DETDESC# DIP1456 PCI-Trump SN 253
AP# Maestro Version 7.01
$DATE_MEA:
01/21/2025 02:51:28
$MEAS_TIM:
1200 1231
$DATA:
0 2047
       0
       0
       0
       0
       0
       0
       0
       0
       0
       0
       0
       0
       0
       0
       0
       0
       0
       0
       0
       0
       0
       0
       0
       0
       0
       0
       0
       0
       0
       0
       0
       0
       0
       0
       0
       0
       0
       0
       0
       0
       0
       0
       0
       0
       0
       0
       0
       0
       0
       0
       0
       0
       0
       1
      10
      26
      36
      33
      25
      24
      35
      28
      31
      28
      22
      25
      27
      35
      16
      24
      20
      36
      30
      23
      24
      32
      27
      34
      28
      31
      25
      29
      35
      17
      25
      21
      26
      35
      32
      37
      29
      42
      27
      32
      28
      28
      27
      36
      31
      26
      21
      28
      29
      28
      33
      25
      35
      31
      31
      28
      28
      34
      43
      40
      33
      25
      32
      24
      34
      31
      28
      25
      41
      24
      41
      26
      35
      33
      24
      40
      27
      30
      29
      26
      21
      36
      30
      27
      28
      38
      32
      25
      29
      46
      34
      31
      27
      39
      19
      21
      23
      37
      36
      29
      39
      37
      34
      31
      29
      23
      32
      36
      36
      27
      31
      30
      33
      28
      21
      28
      27
      24
      42
      27
      26
      42
      25
      32
      25
      34
      33
      28
      26
      43
      28
      29
      31
      35
      32
      37
      27
      28
      37
      28
      26
      26
      31
      25
      24
      49
      32
      31
      29
      25
      29
      35
      31
      26
      37
      30
      34
      30
      40
      31
      46
      23
      36
      34
      25
      33
      30
      20
      29
      33
      30
      30
      40
      37
      43
      44
      24
      29
      34
      29
      43
      32
      25
      27
      32
      27
      42
      32
      23
      36
      41
      41
      29
      39
      44
      33
      32
      27
      37
      30
      17
      26
      39
      28
      26
      29
      27
      23
      39
      30
      20
      33
      48
      24
      27
      35
      32
      33
      30
      38
      29
      38
      23
      29
      43
      36
      33
      37
      37
      33
      21
      35
      30
      23
      35
      22
      24
      33
      32
      35
      23
      43
      29
      44
      24
      28
      25
      27
      36
      28
      30
      38
      33
      27
      29
      27
      42
      32
      26
      34
      29
      42
      31
      35
      26
      41
      40
      28
      36
      38
      29
      22
      20
      35
      29
      31
      36
      32
      36
      40
      36
      28
      31
      28
      31
      35
      39
      33
      39
      41
      31
      45
      27
      37
      34
      32
      27
      28
      24
      32
      26
      20
      40
      32
      30
      27
      35
      31
      41
      32
      32
      22
      25
      33
      32
      37
      39
      27
      30
      19
      24
      42
      27
      30
      24
      39
      36
      34
      42
      39
      31
      38
      32
      28
      33
      38
      32
      43
      37
      26
      48
      34
      23
      35
      28
      32
      34
      34
      38
      34
      36
      39
      37
      29
      36
      31
      41
      28
      32
      42
      36
      38
      32
      28
      34
      26
      39
      35
      34
      26
      32
      29
      35
      27
      29
      32
      29
      19
      32
      29
      25
      30
      37
      35
      22
      29
      39
      22
      30
      34
      39
      24
      13
      40
      27
      35
      26
      33
      40
      33
      36
      30
      29
      31
      40
      37
      27
      34
      36
      33
      29
      30
      30
      31
      40
      37
      38
      36
      31
      39
      40
      30
      26
      38
      33
      33
      24
      29
      26
      36
      33
      33
      37
      33
      30
      37
      35
      29
      35
      26
      33
      31
      36
      31
      29
      40
      45
      33
      37
      32
      46
      25
      41
      41
      43
      34
      37
      35
      29
      31
      31
      41
      48
      30
      30
      25
      35
      36
      30
      44
      44
      31
      30
      36
      28
      35
      48
      36
      48
      33
      29
      34
      40
      25
      40
      35
      38
      46
      32
      41
      23
      31
      33
      46
      39
      37
      36
      32
      32
      22
      50
      43
      37
      33
      36
      37
      26
      32
      32
      32
      27
      29
      35
      41
      36
      30
      37
      36
      24
      41
      37
      35
      33
      26
      30
      24
      28
      21
      25
      32
      26
      28
      35
      35
      31
      37
      43
      37
      47
      35
      28
      39
      39
      36
      38
      20
      26
      40
      35
      40
      32
      28
      34
      38
      29
      43
      39
      29
      30
      35
      36
      30
      30
      32
      34
      37
      30
      36
      37
      39
      28
      41
      21
      30
      26
      27
      25
      42
      23
      31
      26
      32
      30
      42
      33
      31
      29
      28
      35
      38
      29
      27
      39
      22
      25
      33
      44
      31
      22
      30
      25
      37
      38
      29
      24
      35
      22
      27
      28
      22
      22
      29
      21
      33
      26
      28
      26
      22
      36
      41
      29
      35
      27
      22
      24
      32
      28
      33
      24
      30
      37
      38
      25
      28
      31
      30
      26
      27
      32
      31
      24
      25
      28
      33
      23
      24
      31
      34
      30
      29
      22
      26
      32
      29
      35
      29
      30
      33
      25
      31
      37
      32
      30
      28
      31
      30
      31
      30
      28
      31
      29
      32
      30
      31
      35
      26
      36
      34
      27
      33
      29
      30
      31
      32
      36
      34
      33
      25
      44
      34
      29
      31
      32
      35
      25
      31
      30
      34
      36
      28
      45
      35
      20
      33
      29
      27
      26
      43
      34
      19
      30
      26
      34
      39
      27
      47
      32
      26
      27
      27
      37
      33
      37
      41
      28
      19
      35
      29
      32
      30
      27
      33
      36
      26
      33
      38
      30
      27
      35
      27
      27
      28
      29
      42
      29
      34
      28
      34
      34
      39
      36
      40
      24
      32
      33
      37
      39
      33
      31
      47
      36
      32
      25
      34
      20
      29
      35
      35
      32
      38
      34
      31
      23
      46
      39
      31
      36
      29
      42
      33
      35
      33
      34
      28
      39
      33
      38
      36
      38
      40
      38
      39
      37
      37
      34
      35
      28
      32
      25
      37
      27
      45
      38
      27
      36
      47
      35
      33
      51
      27
      32
      40
      33
      45
      29
      46
      34
      36
      28
      35
      37
      45
      41
      39
      43
      36
      35
      29
      39
      30
      35
      35
      42
      38
      28
      44
      34
      28
      29
      32
      35
      23
      25
      38
      26
      23
      28
      21
      45
      33
      34
      30
      30
      32
      36
      36
      32
      26
      26
      34
      26
      25
      30
      35
      26
      26
      29
      27
      15
      32
      32
      23
      30
      24
      27
      38
      27
      30
      25
      20
      20
      27
      21
      16
      21
      19
      11
      22
      26
      19
      18
      16
      20
      15
      20
      19
      20
      13
      13
      17
      20
      19
      14
      12
      17
      19
      17
      15
      10
       8
      14
      17
      11
      22
      18
      14
      14
       8
      11
      14
       9
      14
       9
      14
      15
      14
      13
      10
      11
      10
       9
       8
       8
       5
      15
      10
       6
       9
      10
      13
       7
      11
       9
      11
       8
       6
       4
      12
       6
       9
       6
       9
       9
       1
       3
      13
       8
       6
       9
       9
       5
       6
       5
       9
       6
       6
       6
       6
      10
       4
       7
      11
       7
       7
       9
       9
       3
      12
       6
      11
       6
       6
       4
       4
       4
       7
       6
       7
       8
       6
       4
       6
       5
       5
       3
       2
       4
       3
       2
       4
       3
       4
       2
       3
       4
       3
       6
       4
       6
       6
       5
       4
       5
       4
       5
       6
       4
       6
       6
       4
       4
       2
       2
       7
       3
       2
       3
       2
       2
       2
       2
       4
       5
       7
       4
       4
       6
       4
       5
       5
       5
       2
       1
       2
       4
       2
       4
       1
       2
       2
       8
       1
       3
       1
       2
       7
       3
       6
       5
       2
       2
       5
       2
       3
       3
       1
       4
       8
       6
       7
       4
       2
       4
       1
       0
       1
       2
       2
       1
       1
       6
       2
       0
       3
       1
       7
       3
       1
       2
       2
       4
       1
       3
       2
       3
       1
       4
       0
       5
       2
       1
       5
       2
       2
       2
       3
       3
       3
       1
       4
       0
       1
       5
       1
       2
       4
       3
       2
       0
       2
       2
       5
       4
       5
       4
       1
       5
       9
       3
       4
       0
       3
       4
       3
       2
       4
       5
       5
       1
       2
       0
       5
       2
       2
       3
       1
       5
       8
       1
       3
       2
       4
       3
       7
       4
       2
       5
       2
       1
       3
       4
       3
       6
       1
       2
       3
       2
       1
       4
       2
       2
       3
       3
       5
       0
       3
       3
       2
       2
       3
       5
       3
       2
       2
       2
       3
       4
       2
       3
       3
       1
       3
       5
       1
       6
       3
       3
       4
       3
       1
       3
       1
       1
       2
       2
       1
       2
       2
       4
       6
       5
       4
       2
       2
       3
       4
       1
       4
       5
       2
       4
       3
       2
       3
       1
       3
       0
       6
       1
       6
       0
       2
       2
       2
       1
       0
       2
       7
       4
       0
       5
      10
       1
       7
       4
       7
       3
       4
      10
       6
       6
       6
       2
       8
       3
       7
      11
       5
       9
       6
       7
       6
      12
       7
       7
      17
      10
       9
      13
      13
      18
       7
      16
      25
      19
      26
      20
      17
      24
      34
      24
      28
      31
      29
      42
      32
      34
      60
      46
      35
      47
      58
      47
      47
      57
      67
      48
      76
      68
      79
      88
      70
      82
      84
      85
     108
      91
     100
     108
     104
     124
     113
     135
     127
     136
     143
     139
     160
     165
     158
     178
     163
     166
     189
     184
     172
     207
     191
     228
     203
     225
     207
     229
     245
     266
     276
     258
     268
     287
     289
     262
     249
     291
     310
     307
     315
     312
     336
     315
     316
     396
     323
     361
     348
     380
     342
     382
     354
     362
     377
     397
     429
     444
     402
     396
     411
     406
     389
     395
     442
     422
     419
     409
     430
     445
     423
     425
     452
     462
     462
     427
     467
     420
     441
     435
     437
     455
     423
     478
     424
     432
     424
     434
     411
     431
     437
     408
     444
     401
     404
     411
     410
     422
     380
     390
     394
     383
     352
     385
     332
     347
     372
     358
     306
     289
     329
     330
     327
     294
     292
     302
     294
     276
     251
     250
     267
     250
     239
     258
     236
     230
     221
     236
     212
     192
     217
     185
     173
     168
     175
     194
     159
     142
     159
     165
     140
     131
     139
     120
     131
     147
     122
     113
     115
     106
      93
     110
      96
      83
      91
      79
      85
      71
      57
      64
      55
      64
      51
      58
      57
      48
      41
      38
      49
      34
      36
      36
      30
      26
      34
      17
      24
      28
      21
      21
      16
      29
      26
      19
      17
      17
      18
      14
      12
      17
      12
       7
      11
       8
      15
      13
      10
       7
       8
       8
       6
       3
      11
       5
       4
       4
       7
       4
       1
       5
       3
       5
       4
       1
       1
       1
       2
       1
       3
       0
       0
       0
       3
       2
       2
       2
       2
       2
       1
       2
       1
       1
       1
       1
       0
       2
       0
       0
       0
       0
       0
       0
       1
       1
       2
       1
       1
       0
       0
       0
       1
       1
       0
       2
       0
       0
       0
       3
       3
       3
       0
       3
       0
       0
       1
       0
       1
       2
       0
       1
       0
       1
       1
       1
       0
       0
       1
       0
       1
       0
       0
       3
       0
       1
       0
       0
       2
       0
       0
       0
       2
       0
       0
       1
       0
       1
       0
       1
       2
       0
       2
       0
       0
       0
       1
       1
       0
       0
       1
       1
       0
       1
       1
       0
       1
       0
       0
       1
       2
       1
       4
       0
       1
       0
       0
       2
       0
       0
       0
       0
       0
       0
       1
       1
       0
       0
       1
       0
       0
       0
       2
       1
       0
       0
       0
       1
       1
       1
       0
       0
       2
       1
       1
       0
       0
       0
       0
       2
       0
       1
       1
       0
       2
       0
       3
       1
       1
       2
       2
       0
       0
       1
       0
       0
       1
       2
       0
       1
       1
       2
       0
       1
       0
       0
       1
       1
       0
       0
       1
       1
       2
       2
       2
       0
       0
       1
       0
       1
       0
       0
       2
       1
       0
       1
       2
       0
       1
       0
       0
       0
       2
       0
       0
       0
       1
       0
       2
       1
       0
       0
       0
       0
       2
       1
       0
       0
       0
       0
       0
       0
       0
       1
       1
       3
       2
       2
       1
       1
       0
       0
       2
       1
       0
       0
       0
       2
       0
       1
       0
       1
       1
       0
       1
       1
       0
       1
       1
       0
       2
       1
       2
       1
       2
       0
       0
       0
       0
       0
       2
       0
       1
       1
       1
       0
       2
       0
       0
       0
       0
       0
       0
       2
       0
       0
       2
       1
       1
       1
       0
       1
       1
       0
       1
       0
       1
       0
       1
       0
       1
       1
       1
       1
       2
       0
       1
       0
       1
       0
       0
       0
       0
       0
       0
       0
       1
       2
       1
       0
       1
       0
       0
       2
       0
       0
       1
       1
       0
       0
       0
       1
       0
       0
       1
       0
       1
       0
       1
       1
       1
       1
       0
       0
       1
       0
       0
       2
       1
       0
       0
       0
       0
       0
       0
       1
       0
       1
       1
       0
       1
       1
       0
       0
       1
       0
       0
       1
       0
       0
       2
       1
       1
       0
       1
       1
       1
       1
       0
       2
       0
       1
       0
       1
       0
       1
       1
       0
       1
       0
       0
       0
       0
       0
       0
       3
       0
       1
       1
       1
       1
       1
       0
       0
       0
       2
       0
       0
       0
       2
       0
       2
       0
       1
       1
       1
       1
       1
       0
       1
       0
       2
       1
       0
       0
       1
       1
       1
       0
       0
       0
       0
       1
       2
       4
       0
       0
       0
       2
       0
       0
       3
       1
       1
       1
       1
       1
       3
       0
       0
       0
       0
       0
       0
       0
       2
       0
       0
       0
       1
       0
       0
       0
       1
       1
       0
       0
       0
       0
       0
       1
       0
       0
       0
       0
       0
       0
       0
       0
       0
       0
       1
       0
       0
       0
       0
       0
       0
       0
       0
       0
$ROI:
2
258 327
1318 1545
$PRESETS:
Live Time
1200
0
$ENER_FIT:
-37.406231 1.986979
$MCA_CAL:
3
-3.740623E+001 1.986979E+000 0.000000E+000 keV
$SHAPE_CAL:
3
0.000000E+000 0.000000E+000 0.000000E+000
