$SPEC_ID:
This is sample 007.
$SPEC_REM:
DET# 1
DETDESC# DIP1456 PCI-Trump SN 253
AP# Maestro Version 7.01
$DATE_MEA:
01/17/2025 20:47:10
$MEAS_TIM:
1200 1232
$DATA:
0 2047
       0
       0
       0
       0
       0
       0
       0
       0
       0
       0
       0
       0
       0
       0
       0
       0
       0
       0
       0
       0
       0
       0
       0
       0
       0
       0
       0
       0
       0
       0
       0
       0
       0
       0
       0
       0
       0
       0
       0
       0
       0
       0
       0
       0
       0
       0
       0
       0
       0
       0
       0
       0
       0
       1
      36
      20
      23
      21
      33
      30
      26
      17
      37
      21
      24
      24
      26
      33
      29
      33
      25
      29
      40
      27
      25
      31
      38
      29
      28
      32
      21
      29
      28
      24
      35
      29
      24
      29
      37
      29
      30
      18
      27
      28
      37
      32
      38
      26
      26
      30
      31
      18
      40
      33
      26
      27
      41
      28
      19
      35
      33
      29
      24
      27
      22
      40
      31
      33
      22
      25
      28
      30
      17
      23
      27
      33
      29
      34
      22
      26
      37
      36
      28
      31
      36
      27
      23
      42
      36
      36
      37
      33
      31
      30
      23
      17
      30
      24
      40
      33
      25
      27
      31
      29
      33
      32
      23
      40
      44
      28
      30
      32
      33
      29
      36
      29
      41
      29
      27
      27
      35
      30
      24
      25
      30
      38
      20
      35
      32
      31
      34
      40
      22
      30
      36
      33
      28
      20
      29
      41
      38
      39
      33
      39
      26
      32
      46
      37
      25
      39
      22
      40
      24
      24
      31
      35
      20
      30
      34
      29
      37
      25
      28
      39
      32
      31
      25
      37
      31
      40
      34
      27
      45
      44
      28
      39
      31
      26
      43
      27
      34
      34
      40
      38
      41
      26
      48
      35
      40
      34
      32
      29
      33
      37
      33
      23
      24
      28
      33
      32
      34
      33
      38
      30
      25
      33
      35
      38
      37
      36
      35
      26
      33
      30
      24
      35
      34
      24
      34
      16
      33
      32
      38
      35
      22
      27
      30
      24
      28
      31
      42
      32
      40
      45
      32
      45
      28
      27
      26
      33
      44
      33
      32
      30
      36
      25
      32
      39
      39
      24
      37
      33
      25
      30
      25
      31
      27
      33
      31
      30
      24
      28
      43
      20
      32
      30
      41
      27
      33
      29
      40
      34
      30
      33
      38
      35
      28
      34
      30
      26
      25
      33
      46
      34
      46
      31
      31
      25
      30
      36
      30
      37
      36
      31
      29
      21
      35
      33
      44
      46
      32
      51
      28
      35
      29
      28
      47
      30
      27
      36
      23
      26
      25
      37
      30
      27
      22
      46
      37
      28
      39
      37
      27
      21
      29
      28
      30
      37
      30
      27
      24
      32
      33
      34
      39
      43
      26
      32
      36
      31
      26
      28
      37
      20
      35
      31
      30
      35
      25
      29
      37
      30
      37
      38
      33
      49
      31
      28
      45
      27
      35
      23
      35
      33
      41
      34
      34
      48
      32
      31
      33
      31
      25
      25
      31
      31
      30
      45
      28
      36
      34
      35
      23
      38
      33
      32
      36
      34
      27
      21
      35
      38
      38
      26
      40
      25
      33
      28
      23
      32
      28
      33
      32
      32
      33
      35
      33
      27
      35
      28
      36
      33
      28
      40
      26
      27
      34
      31
      25
      38
      34
      37
      31
      31
      41
      35
      40
      40
      38
      29
      31
      26
      25
      51
      23
      37
      23
      31
      43
      36
      38
      36
      31
      33
      28
      35
      28
      38
      46
      41
      34
      47
      35
      25
      32
      33
      31
      49
      36
      41
      30
      37
      42
      37
      40
      38
      42
      33
      44
      41
      35
      40
      38
      39
      30
      31
      34
      25
      38
      34
      33
      35
      36
      30
      34
      36
      38
      32
      38
      37
      38
      27
      30
      32
      36
      33
      33
      41
      32
      41
      23
      37
      32
      35
      37
      36
      30
      29
      32
      44
      30
      30
      41
      38
      29
      37
      31
      33
      29
      38
      38
      32
      28
      25
      32
      36
      27
      40
      31
      39
      42
      40
      35
      41
      36
      40
      34
      30
      42
      28
      38
      24
      28
      33
      29
      28
      39
      33
      30
      42
      35
      45
      42
      32
      36
      29
      25
      26
      39
      29
      44
      27
      32
      34
      32
      37
      39
      40
      39
      35
      34
      33
      35
      35
      39
      27
      41
      34
      37
      42
      34
      30
      35
      24
      26
      44
      30
      33
      34
      48
      30
      33
      41
      38
      35
      32
      33
      38
      24
      34
      29
      31
      26
      32
      18
      43
      33
      27
      35
      33
      30
      31
      36
      43
      33
      34
      26
      28
      33
      36
      31
      40
      34
      34
      21
      23
      29
      30
      36
      31
      35
      40
      36
      29
      34
      34
      33
      28
      26
      22
      41
      16
      31
      35
      33
      36
      25
      33
      38
      41
      27
      23
      28
      38
      26
      38
      29
      34
      28
      26
      37
      25
      29
      44
      27
      27
      23
      25
      31
      37
      28
      31
      28
      36
      31
      31
      29
      33
      28
      40
      34
      38
      33
      36
      24
      37
      38
      26
      32
      27
      37
      26
      46
      29
      27
      42
      36
      30
      36
      39
      38
      33
      35
      27
      32
      30
      30
      33
      24
      30
      27
      40
      35
      33
      33
      34
      33
      28
      24
      36
      28
      35
      42
      40
      30
      28
      36
      35
      47
      31
      42
      31
      26
      37
      32
      27
      38
      40
      28
      37
      27
      25
      37
      40
      34
      32
      27
      47
      50
      35
      36
      40
      40
      41
      38
      36
      29
      28
      35
      32
      27
      27
      37
      30
      42
      54
      43
      34
      25
      26
      38
      36
      47
      41
      37
      27
      35
      32
      39
      33
      27
      43
      43
      25
      32
      37
      43
      28
      43
      34
      31
      38
      43
      42
      43
      36
      33
      46
      31
      37
      31
      31
      39
      32
      43
      38
      36
      30
      31
      30
      27
      42
      29
      36
      35
      28
      37
      29
      38
      31
      49
      33
      43
      36
      26
      37
      38
      49
      38
      34
      20
      38
      27
      32
      39
      33
      31
      41
      40
      40
      30
      49
      38
      37
      37
      32
      29
      35
      31
      47
      31
      37
      33
      29
      31
      33
      31
      36
      32
      32
      36
      39
      24
      30
      31
      33
      26
      21
      22
      31
      24
      29
      28
      18
      20
      20
      22
      28
      17
      20
      25
      17
      24
      16
      22
      23
      24
      16
      19
      15
      27
      15
      11
      20
      18
      13
      14
      27
      14
      16
      14
      17
      21
      24
      25
      10
      14
      20
      21
      11
      15
      15
      15
      17
      15
       9
       9
      20
      18
      15
       8
      13
      10
      18
      12
       7
       6
      12
      10
       7
       7
      12
      11
      14
       5
      13
       8
      13
      11
      10
       6
       7
       9
      14
       8
       9
      12
      11
      12
      10
       6
       6
       9
      17
       9
       9
      12
      10
       6
       8
       8
       8
       4
       5
       7
       6
      12
       1
      14
       4
      10
       3
       3
       9
       4
       9
       6
       6
       7
       7
       8
       7
       5
       8
       6
      13
       4
      12
       7
       8
       8
       4
       9
       6
       3
       2
       5
       2
       3
       5
       7
       4
      10
       4
       3
       9
       2
       7
      12
       5
       3
       7
       7
       5
       8
       3
       1
       9
       4
       3
       3
       5
      12
       3
       5
       5
       3
       6
       7
       3
       1
       6
       4
       7
       0
       6
       4
       2
       1
       4
       4
       0
       5
       8
       3
       4
       4
       3
       2
       4
       6
       5
       4
       5
       3
       3
       2
       4
       6
       1
       3
       3
       3
       4
       7
       5
       3
       4
       4
       4
       5
       2
       1
       1
       3
       3
       4
       4
       1
       2
       3
       2
       5
       3
       0
       5
       7
       1
       5
       0
       4
       4
       0
       4
       4
       3
       3
       1
       6
       1
       7
       1
       2
       1
       3
       2
       1
       1
       0
       4
       3
       5
       6
       4
       2
       3
       5
       2
       3
       2
       6
       3
       4
       3
       1
       6
       2
       2
       5
       1
       3
       1
       3
       1
       2
       2
       4
       0
       3
       3
       0
       4
       6
       0
       2
       6
       1
       1
       3
       6
       2
       0
       6
       3
       2
       1
       1
       5
       0
       3
       4
       3
       6
       2
       2
       1
       4
       3
       1
       4
       1
       0
       3
       3
       2
       5
       1
       3
       5
       1
       2
       1
       1
       5
       2
       4
       3
       5
       2
       2
       2
       1
       3
       3
       3
       4
       3
       1
       2
       3
       3
       1
       2
       4
       3
       2
       4
       4
       5
       2
       5
       1
       4
       4
       3
       2
       1
       3
       2
       2
       2
       2
       2
       3
       3
       2
       1
       1
       2
       1
       5
       3
       6
       4
       5
       3
       1
       4
       7
       2
       1
       5
       6
       6
       6
       6
       6
       3
       7
       3
       5
       6
       7
       7
       6
       3
       9
       3
       5
       5
       9
       5
       6
      11
      10
       7
       6
      14
      10
       9
      16
      12
       9
      13
      16
      13
      14
      21
      21
      22
      14
      21
      26
      26
      32
      32
      29
      29
      39
      35
      40
      32
      36
      38
      44
      36
      41
      43
      64
      59
      61
      56
      66
      64
      63
      78
      83
      85
      88
      90
      74
      94
     111
      97
     101
     112
     105
      94
     115
     124
     127
     136
     170
     139
     163
     170
     156
     162
     168
     170
     177
     193
     184
     156
     204
     210
     221
     218
     241
     249
     225
     253
     259
     288
     264
     295
     309
     267
     307
     312
     296
     318
     302
     331
     318
     349
     350
     332
     356
     343
     354
     314
     385
     385
     383
     366
     402
     380
     395
     393
     386
     432
     408
     411
     424
     420
     412
     443
     431
     453
     416
     453
     425
     449
     423
     439
     459
     428
     490
     429
     475
     409
     465
     440
     462
     454
     396
     419
     433
     447
     430
     410
     417
     394
     404
     394
     394
     393
     413
     411
     377
     412
     395
     383
     400
     380
     345
     340
     332
     354
     351
     340
     305
     328
     295
     315
     303
     290
     271
     268
     276
     267
     241
     234
     270
     244
     248
     229
     231
     228
     212
     231
     191
     169
     200
     205
     170
     164
     167
     154
     147
     160
     134
     129
     129
     121
     127
     112
     109
     100
     106
      73
      99
      83
      99
      92
      74
      76
      80
      78
      62
      71
      56
      50
      52
      60
      48
      33
      51
      52
      45
      47
      33
      42
      38
      31
      26
      18
      33
      27
      20
      20
      18
      18
      18
      11
      18
      15
      13
      13
      19
      10
       8
      13
      14
       9
       7
       9
       4
       6
       3
       4
       8
       9
       2
       5
      10
       7
       6
       3
       6
       5
       2
       1
       5
       2
       1
       3
       1
       4
       2
       2
       3
       1
       1
       3
       3
       2
       2
       2
       1
       1
       2
       0
       1
       1
       1
       0
       1
       1
       1
       3
       2
       2
       2
       0
       0
       2
       0
       1
       1
       1
       1
       1
       0
       1
       2
       1
       1
       0
       2
       0
       0
       0
       1
       1
       1
       1
       0
       1
       0
       0
       0
       0
       0
       2
       1
       0
       0
       0
       3
       1
       0
       3
       1
       1
       0
       1
       1
       0
       2
       2
       0
       2
       0
       0
       0
       1
       0
       0
       1
       1
       1
       0
       2
       0
       0
       0
       2
       1
       0
       1
       1
       1
       0
       1
       2
       1
       0
       1
       4
       0
       1
       1
       2
       0
       1
       3
       1
       1
       1
       0
       0
       2
       0
       0
       1
       2
       0
       0
       0
       1
       0
       1
       0
       0
       0
       1
       1
       0
       0
       1
       1
       1
       0
       1
       1
       2
       0
       0
       2
       2
       2
       1
       0
       1
       1
       1
       1
       1
       0
       1
       0
       0
       1
       1
       1
       1
       1
       1
       0
       2
       1
       0
       0
       0
       0
       3
       1
       0
       0
       0
       0
       1
       2
       0
       0
       2
       2
       1
       1
       1
       0
       1
       0
       1
       2
       0
       1
       0
       0
       1
       0
       0
       0
       0
       0
       1
       3
       0
       0
       2
       1
       0
       0
       0
       1
       1
       0
       0
       2
       1
       0
       1
       1
       2
       1
       1
       0
       2
       0
       3
       1
       1
       1
       1
       0
       0
       1
       0
       0
       1
       2
       0
       1
       0
       1
       2
       0
       1
       0
       0
       0
       0
       1
       1
       3
       0
       0
       2
       0
       0
       2
       2
       1
       0
       0
       0
       0
       1
       0
       0
       0
       0
       2
       0
       1
       1
       0
       0
       2
       2
       0
       0
       1
       2
       1
       1
       4
       1
       0
       1
       0
       0
       1
       1
       1
       1
       1
       1
       0
       2
       0
       1
       0
       1
       2
       0
       1
       1
       2
       1
       0
       0
       1
       1
       1
       0
       1
       3
       0
       1
       2
       1
       0
       3
       1
       0
       0
       0
       1
       1
       1
       0
       1
       0
       0
       2
       0
       0
       1
       0
       1
       0
       0
       0
       3
       0
       1
       0
       1
       0
       0
       1
       0
       3
       1
       0
       0
       1
       0
       0
       0
       1
       1
       1
       1
       0
       1
       2
       2
       1
       1
       0
       1
       0
       0
       1
       0
       1
       1
       0
       0
       1
       2
       0
       1
       2
       1
       0
       1
       1
       1
       0
       0
       0
       0
       0
       2
       0
       0
       2
       0
       1
       1
       0
       1
       0
       0
       2
       1
       1
       1
       0
       1
       0
       1
       0
       0
       0
       0
       2
       1
       0
       0
       0
       0
       1
       0
       0
       0
       0
       1
       0
       0
       1
       0
       0
       0
       0
       1
       1
       0
       0
       0
       0
       0
       2
       0
       1
       1
       0
       3
       0
       1
       0
       0
       0
       0
       0
       0
       0
       0
       0
       0
       0
       0
       0
       0
       0
       0
       0
       0
       0
       0
       0
       0
       0
$ROI:
2
258 327
1318 1545
$PRESETS:
Live Time
1200
0
$ENER_FIT:
-37.406231 1.986979
$MCA_CAL:
3
-3.740623E+001 1.986979E+000 0.000000E+000 keV
$SHAPE_CAL:
3
0.000000E+000 0.000000E+000 0.000000E+000
