$SPEC_ID:
This is sample 177.
$SPEC_REM:
DET# 1
DETDESC# DIP1456 PCI-Trump SN 253
AP# Maestro Version 7.01
$DATE_MEA:
01/27/2025 12:42:01
$MEAS_TIM:
1200 1253
$DATA:
0 2047
       0
       0
       0
       0
       0
       0
       0
       0
       0
       0
       0
       0
       0
       0
       0
       0
       0
       3
       6
       8
       5
       6
       9
       9
      19
      15
      24
      17
      19
      28
      34
      25
      34
      28
      32
      28
      17
      39
      24
      25
      30
      36
      27
      29
      32
      33
      34
      36
      42
      30
      28
      25
      31
      34
      33
      19
      28
      33
      35
      40
      26
      31
      34
      37
      24
      30
      32
      35
      36
      29
      33
      40
      32
      33
      35
      35
      27
      29
      35
      29
      33
      24
      31
      30
      33
      41
      31
      35
      34
      32
      25
      40
      42
      32
      31
      27
      24
      48
      43
      29
      36
      37
      35
      27
      38
      36
      34
      23
      34
      32
      30
      35
      36
      31
      38
      27
      36
      48
      38
      23
      32
      36
      35
      38
      28
      35
      37
      29
      35
      35
      39
      32
      41
      40
      27
      24
      22
      37
      28
      36
      46
      26
      32
      45
      37
      34
      31
      33
      34
      22
      29
      34
      36
      44
      39
      43
      39
      41
      40
      41
      36
      28
      34
      45
      29
      20
      30
      37
      47
      29
      36
      40
      39
      41
      47
      32
      36
      30
      29
      38
      30
      32
      43
      33
      31
      37
      33
      45
      43
      41
      36
      41
      24
      33
      26
      34
      35
      30
      21
      33
      35
      28
      41
      26
      44
      27
      40
      39
      37
      31
      32
      42
      44
      48
      35
      42
      35
      40
      40
      35
      34
      36
      38
      38
      26
      48
      31
      36
      38
      50
      43
      32
      38
      39
      41
      49
      30
      31
      44
      35
      32
      44
      25
      38
      47
      30
      40
      44
      41
      31
      45
      42
      31
      38
      36
      32
      41
      41
      32
      37
      34
      45
      41
      33
      38
      47
      36
      44
      28
      31
      36
      44
      32
      42
      50
      29
      45
      39
      44
      38
      42
      43
      32
      36
      32
      40
      43
      36
      39
      26
      38
      33
      34
      35
      30
      41
      36
      37
      25
      35
      34
      32
      41
      32
      34
      43
      23
      34
      37
      34
      34
      26
      38
      33
      32
      42
      36
      30
      48
      37
      36
      24
      28
      37
      51
      25
      36
      38
      34
      37
      34
      30
      40
      31
      36
      30
      35
      32
      37
      29
      38
      43
      33
      37
      44
      41
      36
      33
      27
      29
      30
      55
      37
      43
      56
      35
      35
      42
      47
      31
      25
      31
      43
      42
      40
      42
      30
      39
      38
      36
      39
      35
      48
      25
      44
      35
      33
      40
      40
      36
      34
      35
      35
      30
      42
      37
      37
      40
      35
      39
      39
      27
      43
      40
      36
      24
      30
      32
      43
      37
      44
      27
      40
      28
      41
      42
      50
      46
      33
      30
      34
      30
      36
      37
      28
      43
      38
      42
      26
      34
      35
      37
      30
      31
      36
      41
      31
      35
      26
      40
      40
      32
      26
      33
      35
      30
      33
      27
      38
      33
      30
      39
      32
      48
      40
      48
      35
      32
      37
      42
      41
      29
      33
      30
      40
      53
      31
      29
      56
      39
      34
      37
      37
      34
      28
      28
      38
      35
      26
      50
      50
      32
      33
      34
      43
      35
      30
      34
      34
      29
      46
      33
      48
      43
      43
      47
      41
      49
      30
      38
      39
      41
      39
      17
      34
      37
      46
      42
      37
      42
      41
      48
      40
      26
      32
      34
      30
      31
      31
      47
      50
      41
      36
      42
      41
      31
      38
      41
      44
      42
      44
      36
      51
      40
      43
      37
      43
      32
      35
      35
      28
      36
      38
      50
      38
      40
      33
      59
      41
      47
      40
      35
      55
      29
      36
      43
      40
      36
      28
      46
      45
      34
      32
      43
      42
      37
      46
      47
      38
      41
      40
      52
      39
      32
      36
      42
      46
      30
      40
      44
      36
      32
      46
      33
      39
      42
      50
      37
      29
      37
      27
      36
      39
      37
      42
      40
      40
      35
      34
      35
      26
      34
      37
      28
      41
      47
      37
      33
      31
      34
      46
      32
      32
      34
      26
      42
      36
      35
      38
      38
      36
      53
      43
      32
      34
      38
      33
      43
      44
      42
      40
      42
      34
      29
      30
      46
      36
      42
      33
      34
      46
      34
      32
      46
      22
      35
      35
      39
      32
      32
      40
      20
      49
      30
      36
      34
      38
      31
      40
      31
      27
      34
      34
      36
      34
      39
      36
      44
      34
      36
      37
      24
      38
      49
      35
      34
      26
      39
      38
      51
      41
      34
      28
      44
      40
      31
      42
      27
      39
      36
      44
      33
      29
      32
      36
      33
      30
      37
      40
      35
      33
      37
      41
      42
      34
      35
      41
      32
      40
      30
      30
      27
      29
      30
      33
      42
      42
      41
      28
      43
      36
      36
      37
      39
      28
      38
      42
      43
      43
      37
      30
      45
      32
      30
      21
      34
      33
      41
      30
      37
      31
      31
      39
      38
      32
      36
      39
      39
      34
      34
      36
      33
      22
      40
      35
      31
      40
      39
      33
      36
      30
      38
      46
      36
      44
      32
      35
      35
      40
      28
      37
      41
      34
      35
      34
      43
      37
      44
      29
      42
      40
      43
      43
      36
      41
      35
      40
      38
      39
      34
      40
      39
      41
      27
      35
      24
      41
      39
      46
      36
      43
      39
      40
      43
      40
      35
      24
      41
      36
      39
      41
      47
      44
      37
      45
      36
      46
      37
      39
      36
      50
      34
      38
      34
      41
      34
      29
      47
      44
      40
      37
      32
      42
      31
      41
      42
      44
      39
      38
      49
      30
      41
      37
      37
      23
      39
      43
      55
      35
      56
      42
      42
      44
      43
      37
      37
      35
      40
      53
      47
      46
      35
      42
      40
      40
      32
      40
      45
      54
      48
      48
      50
      44
      38
      42
      46
      40
      46
      51
      41
      41
      42
      43
      37
      52
      50
      33
      39
      39
      34
      44
      39
      30
      42
      31
      39
      48
      34
      46
      30
      37
      34
      51
      37
      47
      35
      31
      34
      35
      29
      23
      30
      39
      42
      25
      35
      44
      31
      39
      23
      36
      30
      31
      42
      32
      24
      28
      38
      30
      38
      29
      23
      24
      27
      31
      20
      33
      17
      27
      19
      32
      19
      21
      23
      29
      20
      19
      26
      16
      33
      19
      14
      17
      11
      14
      21
      11
      18
      11
      16
      10
      15
      16
      16
      16
      21
      12
      18
      11
      13
      10
      13
      13
      13
      19
      12
      14
      13
       7
      10
      10
       8
      15
      10
       8
      11
      17
       8
      13
      11
       8
      16
       8
      12
       8
       7
       8
      15
      11
      11
       6
      14
       7
      11
      11
       9
       8
       2
      10
      14
       9
      11
       9
       3
       4
       9
       8
       9
       7
      10
       8
       7
       6
       4
       5
       5
      10
       7
       2
      11
      12
      11
       4
       5
      10
       6
       5
       4
       5
       8
       1
       8
       9
       3
       3
       8
      12
       7
       8
       5
      10
       9
       7
       3
       6
       3
       7
       4
       4
       6
       7
       6
       1
       3
       7
       4
       3
       5
       7
       2
       3
       6
       5
       5
       4
       5
       7
       3
       1
       9
       5
       1
       2
       1
       2
       9
       4
       3
       2
       4
       4
       5
       6
       5
       9
       6
       6
       8
       7
       3
       3
       3
       5
       1
       9
       6
       1
       3
       5
       6
       4
       3
       3
       6
       6
       6
       4
       5
       4
       2
       5
       4
       3
       3
       2
       5
       6
       4
       5
       3
       3
       4
       3
       6
       2
       9
       5
       5
       2
       4
       6
       3
       5
       5
       6
       1
       3
       2
       5
       4
       3
       3
       3
       2
       2
       3
       3
       2
       4
       4
       4
       3
       0
       4
       1
       3
       3
       8
       3
       4
       4
       5
       4
       6
       3
       2
       2
       3
       1
       5
       4
       5
       5
       6
       1
       4
       2
       5
       7
       5
       1
       2
       3
       4
       6
       2
       4
       2
       6
       2
       3
       2
       2
       2
       2
       3
       3
       2
       5
       3
       2
       5
       5
       3
       4
       4
       1
       3
       2
       1
       3
       6
       3
       2
       1
       3
       6
       5
       3
       6
       2
       2
       5
       1
       4
       6
       2
       1
       5
       1
       5
       3
       1
       2
       2
       3
       4
       2
       2
       5
       4
       4
       2
       2
       1
       6
       1
       3
       5
       1
       6
       0
       2
       9
       4
       5
       6
       3
       4
       1
       3
       2
       5
       4
       5
       5
       4
       4
       5
       4
       3
       4
       5
       3
       3
       4
       2
       4
       9
       5
       4
       3
       4
       3
      10
       5
       7
       5
       1
       5
       5
      12
       5
       8
      10
      11
      12
      10
       8
      17
       9
      19
      15
      11
      17
      20
      16
      17
      21
      18
      25
      21
      29
      21
      25
      26
      26
      27
      38
      43
      40
      34
      39
      32
      46
      51
      50
      52
      52
      59
      73
      69
      74
      77
      59
      57
      93
      94
      75
      85
      96
     108
      97
     140
     117
     158
     119
     102
     125
     147
     148
     145
     156
     136
     180
     186
     189
     214
     223
     203
     203
     198
     224
     193
     215
     227
     233
     233
     218
     265
     280
     279
     271
     274
     280
     267
     286
     298
     332
     308
     291
     362
     350
     330
     358
     340
     370
     377
     407
     352
     392
     416
     420
     393
     366
     395
     409
     400
     457
     445
     418
     409
     449
     464
     420
     481
     421
     453
     465
     445
     467
     473
     448
     452
     470
     435
     465
     445
     481
     455
     461
     453
     448
     437
     425
     476
     454
     427
     477
     443
     435
     420
     415
     405
     410
     404
     425
     418
     396
     403
     362
     371
     403
     366
     393
     366
     337
     354
     341
     352
     327
     337
     277
     347
     276
     296
     308
     281
     275
     281
     266
     230
     280
     268
     227
     221
     227
     212
     223
     194
     215
     184
     173
     192
     187
     172
     156
     148
     160
     141
     159
     145
     136
     120
     124
     107
     112
      94
     103
      98
      96
      98
      81
      88
      85
      75
      71
      82
      59
      42
      65
      44
      66
      39
      33
      42
      53
      33
      39
      22
      44
      30
      29
      20
      33
      34
      29
      17
      26
      23
      20
      10
      23
      24
      20
      13
      12
      15
      12
      14
      13
       6
       9
       4
      11
      12
       7
       6
       4
       7
      10
       5
       5
       3
       4
       6
       9
       8
       6
       1
       7
       2
       2
       4
       1
       1
       3
       2
       2
       3
       1
       3
       0
       1
       0
       1
       3
       2
       5
       1
       0
       2
       0
       3
       2
       1
       0
       3
       1
       1
       0
       1
       3
       2
       3
       0
       3
       1
       1
       2
       2
       2
       2
       1
       2
       3
       0
       2
       4
       1
       1
       1
       1
       3
       1
       0
       3
       1
       1
       0
       0
       0
       0
       0
       3
       1
       4
       2
       2
       3
       0
       1
       0
       1
       0
       1
       1
       0
       2
       0
       2
       1
       1
       0
       3
       0
       1
       0
       2
       2
       0
       0
       0
       0
       0
       3
       0
       2
       0
       1
       2
       1
       3
       0
       1
       2
       0
       0
       2
       1
       1
       0
       1
       1
       2
       0
       2
       1
       1
       1
       0
       0
       1
       1
       3
       1
       2
       0
       2
       1
       0
       0
       1
       0
       2
       2
       4
       2
       0
       0
       2
       0
       2
       4
       0
       1
       0
       1
       1
       1
       2
       1
       0
       2
       1
       0
       2
       1
       3
       0
       0
       1
       2
       0
       0
       2
       0
       1
       2
       0
       0
       1
       0
       2
       0
       2
       1
       1
       1
       0
       1
       1
       1
       2
       2
       1
       3
       4
       0
       2
       1
       1
       1
       2
       1
       0
       1
       1
       0
       1
       0
       2
       2
       1
       0
       3
       1
       0
       0
       0
       0
       2
       0
       2
       4
       2
       0
       2
       0
       0
       0
       1
       1
       1
       0
       1
       0
       0
       0
       4
       0
       3
       1
       1
       0
       0
       0
       1
       3
       1
       1
       0
       2
       0
       0
       2
       2
       1
       1
       1
       2
       4
       0
       1
       1
       0
       1
       0
       1
       0
       1
       1
       0
       1
       2
       0
       0
       1
       1
       1
       1
       0
       0
       0
       0
       4
       0
       2
       0
       1
       0
       1
       0
       0
       2
       1
       0
       3
       0
       1
       1
       0
       0
       2
       1
       2
       0
       4
       1
       1
       0
       1
       2
       0
       1
       2
       1
       1
       0
       1
       1
       0
       1
       0
       0
       0
       2
       1
       1
       1
       1
       2
       1
       4
       2
       2
       0
       2
       1
       2
       3
       0
       0
       0
       2
       0
       1
       0
       0
       3
       2
       1
       1
       1
       2
       0
       0
       2
       0
       0
       0
       1
       1
       1
       0
       1
       0
       1
       0
       2
       2
       2
       1
       1
       1
       2
       3
       3
       1
       0
       0
       1
       0
       0
       0
       0
       1
       1
       0
       0
       0
       0
       1
       2
       2
       0
       1
       2
       5
       2
       1
       1
       0
       2
       1
       0
       1
       0
       2
       1
       2
       0
       0
       3
       2
       0
       0
       0
       4
       0
       0
       0
       1
       1
       0
       1
       0
       0
       2
       3
       0
       1
       0
       2
       1
       2
       1
       0
       1
       2
       3
       1
       0
       1
       0
       1
       0
       2
       1
       2
       1
       0
       1
       1
       0
       0
       0
       1
       0
       1
       0
       0
       0
       1
       0
       1
       1
       2
       0
       1
       0
       0
       2
       0
       1
       1
       0
       0
       0
       0
       0
       1
       0
       0
       0
       0
       0
       0
       0
       0
       0
       0
       0
       0
       0
       0
       0
       0
       0
       0
       0
       0
       0
       0
       0
       0
       0
       0
$ROI:
3
162 224
345 375
1311 1544
$PRESETS:
Live Time
1200
0
$ENER_FIT:
0.000000 0.359353
$MCA_CAL:
3
0.000000E+000 3.593530E-001 0.000000E+000 keV
$SHAPE_CAL:
3
0.000000E+000 0.000000E+000 0.000000E+000
