$SPEC_ID:
This is sample 174.
$SPEC_REM:
DET# 1
DETDESC# DIP1456 PCI-Trump SN 253
AP# Maestro Version 7.01
$DATE_MEA:
01/27/2025 11:34:19
$MEAS_TIM:
1200 1253
$DATA:
0 2047
       0
       0
       0
       0
       0
       0
       0
       0
       0
       0
       0
       0
       0
       0
       0
       0
       0
       2
       1
       2
       2
       6
       9
      11
      25
      18
      23
      31
      14
      26
      28
      23
      32
      36
      26
      27
      29
      35
      17
      29
      23
      32
      33
      27
      33
      32
      28
      25
      33
      30
      27
      33
      39
      29
      28
      26
      34
      25
      33
      41
      24
      32
      32
      30
      38
      27
      33
      34
      37
      30
      30
      30
      33
      33
      45
      39
      26
      30
      34
      31
      28
      49
      33
      26
      37
      31
      42
      32
      37
      32
      27
      36
      36
      34
      31
      40
      39
      38
      27
      38
      36
      41
      39
      23
      30
      36
      40
      28
      36
      30
      33
      32
      31
      28
      38
      32
      37
      32
      45
      40
      34
      27
      25
      46
      34
      44
      31
      36
      37
      35
      31
      41
      27
      41
      36
      33
      54
      32
      38
      25
      43
      31
      45
      41
      33
      33
      34
      39
      32
      34
      31
      29
      39
      29
      47
      40
      40
      34
      34
      40
      27
      42
      25
      31
      47
      37
      25
      35
      33
      40
      29
      44
      33
      29
      22
      41
      44
      46
      31
      38
      36
      32
      49
      40
      46
      31
      36
      27
      29
      40
      37
      34
      32
      46
      32
      39
      32
      46
      31
      40
      43
      41
      37
      28
      39
      36
      39
      34
      28
      29
      36
      34
      33
      41
      48
      37
      34
      31
      23
      35
      22
      37
      29
      46
      28
      29
      30
      24
      38
      31
      30
      44
      36
      36
      41
      35
      37
      31
      36
      29
      43
      45
      31
      39
      31
      33
      48
      29
      39
      37
      36
      41
      24
      39
      43
      44
      39
      41
      30
      36
      37
      33
      37
      32
      47
      44
      29
      39
      25
      29
      36
      52
      37
      24
      39
      41
      39
      39
      24
      50
      34
      41
      41
      33
      26
      43
      40
      37
      34
      48
      43
      34
      37
      34
      32
      38
      42
      32
      37
      31
      33
      32
      30
      39
      47
      32
      22
      27
      36
      30
      34
      36
      37
      32
      38
      39
      40
      50
      36
      45
      41
      34
      43
      43
      32
      33
      33
      26
      42
      44
      30
      36
      32
      34
      50
      39
      42
      35
      26
      47
      44
      42
      37
      39
      38
      45
      49
      40
      32
      37
      36
      39
      39
      33
      32
      39
      31
      42
      54
      42
      44
      40
      40
      45
      38
      32
      34
      42
      30
      36
      43
      39
      33
      41
      35
      35
      42
      32
      34
      38
      47
      36
      43
      38
      31
      34
      29
      33
      31
      30
      53
      45
      41
      36
      40
      42
      36
      31
      46
      38
      42
      39
      37
      37
      48
      33
      38
      38
      32
      40
      42
      50
      32
      49
      46
      44
      28
      43
      36
      40
      31
      48
      33
      45
      34
      45
      39
      41
      33
      35
      34
      33
      30
      36
      31
      44
      35
      32
      41
      32
      41
      49
      34
      37
      35
      32
      30
      36
      34
      33
      41
      37
      36
      34
      35
      47
      30
      36
      30
      27
      39
      38
      30
      40
      39
      30
      46
      37
      37
      37
      27
      39
      32
      32
      31
      40
      41
      32
      46
      37
      40
      47
      31
      34
      44
      36
      44
      56
      37
      42
      39
      45
      47
      51
      29
      41
      33
      47
      40
      42
      50
      44
      50
      32
      32
      51
      32
      36
      48
      37
      38
      56
      60
      30
      31
      39
      42
      49
      39
      48
      47
      45
      43
      36
      43
      37
      43
      32
      46
      52
      42
      40
      36
      56
      47
      44
      42
      38
      28
      35
      35
      34
      43
      41
      49
      50
      43
      33
      33
      39
      38
      46
      47
      45
      42
      33
      41
      42
      32
      39
      33
      30
      37
      34
      40
      43
      32
      34
      33
      55
      32
      53
      42
      30
      34
      25
      37
      40
      37
      35
      43
      36
      44
      41
      29
      40
      38
      30
      46
      28
      28
      31
      26
      35
      38
      34
      49
      39
      34
      38
      43
      42
      22
      35
      39
      36
      37
      38
      30
      34
      36
      37
      36
      32
      32
      37
      48
      35
      30
      33
      33
      37
      40
      46
      24
      49
      30
      34
      35
      45
      30
      34
      40
      34
      42
      40
      34
      33
      36
      32
      40
      34
      22
      35
      40
      26
      38
      31
      35
      49
      43
      43
      43
      44
      38
      31
      30
      30
      38
      24
      24
      33
      46
      30
      35
      32
      30
      35
      39
      31
      42
      33
      45
      33
      37
      32
      28
      37
      31
      48
      35
      44
      34
      37
      29
      45
      41
      37
      31
      40
      36
      37
      33
      54
      37
      40
      38
      37
      27
      33
      25
      30
      29
      27
      29
      37
      44
      42
      32
      37
      34
      32
      33
      32
      42
      29
      41
      35
      31
      40
      35
      38
      35
      27
      33
      43
      36
      37
      38
      38
      43
      37
      44
      33
      24
      51
      40
      40
      33
      35
      42
      41
      43
      40
      41
      35
      32
      42
      47
      38
      40
      43
      35
      32
      36
      29
      41
      37
      31
      38
      47
      54
      41
      52
      34
      34
      37
      37
      26
      38
      38
      33
      37
      45
      26
      30
      38
      34
      39
      36
      41
      38
      52
      43
      39
      43
      36
      40
      35
      24
      31
      33
      47
      39
      42
      37
      36
      37
      43
      46
      36
      37
      33
      46
      32
      40
      39
      51
      40
      34
      39
      37
      37
      45
      38
      42
      49
      38
      39
      50
      49
      50
      48
      36
      44
      31
      33
      34
      48
      45
      29
      49
      34
      34
      44
      43
      40
      46
      45
      41
      58
      39
      40
      43
      43
      27
      34
      51
      50
      42
      38
      29
      37
      45
      38
      53
      43
      33
      49
      49
      49
      49
      42
      41
      43
      49
      44
      40
      45
      34
      41
      46
      43
      29
      44
      44
      57
      38
      45
      36
      46
      37
      36
      38
      33
      42
      32
      39
      35
      41
      32
      41
      41
      44
      28
      37
      33
      29
      45
      35
      40
      38
      44
      42
      25
      30
      27
      25
      31
      35
      28
      43
      35
      31
      30
      30
      22
      24
      26
      34
      30
      24
      28
      32
      23
      20
      22
      26
      25
      28
      18
      33
      26
      22
      24
      21
      22
      29
      20
      20
      24
      14
      25
      20
      17
      19
      20
      18
      14
      23
      13
      14
      17
       9
      14
      14
      14
       9
      18
      14
      19
      16
      13
      17
      15
      15
      14
      15
       8
      10
      18
       9
      12
       8
      14
       8
      13
      13
      13
       7
      10
      17
       7
       7
      16
       7
       7
      14
       8
      10
      11
      12
       7
      14
       9
       9
      12
       9
      10
       9
      15
      15
       9
       7
       9
       9
      10
       2
       7
       9
      11
       7
       7
       8
       5
       6
       7
       6
       3
      10
       5
       5
       9
       6
      12
       7
       6
       5
       4
       5
       7
       6
       4
       9
       8
       5
       5
       7
       7
       6
       2
       7
       5
       7
       2
       4
       4
       3
       6
       4
       6
       6
       8
       6
       9
       7
       6
       3
       4
       4
       6
       3
       3
       6
       3
       0
       5
       2
       7
       9
       7
       4
       2
       4
       5
       8
       4
       7
       6
       4
       4
       4
       5
       4
       3
       6
       3
       8
       5
       6
       3
       3
       2
       5
       7
       3
       6
       2
      11
       3
       2
       3
       3
       0
       3
       5
       3
       1
       3
       4
       5
       1
       1
       5
       5
       3
       3
       1
       6
       3
       4
       4
       7
       5
       2
       2
       1
       1
       4
       4
       4
       4
       3
       6
       3
       4
       7
       7
       3
       4
       3
       9
       3
       0
       5
       1
       0
       2
       5
       2
       7
       3
       3
       4
       6
       2
       5
       1
       5
       3
       2
       2
       6
       1
       3
       1
       3
       4
       4
       2
       5
       4
       3
       2
       1
       2
       3
       1
       5
       4
       0
       3
       1
       2
       4
       4
       4
       6
       5
       4
       6
       2
       2
       3
       3
       1
       7
       2
       2
       1
       5
       7
       4
       6
       3
       7
       4
       5
       3
       3
       1
       6
       2
       3
       5
       3
       3
       3
       1
       2
       5
       2
       1
       1
       3
       3
       3
       4
       2
       3
       2
       3
       3
       2
       3
       3
       1
       1
       6
       6
       6
       5
       1
       2
       8
       4
       3
       5
       2
       1
       8
       1
       0
       4
       4
       4
       8
       2
       1
       0
       1
       5
       4
       0
       1
       6
       6
       5
       6
       3
       3
       8
      13
       2
       4
       4
       4
       5
      10
       6
       6
       1
       7
       8
       8
       7
       9
       7
       5
       6
       5
      11
       7
      10
       7
      10
       9
      17
      15
      14
      10
      17
      14
      11
      11
       7
      17
      22
      18
      21
      18
      27
      23
      21
      26
      38
      32
      27
      28
      34
      47
      35
      44
      42
      44
      69
      41
      71
      59
      57
      60
      54
      68
      74
      72
      80
      83
      70
      84
      95
      92
     106
     143
     112
     116
     124
     143
     127
     154
     139
     139
     150
     144
     165
     168
     166
     174
     212
     189
     189
     216
     218
     209
     197
     236
     211
     266
     248
     216
     256
     248
     246
     282
     283
     278
     295
     300
     305
     333
     325
     317
     367
     322
     331
     360
     339
     363
     360
     373
     374
     368
     386
     381
     391
     390
     427
     412
     405
     418
     448
     412
     417
     455
     447
     450
     455
     461
     432
     486
     475
     504
     473
     477
     474
     446
     426
     471
     466
     462
     485
     461
     475
     466
     481
     449
     444
     450
     434
     442
     478
     411
     444
     432
     429
     426
     442
     397
     394
     380
     394
     393
     391
     402
     380
     391
     361
     377
     361
     323
     349
     301
     312
     319
     319
     314
     344
     298
     277
     307
     281
     269
     249
     227
     225
     255
     245
     211
     212
     230
     192
     199
     198
     191
     176
     175
     171
     160
     137
     153
     146
     146
     125
     137
     115
     106
     118
     109
     111
     110
      91
      90
      91
      94
      95
      86
      64
      74
      82
      63
      67
      56
      52
      52
      54
      44
      49
      32
      39
      42
      33
      28
      45
      32
      32
      32
      26
      14
      29
      22
      12
      16
      15
      24
      16
      14
      15
      15
      11
       8
      18
       9
      12
       4
       5
       9
       7
       8
       5
       6
       3
       3
       3
       3
       4
       2
       3
       6
       2
       3
       4
       4
       1
       0
       7
       3
       3
       0
       4
       3
       1
       2
       0
       2
       4
       1
       1
       4
       0
       3
       0
       3
       0
       1
       2
       0
       2
       0
       1
       2
       0
       1
       1
       1
       0
       2
       2
       1
       4
       1
       0
       1
       1
       4
       1
       3
       2
       2
       1
       2
       1
       3
       2
       2
       2
       1
       3
       1
       1
       1
       0
       0
       2
       0
       0
       3
       0
       0
       1
       1
       2
       1
       2
       0
       3
       0
       2
       4
       0
       0
       1
       1
       2
       1
       2
       1
       0
       0
       0
       0
       2
       0
       0
       1
       3
       3
       1
       0
       2
       2
       1
       4
       0
       0
       2
       0
       3
       0
       2
       0
       1
       2
       2
       0
       0
       0
       1
       1
       1
       3
       1
       3
       0
       1
       1
       1
       2
       0
       1
       0
       1
       1
       0
       0
       0
       2
       2
       0
       0
       0
       0
       0
       2
       3
       2
       1
       0
       2
       5
       2
       1
       0
       1
       2
       1
       2
       5
       4
       1
       1
       2
       2
       0
       0
       0
       2
       0
       2
       1
       1
       2
       3
       2
       1
       1
       4
       2
       1
       1
       2
       1
       1
       0
       4
       1
       1
       1
       1
       2
       0
       1
       2
       1
       3
       0
       2
       0
       2
       0
       0
       2
       1
       2
       0
       2
       2
       3
       0
       0
       0
       0
       2
       1
       3
       0
       2
       2
       0
       0
       2
       1
       0
       0
       0
       0
       0
       0
       3
       0
       1
       2
       0
       1
       0
       2
       0
       0
       0
       1
       1
       0
       0
       0
       3
       2
       0
       0
       2
       2
       1
       1
       0
       1
       1
       1
       1
       0
       0
       1
       1
       1
       2
       0
       0
       2
       1
       1
       0
       1
       0
       0
       1
       2
       2
       2
       1
       1
       2
       0
       1
       1
       0
       1
       1
       0
       0
       0
       1
       1
       1
       1
       0
       1
       1
       1
       0
       1
       0
       2
       2
       3
       2
       0
       1
       0
       0
       0
       0
       3
       1
       0
       1
       3
       1
       0
       1
       0
       2
       0
       1
       1
       1
       0
       1
       0
       0
       1
       0
       2
       1
       1
       1
       0
       0
       2
       0
       1
       2
       1
       0
       1
       2
       1
       0
       2
       1
       1
       0
       0
       0
       1
       2
       1
       1
       1
       1
       2
       0
       2
       3
       0
       1
       2
       0
       0
       2
       1
       1
       0
       1
       1
       1
       0
       0
       2
       2
       1
       0
       1
       1
       0
       0
       0
       0
       1
       0
       1
       1
       0
       0
       0
       2
       0
       0
       0
       3
       1
       0
       2
       0
       0
       2
       0
       1
       1
       0
       2
       1
       1
       0
       0
       0
       3
       0
       1
       0
       2
       0
       2
       1
       2
       0
       1
       1
       1
       1
       0
       0
       1
       2
       1
       0
       0
       0
       2
       1
       2
       1
       0
       1
       0
       1
       1
       0
       0
       0
       2
       1
       0
       1
       1
       1
       3
       0
       1
       0
       2
       0
       3
       1
       1
       0
       1
       1
       2
       0
       0
       0
       2
       1
       0
       1
       0
       0
       0
       0
       0
       0
       0
       0
       0
       0
       0
       0
       0
       0
       0
       0
       0
       0
       0
       0
       0
       0
       0
       0
       0
       0
       0
$ROI:
3
162 224
345 375
1311 1544
$PRESETS:
Live Time
1200
0
$ENER_FIT:
0.000000 0.359353
$MCA_CAL:
3
0.000000E+000 3.593530E-001 0.000000E+000 keV
$SHAPE_CAL:
3
0.000000E+000 0.000000E+000 0.000000E+000
