$SPEC_ID:
This is sample 299.
$SPEC_REM:
DET# 1
DETDESC# DIP1456 PCI-Trump SN 253
AP# Maestro Version 7.01
$DATE_MEA:
01/29/2025 10:35:11
$MEAS_TIM:
1200 1253
$DATA:
0 2047
       0
       0
       0
       0
       0
       0
       0
       0
       0
       0
       0
       0
       0
       0
       0
       0
       0
       3
       6
       9
       8
       6
      10
      17
       9
      16
      21
      14
      28
      17
      25
      35
      36
      26
      34
      30
      29
      30
      32
      25
      27
      34
      38
      17
      22
      35
      31
      31
      34
      33
      25
      23
      20
      29
      24
      39
      25
      28
      25
      30
      22
      27
      49
      33
      33
      24
      36
      36
      25
      32
      32
      36
      35
      28
      23
      29
      35
      40
      32
      31
      40
      34
      38
      25
      37
      38
      35
      40
      44
      31
      31
      33
      39
      25
      41
      35
      25
      35
      23
      26
      30
      27
      43
      35
      29
      32
      30
      40
      37
      35
      22
      35
      29
      46
      29
      27
      30
      38
      29
      40
      39
      36
      38
      40
      39
      26
      43
      39
      27
      33
      39
      38
      34
      38
      32
      28
      34
      37
      35
      31
      49
      39
      35
      31
      35
      46
      26
      34
      36
      25
      30
      34
      41
      37
      28
      31
      46
      34
      35
      43
      25
      27
      34
      33
      37
      32
      33
      36
      32
      39
      34
      38
      23
      36
      29
      39
      42
      44
      36
      39
      43
      44
      39
      34
      47
      25
      34
      38
      37
      31
      42
      42
      38
      25
      30
      35
      30
      36
      34
      42
      37
      35
      41
      43
      29
      33
      48
      33
      41
      36
      36
      41
      41
      44
      37
      37
      31
      41
      44
      35
      41
      32
      51
      33
      31
      30
      33
      35
      34
      56
      50
      39
      33
      40
      41
      37
      45
      28
      42
      27
      33
      40
      37
      31
      44
      40
      38
      36
      32
      33
      36
      28
      41
      32
      36
      33
      49
      37
      28
      31
      35
      33
      28
      39
      31
      36
      23
      30
      33
      23
      40
      36
      47
      35
      38
      41
      34
      39
      34
      28
      41
      30
      37
      35
      31
      44
      47
      35
      48
      28
      37
      37
      41
      34
      33
      36
      32
      39
      41
      38
      42
      45
      51
      34
      47
      26
      33
      32
      27
      38
      36
      25
      34
      35
      36
      26
      39
      38
      49
      33
      39
      21
      33
      39
      37
      38
      30
      28
      40
      33
      38
      42
      27
      38
      29
      31
      40
      34
      27
      39
      37
      35
      30
      35
      30
      33
      20
      27
      35
      40
      36
      39
      37
      28
      22
      37
      41
      41
      33
      37
      31
      37
      38
      29
      44
      34
      30
      30
      36
      39
      39
      41
      56
      40
      40
      38
      36
      34
      36
      32
      40
      30
      37
      33
      27
      31
      35
      30
      42
      33
      35
      24
      47
      38
      52
      38
      34
      43
      34
      30
      43
      28
      41
      33
      40
      36
      27
      46
      49
      38
      30
      29
      42
      34
      33
      37
      36
      36
      36
      36
      30
      46
      39
      43
      28
      33
      30
      27
      43
      35
      40
      40
      37
      46
      29
      26
      30
      40
      36
      41
      34
      34
      44
      47
      35
      29
      38
      34
      45
      29
      38
      44
      41
      34
      41
      50
      31
      31
      41
      35
      40
      27
      38
      33
      44
      36
      38
      41
      35
      33
      36
      23
      32
      41
      40
      35
      34
      36
      47
      45
      33
      40
      41
      43
      41
      33
      43
      53
      35
      36
      28
      34
      44
      36
      45
      41
      47
      42
      32
      50
      37
      40
      44
      38
      39
      46
      37
      41
      45
      43
      30
      37
      35
      39
      40
      37
      45
      42
      38
      36
      41
      40
      40
      31
      48
      41
      32
      38
      37
      34
      39
      53
      44
      39
      31
      39
      46
      37
      37
      30
      46
      37
      32
      44
      40
      28
      34
      44
      40
      40
      37
      40
      38
      33
      43
      43
      35
      42
      29
      38
      42
      37
      34
      39
      31
      39
      38
      39
      47
      39
      34
      36
      45
      37
      35
      45
      38
      39
      38
      34
      43
      38
      37
      49
      41
      34
      33
      30
      39
      42
      42
      37
      28
      36
      33
      35
      34
      31
      32
      36
      33
      37
      47
      27
      35
      40
      40
      38
      43
      41
      36
      33
      50
      40
      32
      29
      38
      38
      41
      33
      41
      29
      37
      34
      43
      34
      32
      33
      42
      32
      26
      26
      24
      44
      37
      36
      44
      36
      39
      33
      32
      35
      35
      41
      35
      33
      38
      40
      32
      43
      39
      34
      42
      35
      35
      30
      31
      27
      28
      35
      38
      34
      24
      29
      32
      31
      41
      42
      43
      36
      56
      45
      25
      36
      35
      46
      35
      40
      54
      31
      25
      26
      45
      22
      46
      48
      35
      46
      42
      33
      35
      29
      39
      35
      33
      40
      27
      45
      37
      49
      40
      28
      34
      35
      35
      33
      45
      43
      33
      47
      42
      38
      23
      41
      31
      33
      39
      37
      48
      27
      42
      34
      30
      42
      33
      42
      36
      39
      36
      39
      38
      32
      28
      33
      42
      41
      42
      48
      48
      31
      33
      37
      38
      44
      34
      43
      41
      47
      36
      31
      28
      30
      39
      24
      28
      31
      41
      40
      33
      49
      38
      27
      41
      51
      35
      41
      40
      44
      38
      41
      43
      41
      35
      35
      29
      37
      45
      35
      38
      45
      33
      34
      40
      31
      43
      46
      42
      36
      31
      30
      42
      40
      46
      55
      45
      44
      42
      34
      28
      33
      40
      38
      37
      44
      41
      38
      42
      51
      41
      38
      51
      31
      42
      25
      34
      46
      43
      43
      53
      43
      42
      38
      42
      36
      50
      36
      46
      40
      30
      41
      38
      40
      41
      54
      43
      50
      38
      34
      39
      39
      36
      51
      42
      42
      54
      38
      42
      42
      45
      32
      55
      44
      38
      44
      53
      38
      46
      38
      37
      43
      39
      38
      46
      40
      41
      60
      43
      31
      43
      34
      42
      45
      37
      41
      35
      38
      35
      33
      43
      35
      37
      41
      35
      46
      38
      38
      47
      30
      34
      38
      31
      35
      34
      34
      38
      30
      36
      33
      31
      25
      33
      33
      43
      36
      35
      32
      34
      34
      35
      24
      27
      35
      37
      28
      32
      33
      27
      35
      29
      24
      37
      26
      31
      28
      26
      27
      19
      18
      18
      26
      21
      21
      15
      25
      24
      14
      28
      17
      23
      20
      24
      18
      23
      15
      20
      15
      12
      18
       6
      15
      15
      12
      12
      13
      14
      13
      19
      24
      15
      17
      17
      16
      14
      25
      17
      12
      10
       8
      11
       7
      17
       8
      12
      11
      11
       6
      14
      16
       6
      20
       9
      15
      15
      10
      13
      11
      16
      12
      16
      12
      13
      12
      11
       9
       7
       3
      16
       6
       4
      13
      13
       9
      11
       6
       5
       7
      10
       9
      12
      10
       8
      10
       5
       9
       7
       9
       4
       7
       4
       7
      10
      11
       4
       9
       2
       8
       7
       4
       8
       6
      11
       7
       8
       3
       7
       7
       7
       5
       4
       7
       7
       8
       4
       4
       3
       6
       3
      10
       5
       7
       6
       4
       7
       3
       3
       7
       7
       7
       4
       5
       8
       8
       4
       4
       5
       2
       3
       7
       8
       3
       7
       8
       8
       3
       4
       4
       1
       2
       6
       4
       9
       4
       4
       5
       6
       9
       4
       4
       7
       1
       4
       3
       4
       2
       3
       8
       2
       3
       4
       6
       7
       2
       2
       2
       4
       6
       1
       4
       6
       6
       2
       4
       5
       2
       4
       8
       1
       3
       5
       5
       4
       4
       5
       3
       6
       4
       4
       5
       4
       3
       3
       2
       2
       4
       6
       6
       4
       1
       2
       7
       4
       3
       1
       0
       3
       4
       4
       8
       1
       6
       2
       5
       4
       4
       1
       3
       2
       2
       2
       3
       4
       5
       3
       2
       4
       1
       6
       1
       3
       2
       5
       4
       5
       3
       3
       4
       5
       3
       3
       1
       2
       2
       1
       2
       3
       0
       2
       1
       3
       6
       6
       2
       5
       5
       3
       2
       2
       5
       5
       0
       5
       3
       3
       4
       2
       2
       1
       2
       3
       5
       5
       2
       1
       4
       3
       5
       3
       2
       1
       4
       1
       6
       5
       1
       3
       3
       4
       2
       2
       2
       4
       6
       2
       4
       2
       3
       4
       4
       0
       4
       2
       0
       0
       2
       5
       9
       3
       3
       3
       2
       0
       5
       4
       3
       2
       5
       5
       3
       2
       2
       4
       1
       4
       3
       5
       3
       8
       6
       1
       1
       0
       2
       5
       3
       3
       2
       7
       5
       1
       7
       4
       4
       7
       3
       2
       5
       5
       5
       9
       6
       4
      11
       6
       4
       9
       7
      12
      10
       8
      12
      16
       6
      17
       6
       6
      17
      17
      21
      15
      15
      15
      22
      19
      30
      26
      35
      16
      24
      27
      37
      37
      40
      35
      34
      43
      42
      51
      33
      55
      67
      49
      46
      71
      52
      58
      78
      97
      93
      85
      72
      99
     115
     100
     100
     118
     122
     120
     126
     131
     123
     146
     141
     147
     161
     163
     171
     191
     157
     177
     171
     194
     187
     201
     209
     201
     221
     213
     229
     221
     226
     251
     260
     278
     278
     277
     275
     267
     278
     300
     287
     281
     314
     338
     336
     338
     343
     329
     342
     350
     335
     370
     400
     394
     410
     403
     374
     401
     403
     446
     386
     420
     387
     446
     419
     413
     454
     452
     453
     438
     455
     436
     472
     429
     428
     429
     474
     446
     420
     420
     443
     428
     463
     492
     404
     430
     430
     433
     420
     479
     440
     484
     442
     411
     456
     439
     447
     415
     420
     405
     435
     428
     392
     434
     385
     403
     389
     406
     356
     371
     340
     328
     337
     370
     310
     287
     273
     305
     331
     293
     279
     269
     254
     284
     265
     235
     245
     262
     221
     214
     212
     237
     224
     187
     180
     181
     177
     163
     164
     172
     157
     143
     146
     135
     146
     151
     138
     113
     132
     117
     122
      99
      94
      90
      88
      88
     103
      75
      74
      66
      53
      71
      75
      57
      56
      75
      49
      48
      51
      34
      51
      41
      39
      34
      42
      30
      20
      33
      29
      19
      31
      17
      17
      16
      17
      19
      14
      17
       7
      17
      12
      13
      16
       2
       9
      16
       6
       5
      10
       9
       5
       7
       7
       5
       7
       5
       8
       6
       2
       6
       5
       5
       5
       2
       2
       2
       2
       0
       3
       3
       2
       2
       4
       4
       4
       1
       2
       1
       1
       0
       1
       3
       1
       4
       2
       2
       4
       0
       0
       2
       2
       1
       4
       1
       1
       0
       3
       1
       2
       1
       0
       3
       1
       0
       0
       3
       1
       2
       1
       1
       2
       3
       0
       0
       2
       0
       1
       0
       2
       1
       2
       2
       0
       3
       0
       1
       2
       1
       1
       1
       0
       0
       1
       3
       3
       2
       1
       0
       3
       1
       0
       4
       0
       3
       1
       0
       2
       0
       0
       0
       1
       1
       0
       0
       0
       0
       1
       2
       1
       1
       2
       0
       4
       1
       1
       2
       2
       1
       0
       3
       2
       1
       2
       3
       0
       1
       2
       0
       0
       1
       1
       1
       3
       1
       2
       0
       0
       2
       0
       2
       0
       0
       2
       0
       0
       1
       0
       1
       1
       1
       1
       1
       1
       2
       1
       1
       2
       3
       3
       2
       2
       2
       1
       0
       3
       0
       0
       2
       1
       0
       0
       1
       0
       5
       1
       1
       1
       0
       1
       1
       2
       1
       1
       1
       1
       0
       1
       2
       0
       1
       2
       1
       0
       0
       3
       1
       0
       1
       2
       0
       4
       4
       2
       0
       0
       1
       0
       3
       0
       3
       2
       1
       1
       0
       0
       0
       1
       0
       0
       4
       2
       2
       1
       1
       0
       0
       2
       2
       3
       0
       1
       1
       3
       2
       1
       2
       1
       0
       3
       0
       0
       0
       1
       3
       0
       1
       1
       0
       0
       0
       1
       0
       1
       0
       1
       1
       0
       0
       2
       2
       2
       3
       0
       1
       1
       2
       1
       1
       0
       0
       0
       0
       3
       2
       0
       0
       1
       1
       3
       0
       2
       0
       0
       0
       0
       1
       1
       0
       1
       0
       0
       2
       0
       1
       0
       1
       0
       1
       1
       1
       0
       1
       2
       1
       0
       2
       1
       2
       0
       1
       1
       1
       0
       0
       1
       0
       0
       0
       2
       2
       1
       2
       2
       0
       1
       0
       2
       0
       0
       1
       0
       0
       3
       2
       0
       2
       2
       0
       2
       2
       1
       1
       1
       3
       1
       1
       0
       0
       0
       0
       0
       2
       0
       0
       0
       3
       0
       1
       1
       1
       0
       2
       2
       1
       1
       5
       1
       1
       1
       0
       0
       0
       0
       2
       0
       1
       0
       3
       2
       1
       1
       0
       0
       0
       0
       1
       1
       0
       0
       0
       0
       2
       1
       0
       0
       0
       1
       1
       0
       0
       1
       0
       2
       0
       0
       0
       0
       1
       2
       1
       0
       1
       0
       0
       0
       2
       1
       2
       0
       3
       1
       1
       0
       1
       1
       0
       1
       0
       0
       0
       0
       1
       2
       0
       0
       1
       1
       1
       0
       0
       1
       0
       1
       0
       0
       0
       0
       0
       0
       1
       0
       1
       0
       0
       0
       2
       0
       0
       0
       2
       1
       0
       1
       3
       0
       1
       1
       1
       0
       0
       0
       2
       0
       2
       0
       0
       1
       0
       0
       0
       1
       0
       0
       0
       1
       0
       0
       0
       0
       0
       0
       0
       0
       0
       0
       0
       0
       0
       0
       0
       0
       0
       0
       0
       0
       0
       0
       1
       0
$ROI:
3
162 224
345 375
1311 1544
$PRESETS:
Live Time
1200
0
$ENER_FIT:
0.000000 0.359353
$MCA_CAL:
3
0.000000E+000 3.593530E-001 0.000000E+000 keV
$SHAPE_CAL:
3
0.000000E+000 0.000000E+000 0.000000E+000
