$SPEC_ID:
This is sample 278.
$SPEC_REM:
DET# 1
DETDESC# DIP1456 PCI-Trump SN 253
AP# Maestro Version 7.01
$DATE_MEA:
01/29/2025 02:41:17
$MEAS_TIM:
1200 1254
$DATA:
0 2047
       0
       0
       0
       0
       0
       0
       0
       0
       0
       0
       0
       0
       0
       0
       0
       0
       4
       5
       9
       7
       9
      11
      10
      14
      20
      21
      19
      19
      28
      18
      18
      37
      25
      34
      12
      35
      21
      37
      17
      28
      30
      18
      34
      31
      27
      34
      32
      25
      36
      40
      27
      31
      32
      27
      34
      27
      39
      30
      36
      22
      38
      25
      32
      32
      34
      43
      25
      30
      33
      40
      32
      41
      34
      44
      29
      30
      29
      26
      35
      33
      24
      25
      28
      32
      20
      31
      26
      21
      31
      48
      38
      34
      36
      36
      31
      41
      27
      29
      35
      26
      31
      26
      27
      34
      34
      35
      32
      35
      35
      31
      24
      34
      31
      32
      36
      29
      31
      25
      40
      29
      36
      34
      37
      27
      36
      29
      29
      42
      39
      37
      31
      25
      33
      42
      38
      36
      28
      35
      29
      22
      37
      43
      31
      35
      43
      37
      31
      34
      29
      40
      38
      34
      33
      38
      29
      31
      35
      45
      21
      37
      23
      28
      35
      30
      31
      36
      39
      35
      37
      41
      44
      28
      39
      39
      39
      43
      49
      37
      46
      26
      53
      32
      29
      34
      32
      38
      24
      34
      39
      37
      43
      30
      41
      43
      35
      37
      39
      44
      35
      44
      50
      39
      37
      38
      40
      38
      38
      49
      35
      31
      39
      38
      28
      40
      48
      36
      42
      36
      41
      39
      29
      39
      33
      27
      35
      43
      33
      35
      31
      40
      36
      43
      38
      28
      27
      37
      42
      36
      36
      42
      38
      38
      39
      37
      32
      32
      48
      37
      34
      31
      37
      28
      39
      47
      42
      37
      42
      37
      33
      44
      40
      41
      44
      33
      32
      37
      29
      29
      29
      35
      47
      50
      35
      31
      30
      33
      39
      27
      47
      43
      36
      41
      36
      38
      36
      46
      37
      31
      32
      27
      36
      34
      36
      39
      42
      37
      39
      33
      28
      44
      31
      44
      26
      44
      33
      40
      31
      32
      30
      26
      43
      32
      43
      44
      36
      43
      34
      39
      25
      36
      28
      45
      32
      29
      26
      35
      42
      38
      54
      38
      40
      28
      41
      32
      30
      29
      36
      39
      28
      53
      38
      43
      33
      29
      37
      40
      29
      43
      32
      32
      39
      28
      46
      50
      37
      44
      33
      43
      41
      31
      28
      42
      39
      40
      36
      35
      41
      35
      40
      28
      34
      49
      45
      36
      38
      30
      34
      34
      31
      30
      30
      33
      29
      43
      28
      33
      47
      38
      27
      43
      34
      36
      38
      31
      36
      34
      40
      39
      39
      35
      37
      43
      37
      44
      34
      35
      32
      35
      31
      33
      43
      44
      30
      33
      47
      30
      49
      37
      36
      40
      38
      48
      21
      38
      35
      35
      37
      39
      39
      40
      33
      37
      25
      32
      34
      34
      30
      29
      38
      34
      32
      31
      33
      27
      36
      48
      32
      40
      38
      41
      47
      31
      39
      44
      32
      26
      32
      48
      40
      46
      38
      31
      28
      50
      29
      35
      32
      34
      37
      43
      38
      36
      36
      36
      27
      46
      35
      37
      37
      42
      36
      37
      43
      25
      42
      38
      37
      33
      44
      35
      32
      40
      39
      42
      34
      39
      42
      31
      33
      46
      46
      41
      48
      32
      42
      50
      45
      47
      42
      32
      39
      45
      36
      36
      47
      39
      49
      40
      36
      43
      32
      40
      56
      23
      32
      38
      39
      39
      36
      37
      47
      29
      52
      34
      30
      32
      40
      37
      42
      29
      31
      37
      43
      39
      39
      41
      41
      40
      36
      47
      37
      33
      27
      31
      60
      43
      45
      35
      28
      28
      40
      46
      40
      28
      35
      36
      48
      36
      35
      34
      26
      40
      31
      54
      44
      46
      41
      41
      38
      45
      33
      37
      36
      33
      47
      40
      37
      30
      39
      38
      37
      42
      38
      40
      43
      35
      27
      41
      39
      42
      41
      30
      33
      46
      36
      35
      33
      30
      46
      35
      28
      31
      41
      29
      30
      36
      34
      39
      35
      39
      29
      45
      31
      41
      42
      45
      37
      38
      31
      31
      33
      40
      34
      36
      27
      35
      38
      37
      42
      43
      40
      30
      41
      37
      29
      31
      44
      36
      33
      36
      34
      26
      27
      28
      36
      29
      35
      42
      20
      39
      36
      37
      37
      30
      30
      41
      43
      25
      37
      38
      28
      43
      32
      33
      28
      51
      36
      48
      31
      30
      39
      38
      44
      37
      35
      46
      41
      37
      33
      37
      29
      39
      33
      36
      44
      39
      38
      24
      39
      37
      37
      38
      33
      46
      30
      40
      40
      43
      32
      38
      26
      34
      32
      35
      39
      46
      38
      38
      33
      37
      38
      35
      34
      29
      35
      39
      41
      47
      31
      41
      34
      38
      41
      30
      36
      37
      52
      31
      44
      26
      43
      36
      33
      37
      37
      33
      36
      39
      30
      39
      42
      32
      42
      34
      41
      47
      38
      29
      38
      37
      35
      50
      50
      40
      31
      38
      27
      50
      45
      26
      26
      47
      45
      42
      42
      52
      29
      40
      50
      41
      33
      31
      38
      35
      44
      34
      33
      37
      43
      33
      43
      37
      43
      53
      38
      40
      45
      33
      28
      39
      41
      54
      36
      35
      29
      42
      51
      31
      39
      44
      38
      39
      53
      35
      39
      33
      37
      36
      42
      48
      37
      36
      39
      41
      35
      37
      47
      34
      49
      35
      55
      44
      35
      37
      29
      38
      45
      43
      43
      41
      47
      33
      42
      46
      31
      37
      45
      37
      46
      42
      39
      31
      36
      42
      44
      43
      43
      34
      55
      33
      42
      47
      42
      46
      38
      44
      42
      55
      44
      41
      40
      51
      35
      47
      40
      48
      47
      42
      42
      47
      49
      27
      44
      50
      43
      32
      39
      38
      44
      39
      34
      28
      37
      40
      33
      41
      37
      28
      33
      36
      33
      35
      30
      36
      33
      35
      40
      29
      33
      33
      46
      30
      27
      24
      33
      30
      17
      24
      33
      28
      28
      25
      31
      29
      20
      25
      26
      27
      27
      26
      24
      23
      26
      19
      24
      28
      19
      17
      29
      22
      20
      26
      19
      26
      15
      19
      15
      18
      17
      17
      14
      12
      18
      14
      16
      14
      17
      12
      16
      18
      16
      16
      11
      14
      10
      13
       9
      21
      14
      13
      17
      10
       8
      12
      13
      14
      20
       8
      10
      10
      12
      13
       8
       8
      12
       9
      13
      12
       9
       8
      13
       8
      16
       5
       8
      12
       6
       8
       7
       7
       5
      13
      13
       8
       9
       8
      10
       4
      10
       6
       6
      12
       2
      11
       7
       5
       5
       5
       8
       7
       7
       7
       6
       7
       3
       4
      10
       8
       5
       6
       8
      10
       4
       5
       2
      10
       7
       8
       9
       3
       3
       7
       4
       3
       6
       6
       3
       4
      11
       4
       9
       4
       7
       8
       3
       8
       5
       8
       6
       6
       4
       5
       3
       7
       7
       4
      10
       1
       4
       5
       5
       7
       6
       2
       7
       8
       1
       6
       6
       4
       8
       7
       4
       4
       2
       6
       6
       2
       3
       3
       2
       5
       6
       3
       5
       4
       3
       4
       6
       2
       3
       3
       3
       5
       4
       3
       1
       3
       2
       5
       7
       2
       4
       3
       5
       3
       8
       2
       5
       4
       3
       3
       2
       3
       5
       3
       3
       1
       3
       2
       4
       6
       5
       0
       7
       6
       3
       1
       6
       1
       2
       6
       3
       7
       1
       3
       2
       2
       4
       3
       1
       4
       2
       1
       4
       4
       1
       3
       1
       5
       3
       5
       2
       4
       3
       2
       6
       0
       3
       3
       3
      10
       2
       5
       7
       6
       2
       3
       1
       3
       3
       4
       4
       4
       4
       1
       2
       1
       5
       1
       3
       5
       4
       4
       3
       3
       2
       5
       4
       3
       1
       9
       5
       1
       6
       3
       4
       2
       3
       5
       6
       2
       1
       1
       4
       3
       1
       0
       2
       0
       1
       4
       9
       3
       1
       2
       5
       2
       4
       4
       4
       1
       1
       2
       4
       7
       3
       1
       3
       5
       4
       8
       2
       4
       9
       5
       1
       5
       3
       6
       3
       2
       1
       3
       4
       4
       4
       3
       0
       4
       2
       4
       6
       0
       8
       7
       3
       2
       6
       4
       5
       4
       7
       6
       2
       4
       1
       2
       3
       4
       4
       5
       4
       6
       4
       4
       5
       7
       4
       7
       3
       6
       5
       7
       7
       3
       8
      11
      10
       9
       4
      14
      19
      11
      13
       9
      22
      12
      17
      15
      17
      17
      19
      19
      23
      23
      23
      38
      28
      34
      32
      41
      40
      29
      35
      40
      48
      44
      48
      51
      61
      49
      52
      65
      70
      76
      71
      64
      79
      86
      90
      97
      96
      96
     108
      90
     113
     100
      97
     140
     122
     144
     126
     158
     153
     145
     138
     161
     148
     151
     167
     179
     172
     190
     198
     194
     203
     217
     224
     264
     214
     234
     229
     236
     265
     306
     262
     286
     295
     291
     316
     310
     326
     300
     362
     367
     335
     357
     364
     374
     376
     334
     368
     375
     403
     395
     380
     392
     390
     445
     420
     426
     457
     454
     431
     441
     450
     488
     456
     442
     439
     452
     423
     467
     472
     438
     453
     440
     465
     457
     437
     442
     464
     423
     474
     470
     477
     469
     439
     458
     435
     455
     409
     457
     447
     433
     432
     424
     419
     440
     441
     385
     422
     397
     381
     353
     396
     336
     400
     380
     344
     325
     310
     337
     293
     311
     312
     319
     329
     291
     303
     288
     252
     267
     281
     266
     222
     243
     257
     246
     223
     221
     237
     193
     205
     195
     208
     181
     176
     169
     159
     153
     126
     170
     154
     118
     130
     139
     121
     100
     118
     101
      96
     110
      84
      86
     102
      99
      71
      87
      77
      65
      70
      61
      53
      51
      58
      44
      54
      70
      45
      48
      38
      34
      37
      25
      30
      29
      37
      28
      22
      25
      32
      23
      18
      21
      16
      16
       6
      16
      12
      17
      12
       8
      15
      10
       7
      14
       9
       5
       7
       8
       9
       9
       3
      12
       7
       7
       5
       6
       5
       5
       6
       5
       2
       4
       3
       2
       1
       3
       2
       2
       2
       3
       3
       1
       2
       1
       0
       1
       2
       2
       1
       1
       3
       4
       1
       0
       2
       1
       2
       3
       1
       2
       1
       1
       2
       1
       1
       3
       1
       0
       1
       1
       1
       1
       2
       1
       3
       3
       1
       3
       0
       1
       0
       3
       0
       3
       1
       0
       4
       1
       1
       0
       1
       1
       1
       1
       0
       1
       1
       1
       0
       1
       1
       0
       0
       3
       1
       3
       1
       0
       0
       2
       1
       1
       0
       1
       3
       1
       0
       0
       1
       0
       2
       0
       1
       0
       0
       1
       0
       1
       2
       1
       1
       1
       1
       2
       1
       0
       0
       0
       1
       1
       2
       2
       2
       0
       0
       0
       0
       1
       0
       0
       0
       0
       2
       1
       0
       3
       1
       0
       1
       3
       0
       1
       0
       4
       2
       2
       2
       0
       1
       1
       1
       2
       0
       2
       0
       1
       4
       1
       2
       0
       1
       2
       0
       0
       1
       2
       1
       2
       1
       0
       1
       1
       0
       1
       0
       0
       0
       0
       2
       1
       0
       2
       0
       1
       0
       1
       1
       2
       0
       1
       1
       2
       0
       3
       3
       1
       4
       0
       2
       1
       1
       2
       1
       0
       1
       0
       3
       1
       1
       0
       4
       2
       1
       1
       2
       0
       2
       0
       1
       1
       1
       2
       0
       1
       0
       1
       0
       0
       0
       1
       0
       0
       1
       0
       1
       1
       0
       0
       3
       1
       2
       0
       0
       1
       0
       0
       0
       1
       0
       0
       0
       1
       2
       0
       0
       0
       2
       0
       4
       3
       2
       1
       0
       1
       1
       0
       1
       0
       1
       2
       0
       1
       1
       0
       1
       0
       0
       1
       4
       0
       4
       3
       5
       0
       0
       1
       1
       1
       1
       3
       0
       0
       1
       2
       2
       0
       2
       1
       2
       3
       1
       1
       1
       1
       0
       1
       2
       0
       0
       1
       1
       0
       0
       0
       0
       0
       1
       2
       0
       0
       0
       3
       1
       1
       2
       1
       1
       1
       0
       0
       2
       1
       0
       2
       0
       0
       0
       2
       0
       1
       1
       1
       1
       0
       0
       1
       2
       1
       0
       0
       0
       0
       0
       2
       0
       0
       0
       0
       1
       1
       1
       2
       2
       1
       2
       0
       2
       0
       0
       0
       3
       0
       0
       2
       2
       0
       0
       0
       0
       2
       1
       2
       0
       0
       2
       1
       0
       1
       0
       0
       1
       1
       0
       0
       0
       0
       1
       0
       0
       0
       1
       1
       1
       0
       1
       0
       1
       2
       1
       0
       1
       0
       1
       0
       1
       2
       3
       2
       1
       0
       1
       3
       0
       2
       1
       0
       3
       1
       0
       0
       0
       1
       0
       2
       3
       1
       1
       2
       1
       2
       0
       1
       1
       0
       1
       0
       2
       0
       0
       1
       1
       1
       1
       0
       3
       1
       0
       1
       3
       0
       1
       0
       2
       2
       0
       0
       3
       0
       2
       0
       1
       1
       2
       2
       0
       1
       0
       1
       1
       0
       0
       0
       0
       0
       0
       0
       0
       0
       0
       0
       0
       0
       0
       0
       0
       0
       0
       0
       0
       0
       0
       0
       0
       0
$ROI:
3
162 224
345 375
1311 1544
$PRESETS:
Live Time
1200
0
$ENER_FIT:
0.000000 0.359353
$MCA_CAL:
3
0.000000E+000 3.593530E-001 0.000000E+000 keV
$SHAPE_CAL:
3
0.000000E+000 0.000000E+000 0.000000E+000
