$SPEC_ID:
This is sample 071.
$SPEC_REM:
DET# 1
DETDESC# DIP1456 PCI-Trump SN 253
AP# Maestro Version 7.01
$DATE_MEA:
01/25/2025 20:49:50
$MEAS_TIM:
1200 1254
$DATA:
0 2047
       0
       0
       0
       0
       0
       0
       0
       0
       0
       0
       0
       0
       0
       0
       0
       0
       0
       3
       4
       8
       7
       6
       6
      13
      12
      20
      18
      25
      21
      26
      27
      32
      29
      25
      28
      22
      24
      26
      28
      26
      26
      31
      35
      23
      25
      24
      35
      38
      30
      27
      28
      28
      35
      44
      25
      33
      31
      36
      26
      27
      23
      28
      26
      37
      41
      25
      26
      26
      31
      34
      32
      35
      32
      28
      22
      29
      27
      36
      30
      46
      37
      34
      33
      36
      27
      33
      35
      27
      42
      31
      35
      29
      38
      23
      43
      50
      21
      35
      29
      34
      40
      33
      36
      41
      32
      29
      22
      36
      28
      24
      39
      29
      30
      25
      28
      31
      39
      39
      28
      32
      31
      31
      42
      29
      30
      31
      34
      32
      42
      28
      27
      31
      38
      38
      48
      26
      31
      33
      32
      39
      33
      33
      33
      32
      41
      29
      27
      33
      28
      37
      44
      39
      45
      27
      35
      40
      35
      32
      47
      34
      40
      34
      34
      39
      38
      44
      37
      35
      35
      27
      30
      41
      31
      35
      41
      37
      48
      34
      38
      40
      39
      41
      31
      36
      33
      42
      32
      32
      34
      20
      37
      45
      35
      38
      37
      40
      34
      43
      39
      26
      33
      34
      35
      41
      34
      43
      30
      33
      34
      41
      45
      28
      28
      35
      40
      23
      31
      39
      39
      47
      29
      42
      37
      26
      46
      34
      36
      33
      34
      36
      36
      40
      34
      31
      25
      40
      35
      33
      38
      35
      43
      36
      24
      37
      35
      38
      31
      39
      33
      28
      27
      30
      49
      45
      45
      33
      42
      50
      45
      23
      35
      27
      35
      45
      29
      32
      30
      46
      39
      39
      38
      36
      39
      30
      35
      33
      33
      33
      31
      42
      33
      45
      23
      40
      27
      24
      42
      41
      43
      51
      32
      35
      53
      36
      39
      35
      31
      31
      47
      41
      41
      39
      41
      34
      36
      33
      43
      44
      36
      43
      40
      31
      38
      37
      26
      39
      38
      38
      36
      34
      30
      41
      35
      38
      38
      41
      31
      35
      33
      23
      44
      28
      34
      43
      38
      38
      30
      40
      31
      46
      47
      37
      35
      26
      51
      35
      38
      32
      26
      34
      39
      33
      34
      32
      39
      37
      34
      43
      37
      37
      35
      36
      31
      39
      39
      44
      35
      34
      31
      43
      35
      38
      41
      38
      34
      37
      45
      35
      43
      44
      39
      30
      22
      37
      28
      28
      30
      37
      30
      37
      46
      35
      29
      29
      42
      27
      38
      42
      40
      39
      39
      36
      41
      31
      46
      43
      41
      37
      35
      39
      33
      47
      36
      32
      38
      42
      34
      31
      33
      32
      44
      40
      36
      31
      30
      33
      38
      33
      39
      27
      33
      29
      32
      46
      42
      49
      48
      42
      45
      36
      33
      45
      42
      35
      36
      46
      35
      36
      34
      40
      47
      34
      42
      45
      32
      44
      39
      40
      39
      33
      37
      44
      36
      39
      34
      45
      33
      32
      45
      37
      35
      45
      35
      42
      45
      48
      32
      28
      43
      41
      31
      45
      18
      33
      37
      38
      45
      33
      38
      37
      36
      34
      39
      41
      37
      38
      45
      40
      48
      43
      43
      35
      38
      38
      39
      46
      35
      36
      36
      32
      36
      42
      36
      46
      28
      39
      44
      44
      42
      38
      30
      23
      39
      38
      36
      42
      41
      52
      35
      43
      45
      32
      33
      38
      39
      39
      45
      48
      46
      31
      40
      41
      48
      33
      32
      38
      33
      41
      40
      32
      46
      55
      52
      40
      41
      40
      28
      33
      28
      34
      39
      49
      31
      46
      42
      27
      44
      44
      43
      45
      41
      39
      39
      30
      45
      41
      36
      35
      36
      46
      30
      29
      43
      34
      38
      32
      41
      34
      42
      35
      35
      45
      37
      36
      34
      36
      37
      37
      29
      38
      37
      25
      34
      36
      38
      35
      36
      39
      42
      41
      46
      42
      46
      42
      46
      44
      46
      37
      49
      32
      42
      37
      44
      33
      42
      44
      29
      39
      29
      32
      48
      36
      34
      36
      40
      26
      32
      35
      37
      51
      47
      24
      37
      30
      42
      36
      33
      30
      36
      48
      41
      34
      45
      39
      26
      39
      41
      40
      47
      38
      37
      45
      35
      35
      33
      53
      35
      29
      34
      39
      31
      30
      42
      30
      32
      35
      34
      32
      31
      42
      39
      39
      27
      29
      24
      29
      42
      55
      38
      41
      34
      34
      45
      41
      40
      36
      34
      37
      24
      26
      42
      37
      35
      33
      28
      26
      25
      32
      36
      33
      34
      32
      35
      31
      36
      28
      33
      30
      44
      27
      34
      29
      40
      24
      30
      35
      33
      42
      38
      35
      38
      37
      32
      33
      32
      36
      43
      39
      35
      50
      27
      35
      29
      38
      38
      34
      43
      34
      29
      35
      30
      24
      43
      35
      43
      28
      29
      37
      46
      36
      40
      38
      31
      25
      34
      31
      50
      40
      32
      33
      34
      41
      34
      22
      37
      34
      37
      38
      37
      36
      32
      28
      43
      40
      41
      33
      33
      35
      30
      38
      29
      41
      36
      37
      32
      36
      42
      43
      33
      43
      41
      32
      44
      35
      42
      32
      41
      45
      32
      44
      42
      28
      38
      36
      40
      31
      24
      32
      36
      36
      31
      49
      35
      36
      53
      51
      47
      40
      40
      48
      38
      41
      43
      40
      52
      27
      42
      40
      41
      47
      40
      38
      45
      48
      53
      47
      48
      40
      34
      48
      32
      47
      46
      34
      47
      56
      47
      49
      37
      48
      37
      41
      49
      50
      42
      49
      43
      40
      42
      57
      28
      40
      42
      34
      45
      41
      36
      32
      45
      52
      39
      39
      45
      52
      39
      37
      33
      43
      41
      28
      31
      35
      46
      42
      41
      30
      32
      32
      46
      34
      39
      32
      32
      25
      31
      35
      23
      35
      31
      34
      32
      32
      26
      34
      33
      34
      22
      32
      25
      26
      24
      31
      29
      30
      24
      26
      34
      25
      23
      17
      32
      20
      24
      16
      31
      20
      16
      31
      19
      22
      16
      20
      18
      16
       7
      11
      26
      13
      14
      15
      22
      21
      14
      10
      19
      10
      10
      13
      14
      13
      14
      16
      20
      13
      14
      10
      17
      12
      17
      15
      12
       8
      12
      14
       8
      16
       7
       8
      11
       9
      12
      10
       9
       9
      10
      18
      16
      10
      14
      13
       8
       2
      14
       8
       5
      16
      10
       8
      10
       7
       6
       5
       9
       4
       9
       9
      10
       8
       9
      10
      10
       4
       6
      12
       4
       6
       5
      15
       6
       7
       5
      12
       9
       3
       7
       7
      11
       5
       7
       6
       4
       8
       4
       5
       5
       4
       4
       9
       7
       5
       4
       6
       5
       8
       8
       3
       5
       7
       9
      10
       5
       5
       5
       7
       6
       5
       8
       7
       5
       4
       5
       7
       6
       4
       3
       5
       5
       2
       2
       4
       4
       4
       6
      10
       4
       5
       3
       1
       7
       4
       0
       9
       2
       3
       4
       7
       5
       3
       1
       3
       3
       4
       2
       3
       3
       9
       4
       2
       9
       1
       5
       5
       0
       3
       4
       6
       3
       4
       5
       1
       3
       4
       6
       3
       4
       7
       6
       2
       2
       6
       4
       2
       5
       3
       5
       2
       1
       6
       4
       5
       4
       4
       2
       0
       1
       1
       5
       2
       5
       3
       5
       2
       6
       2
       2
       2
       2
       7
       9
       3
       8
       4
       2
       5
       1
       5
       2
       5
       4
       2
       1
       0
       6
       4
       6
       2
       2
       2
       6
       2
       2
       3
       4
       2
       2
       3
       1
       3
       3
       2
       2
       5
       5
       4
       2
       3
       2
       1
       3
       4
       3
       4
       5
       3
       3
       5
       4
       1
       1
       2
       0
       2
       2
       4
       4
       5
       6
       1
       2
       4
       4
       2
       1
       3
       4
       2
       4
       5
       1
       1
       3
       2
       2
       3
       2
       2
       4
       4
       2
       4
       0
       2
       3
       1
       1
       2
       2
       1
       5
       2
       3
       2
       4
       3
       1
       1
       7
       4
       3
       1
       4
       4
       2
       2
       5
       6
       5
       2
       4
       0
       3
       3
       0
       2
       3
       5
       3
       4
       4
       3
       3
       9
       4
       7
       4
       8
       3
       4
       3
       8
       4
       5
       7
       5
       3
       4
       8
       2
       7
       8
       5
       4
       5
       7
      10
       4
       3
       8
      12
      11
       6
      10
      14
       9
       6
      15
      15
      11
      15
      10
       9
      21
      16
      21
      21
      17
      25
      23
      32
      27
      26
      24
      28
      19
      28
      29
      36
      35
      49
      46
      44
      46
      57
      57
      56
      65
      61
      58
      74
      89
      88
      76
      80
      78
      88
      89
     104
     112
     113
     117
     103
     126
     123
     122
     127
     135
     143
     152
     166
     165
     169
     155
     172
     173
     183
     170
     208
     204
     210
     220
     213
     228
     235
     242
     243
     259
     253
     251
     268
     299
     285
     287
     286
     300
     347
     315
     277
     330
     353
     316
     366
     343
     369
     368
     363
     325
     385
     373
     375
     400
     400
     352
     406
     425
     397
     409
     389
     416
     450
     444
     459
     420
     452
     470
     445
     458
     450
     443
     454
     487
     445
     482
     440
     476
     471
     480
     472
     466
     456
     433
     485
     466
     468
     443
     433
     448
     458
     430
     440
     430
     477
     423
     442
     397
     414
     374
     369
     377
     395
     385
     375
     366
     340
     326
     357
     306
     354
     339
     322
     333
     305
     295
     324
     264
     280
     275
     252
     242
     244
     237
     222
     228
     218
     214
     237
     199
     186
     179
     183
     171
     175
     153
     167
     151
     141
     149
     139
     140
     123
     141
     108
     126
     112
     105
      92
     124
      96
      82
      98
      69
      81
      93
      65
      63
      63
      72
      83
      53
      52
      53
      53
      57
      44
      44
      48
      39
      42
      28
      31
      34
      36
      20
      22
      24
      24
      21
      27
      20
      18
      18
      13
      17
      14
      16
      20
      14
       8
      22
      13
       5
      13
      10
       6
       5
       5
       9
       5
       5
       3
       3
       5
       6
       6
       7
       4
       4
       2
       2
       1
       1
       0
       3
       2
       1
       4
       4
       1
       1
       2
       0
       3
       2
       6
       1
       3
       1
       5
       1
       1
       1
       0
       2
       2
       1
       0
       3
       0
       1
       0
       3
       0
       0
       3
       0
       1
       4
       1
       1
       2
       2
       1
       1
       0
       1
       1
       0
       1
       2
       2
       1
       1
       2
       1
       1
       2
       1
       2
       0
       5
       1
       1
       3
       1
       1
       2
       0
       1
       0
       1
       2
       0
       1
       2
       1
       1
       1
       0
       1
       3
       1
       4
       1
       0
       0
       0
       0
       0
       0
       3
       2
       2
       1
       0
       1
       3
       0
       3
       0
       0
       0
       2
       3
       1
       0
       2
       0
       1
       1
       0
       1
       0
       0
       0
       6
       0
       2
       0
       1
       1
       0
       0
       1
       1
       1
       2
       2
       1
       2
       2
       0
       0
       0
       2
       0
       0
       1
       3
       2
       1
       0
       1
       1
       1
       0
       0
       1
       0
       0
       1
       1
       2
       2
       1
       0
       0
       1
       1
       2
       1
       1
       1
       1
       1
       1
       0
       1
       1
       0
       4
       1
       0
       0
       2
       3
       2
       0
       0
       0
       3
       0
       2
       0
       1
       0
       0
       1
       1
       2
       0
       0
       0
       0
       0
       1
       0
       0
       0
       2
       2
       3
       0
       1
       3
       1
       1
       0
       0
       3
       0
       0
       0
       0
       0
       2
       2
       3
       2
       2
       0
       2
       2
       0
       1
       1
       0
       3
       0
       1
       4
       2
       3
       1
       0
       3
       2
       1
       3
       4
       2
       1
       1
       2
       2
       1
       1
       1
       1
       1
       1
       1
       1
       1
       1
       2
       0
       0
       1
       0
       2
       0
       1
       1
       1
       1
       0
       0
       1
       2
       0
       1
       1
       2
       0
       0
       1
       1
       1
       1
       1
       0
       1
       0
       0
       1
       2
       0
       2
       0
       1
       0
       1
       1
       1
       0
       1
       1
       1
       3
       1
       1
       2
       0
       0
       2
       0
       1
       1
       1
       1
       0
       1
       1
       0
       0
       0
       0
       2
       0
       0
       0
       0
       1
       1
       1
       2
       1
       1
       0
       0
       0
       0
       0
       2
       0
       0
       1
       1
       0
       1
       2
       1
       1
       1
       1
       1
       1
       2
       0
       0
       1
       1
       0
       1
       1
       1
       0
       1
       2
       1
       3
       1
       0
       2
       1
       1
       0
       2
       0
       0
       0
       0
       0
       2
       1
       0
       0
       1
       0
       2
       1
       1
       0
       0
       0
       1
       2
       0
       0
       1
       1
       1
       0
       1
       1
       1
       0
       2
       1
       0
       0
       1
       2
       1
       0
       3
       0
       1
       1
       0
       1
       0
       3
       0
       0
       0
       2
       0
       1
       0
       0
       1
       2
       1
       0
       1
       0
       0
       0
       0
       1
       1
       3
       0
       2
       0
       1
       1
       0
       0
       0
       0
       1
       0
       1
       2
       0
       0
       2
       1
       1
       0
       2
       1
       1
       2
       0
       0
       1
       2
       1
       1
       1
       0
       0
       0
       0
       0
       0
       0
       0
       0
       0
       0
       0
       0
       0
       0
       0
       0
       0
       0
       0
       0
       0
       0
       0
       0
       0
$ROI:
3
162 224
345 375
1311 1544
$PRESETS:
Live Time
1200
0
$ENER_FIT:
0.000000 0.359353
$MCA_CAL:
3
0.000000E+000 3.593530E-001 0.000000E+000 keV
$SHAPE_CAL:
3
0.000000E+000 0.000000E+000 0.000000E+000
