$SPEC_ID:
This is sample 258.
$SPEC_REM:
DET# 1
DETDESC# DIP1456 PCI-Trump SN 253
AP# Maestro Version 7.01
$DATE_MEA:
01/28/2025 19:09:56
$MEAS_TIM:
1200 1253
$DATA:
0 2047
       0
       0
       0
       0
       0
       0
       0
       0
       0
       0
       0
       0
       0
       0
       0
       0
       2
       1
       4
       6
       8
       8
       7
       9
      14
      20
      14
      22
      22
      15
      33
      23
      25
      22
      33
      31
      15
      27
      24
      26
      36
      19
      30
      25
      25
      25
      32
      30
      30
      24
      29
      39
      29
      35
      26
      42
      34
      26
      35
      26
      32
      32
      27
      30
      38
      26
      27
      25
      30
      35
      32
      28
      42
      33
      27
      34
      34
      49
      30
      42
      40
      24
      31
      30
      36
      28
      39
      31
      28
      35
      26
      43
      27
      33
      24
      29
      36
      33
      27
      37
      36
      34
      41
      30
      36
      48
      42
      34
      30
      50
      30
      36
      26
      34
      31
      35
      41
      35
      35
      44
      30
      42
      31
      43
      37
      33
      31
      40
      38
      35
      28
      24
      24
      33
      33
      40
      38
      29
      40
      34
      44
      36
      44
      36
      32
      41
      38
      31
      31
      32
      38
      32
      29
      52
      41
      44
      38
      31
      40
      35
      33
      27
      39
      34
      37
      43
      41
      40
      31
      41
      40
      36
      33
      37
      46
      35
      25
      41
      45
      43
      42
      34
      35
      34
      33
      45
      36
      35
      42
      32
      44
      31
      48
      26
      27
      34
      30
      43
      41
      35
      40
      24
      28
      36
      40
      29
      27
      33
      29
      37
      43
      41
      42
      40
      47
      31
      33
      33
      34
      31
      42
      38
      34
      33
      37
      36
      45
      35
      37
      28
      44
      41
      34
      41
      43
      23
      39
      37
      40
      37
      49
      38
      33
      29
      43
      49
      36
      37
      39
      46
      31
      36
      34
      42
      32
      34
      36
      33
      36
      40
      35
      45
      39
      38
      37
      35
      33
      44
      29
      35
      43
      45
      37
      35
      28
      20
      38
      31
      48
      28
      36
      31
      29
      38
      40
      34
      34
      44
      48
      33
      24
      39
      40
      49
      39
      35
      31
      48
      50
      49
      39
      32
      50
      30
      27
      49
      23
      45
      40
      41
      38
      33
      32
      32
      48
      33
      39
      40
      33
      25
      34
      35
      45
      43
      39
      42
      34
      42
      25
      41
      33
      34
      34
      35
      30
      28
      35
      42
      41
      38
      46
      37
      35
      35
      32
      27
      34
      31
      40
      30
      31
      35
      36
      42
      41
      37
      36
      31
      29
      33
      36
      39
      44
      36
      28
      37
      37
      29
      41
      45
      21
      38
      42
      28
      54
      30
      37
      36
      46
      45
      39
      42
      30
      30
      48
      37
      31
      25
      37
      34
      41
      36
      35
      34
      27
      32
      35
      33
      33
      38
      36
      37
      35
      44
      45
      45
      40
      38
      35
      36
      35
      42
      28
      38
      41
      33
      34
      31
      38
      38
      34
      27
      28
      27
      53
      40
      44
      37
      43
      36
      40
      42
      42
      37
      41
      37
      41
      39
      40
      44
      34
      38
      30
      39
      30
      32
      37
      43
      39
      32
      47
      37
      35
      35
      44
      47
      32
      47
      35
      32
      26
      31
      36
      34
      29
      49
      33
      48
      45
      46
      49
      36
      43
      42
      39
      31
      46
      34
      35
      39
      39
      44
      40
      31
      39
      48
      35
      30
      32
      43
      37
      38
      39
      44
      41
      38
      34
      36
      44
      33
      32
      37
      38
      37
      42
      37
      41
      32
      44
      36
      34
      45
      45
      41
      50
      45
      47
      41
      47
      42
      42
      39
      38
      43
      39
      41
      48
      42
      46
      33
      36
      40
      40
      40
      29
      28
      44
      40
      26
      41
      34
      49
      54
      40
      39
      39
      46
      37
      35
      47
      57
      47
      46
      32
      37
      42
      42
      45
      47
      39
      38
      54
      53
      46
      34
      38
      30
      42
      37
      42
      40
      44
      32
      36
      51
      36
      29
      44
      38
      43
      45
      33
      41
      40
      32
      42
      37
      39
      46
      48
      37
      31
      34
      39
      37
      31
      49
      41
      37
      34
      40
      33
      34
      37
      39
      40
      41
      33
      40
      40
      29
      27
      35
      37
      37
      46
      42
      28
      31
      41
      25
      33
      29
      29
      36
      41
      33
      32
      30
      32
      33
      29
      33
      36
      28
      41
      23
      36
      34
      30
      39
      51
      43
      42
      25
      25
      39
      32
      42
      39
      28
      38
      38
      38
      28
      31
      36
      31
      38
      35
      44
      30
      41
      31
      27
      33
      43
      28
      36
      31
      33
      41
      35
      41
      33
      33
      25
      33
      27
      32
      45
      30
      28
      35
      37
      33
      30
      20
      38
      32
      42
      44
      35
      40
      24
      29
      32
      29
      35
      31
      38
      32
      46
      27
      39
      39
      37
      45
      42
      35
      42
      31
      45
      33
      44
      39
      31
      35
      30
      38
      32
      41
      38
      32
      31
      34
      39
      28
      38
      42
      27
      36
      40
      40
      37
      41
      37
      27
      42
      34
      33
      42
      39
      30
      28
      28
      25
      37
      35
      45
      45
      38
      31
      31
      42
      44
      35
      33
      36
      37
      39
      32
      48
      38
      36
      47
      36
      36
      42
      38
      49
      42
      29
      34
      30
      38
      32
      53
      37
      39
      42
      33
      34
      49
      52
      40
      46
      42
      35
      36
      48
      31
      39
      34
      40
      39
      44
      40
      31
      32
      48
      44
      38
      38
      34
      45
      45
      31
      51
      35
      41
      47
      43
      46
      43
      42
      37
      41
      36
      46
      44
      39
      44
      41
      51
      35
      41
      43
      49
      38
      50
      37
      38
      51
      49
      23
      40
      27
      42
      42
      46
      40
      49
      41
      29
      42
      45
      51
      37
      33
      37
      41
      36
      45
      40
      41
      49
      35
      53
      37
      41
      45
      34
      48
      52
      33
      56
      52
      41
      39
      36
      60
      36
      51
      30
      38
      44
      41
      39
      53
      39
      40
      40
      48
      31
      46
      40
      39
      27
      47
      36
      35
      30
      24
      43
      41
      41
      44
      36
      30
      38
      43
      37
      25
      33
      33
      38
      32
      29
      36
      29
      26
      30
      36
      35
      32
      31
      26
      28
      25
      33
      22
      24
      25
      21
      30
      22
      18
      27
      27
      19
      27
      23
      27
      27
      13
      23
      19
      20
      17
      20
      12
      20
      28
      18
      27
      13
      11
      20
      16
      14
      13
      11
      13
      14
      21
      16
      10
       8
      20
      10
      20
      14
       9
      12
      14
      11
      15
      10
      13
      15
      11
      13
       7
      10
      11
      15
      16
      12
      19
      11
      15
       8
      11
      15
       6
      11
       8
       6
       9
      13
       7
       7
      10
      17
      10
       6
       6
       9
      12
       9
       7
       9
       5
       9
       5
       4
      10
       8
       7
       9
       7
       9
       8
       5
       6
       8
       6
      10
       5
      10
       8
       6
       7
       6
       4
       5
       8
       6
       4
      12
       6
       5
       6
       5
       3
      12
       9
       4
       3
       9
       5
       8
       6
      11
       9
       3
       6
       1
       9
       4
       2
       7
       5
       3
       3
       9
       8
      10
       8
       6
       9
       5
       5
       6
       1
       3
       6
       8
       5
       6
       3
       7
       4
       3
      10
       1
       1
       4
       2
       7
       9
       3
       5
       4
       4
       4
       3
       1
       1
       3
       2
       3
       2
       4
       2
       2
       2
       8
       4
       1
       5
       3
       5
       4
       3
       1
       6
       1
       4
       7
       3
       5
       5
       1
       1
       2
       3
       7
       5
       3
       3
       3
       1
       3
       5
       6
       5
       4
       3
       5
       6
       1
       1
       4
       3
       1
       3
       6
       5
       4
       3
       4
       2
       2
       0
       7
       1
       1
       3
       3
       2
       2
       3
       4
       4
       2
       7
       5
       5
       4
       1
       0
       3
       5
       0
       3
       2
       3
       2
       3
       6
       1
       4
       3
       2
       2
       5
       1
       4
       3
       5
       5
       0
       2
       5
       3
       5
       2
       2
       2
       3
       5
       0
       2
       4
       4
       2
       1
       6
       2
       1
       3
       3
       2
       0
       4
       2
       0
       5
       2
       3
       4
       6
       2
       2
       2
       3
       4
       2
       2
       1
       4
       7
       4
       1
       4
       2
       3
       2
       4
       2
       3
       4
       3
       7
       4
       4
       0
       1
       6
       7
       3
       3
       2
       2
       5
       2
       3
       4
       2
       3
       6
       8
       7
       3
       1
       2
       1
       5
       1
       2
       4
       5
       2
       4
       4
       4
       3
       0
       2
       2
       4
       1
       5
       9
       8
       4
       6
       3
       6
       4
       9
      11
       2
       5
       4
       6
       8
       6
       8
       3
      13
      12
       4
       8
      14
       5
       9
      15
      19
      11
       8
      16
      11
      16
      10
      18
      14
      14
      14
      22
      18
      19
      21
      44
      38
      42
      23
      27
      44
      49
      41
      37
      33
      39
      47
      40
      71
      56
      58
      61
      56
      76
      61
      72
      78
      74
      77
      89
      98
      97
     122
     109
      99
     108
     110
     117
     131
     145
     132
     129
     149
     144
     170
     188
     145
     166
     159
     179
     202
     196
     225
     202
     233
     205
     218
     229
     251
     265
     248
     245
     259
     262
     303
     286
     315
     313
     304
     296
     316
     317
     290
     327
     378
     352
     330
     353
     369
     383
     341
     383
     394
     397
     386
     370
     404
     387
     415
     410
     423
     433
     431
     447
     427
     421
     483
     456
     426
     407
     463
     428
     433
     464
     479
     501
     455
     498
     431
     476
     431
     441
     503
     477
     449
     443
     453
     426
     479
     419
     470
     443
     404
     438
     433
     440
     410
     384
     389
     372
     426
     407
     400
     386
     350
     354
     355
     362
     342
     349
     333
     321
     353
     313
     335
     314
     319
     296
     315
     294
     263
     257
     267
     269
     226
     253
     233
     233
     217
     223
     219
     200
     208
     175
     160
     167
     173
     186
     176
     145
     155
     130
     124
     128
     138
     130
     119
     114
     118
     105
      92
     100
     100
      93
      88
      80
      77
      80
      72
      85
      66
      76
      72
      57
      48
      50
      39
      59
      43
      29
      29
      39
      34
      30
      27
      28
      24
      41
      25
      23
      20
      12
      18
      16
      17
      14
      20
      11
      12
       7
       9
       9
      14
      12
      10
      15
      10
      11
       4
       3
       8
       7
       9
       8
       2
       1
       3
       4
       7
       3
       3
       5
       1
       2
       2
       4
       7
       3
       2
       3
       1
       0
       4
       1
       0
       1
       1
       0
       0
       1
       2
       0
       2
       1
       2
       3
       1
       0
       4
       1
       2
       1
       1
       1
       2
       4
       0
       0
       3
       1
       3
       1
       0
       2
       0
       0
       1
       2
       3
       0
       1
       1
       0
       1
       2
       2
       1
       1
       1
       3
       4
       1
       0
       1
       3
       2
       0
       1
       2
       2
       1
       2
       0
       0
       2
       2
       2
       2
       0
       1
       0
       0
       1
       1
       2
       0
       1
       0
       0
       1
       0
       1
       2
       0
       0
       0
       2
       2
       1
       0
       2
       3
       1
       3
       0
       2
       1
       1
       2
       0
       1
       1
       1
       4
       0
       0
       0
       0
       3
       1
       2
       3
       3
       1
       0
       1
       2
       0
       0
       0
       2
       1
       0
       1
       2
       1
       0
       5
       2
       2
       0
       2
       0
       0
       0
       1
       0
       0
       0
       1
       0
       2
       0
       3
       2
       0
       2
       2
       0
       0
       0
       1
       1
       0
       0
       1
       1
       2
       0
       0
       1
       2
       1
       0
       2
       0
       0
       2
       2
       0
       1
       2
       2
       0
       5
       0
       0
       1
       3
       0
       0
       2
       1
       1
       1
       0
       1
       0
       1
       1
       2
       1
       1
       1
       0
       2
       4
       0
       3
       1
       0
       0
       0
       1
       1
       2
       2
       2
       1
       1
       1
       0
       0
       0
       1
       0
       2
       0
       1
       0
       1
       0
       2
       2
       0
       1
       0
       2
       2
       1
       0
       0
       1
       3
       1
       2
       1
       0
       0
       1
       1
       2
       1
       4
       1
       0
       0
       1
       0
       3
       1
       0
       1
       1
       1
       0
       0
       0
       0
       4
       0
       2
       0
       2
       0
       0
       2
       1
       0
       1
       2
       1
       2
       2
       0
       1
       3
       0
       0
       0
       1
       3
       1
       1
       0
       1
       1
       0
       2
       0
       1
       1
       1
       2
       1
       1
       0
       0
       0
       4
       0
       2
       2
       1
       0
       1
       0
       1
       0
       1
       1
       0
       1
       0
       0
       0
       2
       1
       1
       1
       0
       1
       0
       1
       2
       0
       3
       0
       1
       2
       0
       1
       1
       0
       0
       1
       2
       0
       1
       1
       3
       0
       2
       2
       0
       1
       1
       0
       1
       1
       1
       0
       1
       0
       0
       0
       0
       1
       2
       0
       0
       0
       2
       1
       1
       2
       2
       3
       0
       0
       0
       1
       1
       1
       0
       3
       1
       1
       0
       1
       1
       0
       0
       0
       1
       0
       0
       0
       1
       1
       1
       1
       1
       2
       0
       1
       1
       3
       1
       0
       1
       0
       1
       1
       1
       1
       2
       2
       1
       0
       0
       0
       3
       2
       1
       2
       0
       1
       2
       1
       1
       0
       0
       1
       1
       0
       0
       1
       1
       1
       0
       0
       1
       2
       0
       1
       2
       0
       0
       0
       1
       2
       2
       1
       0
       1
       2
       1
       0
       3
       0
       1
       1
       1
       1
       1
       0
       3
       1
       0
       0
       0
       0
       0
       0
       0
       0
       0
       0
       0
       0
       0
       0
       0
       0
       0
       0
       0
       0
       0
       0
       0
       0
       0
       0
       0
       0
       0
$ROI:
3
162 224
345 375
1311 1544
$PRESETS:
Live Time
1200
0
$ENER_FIT:
0.000000 0.359353
$MCA_CAL:
3
0.000000E+000 3.593530E-001 0.000000E+000 keV
$SHAPE_CAL:
3
0.000000E+000 0.000000E+000 0.000000E+000
