$SPEC_ID:
This is sample 002.
$SPEC_REM:
DET# 1
DETDESC# DIP1456 PCI-Trump SN 253
AP# Maestro Version 7.01
$DATE_MEA:
01/24/2025 18:52:36
$MEAS_TIM:
1200 1254
$DATA:
0 2047
       0
       0
       0
       0
       0
       0
       0
       0
       0
       0
       0
       0
       0
       0
       0
       0
       1
       4
       3
      10
      11
       7
       8
      12
      23
      18
      27
      28
      23
      30
      24
      19
      25
      42
      41
      28
      32
      36
      21
      28
      22
      34
      26
      26
      35
      37
      30
      27
      28
      32
      36
      31
      28
      34
      30
      32
      27
      29
      25
      28
      32
      41
      16
      26
      33
      32
      28
      38
      37
      32
      27
      21
      31
      34
      33
      23
      41
      26
      41
      49
      36
      40
      21
      30
      30
      44
      33
      42
      50
      32
      20
      25
      28
      33
      24
      38
      29
      32
      30
      34
      32
      36
      28
      29
      35
      28
      45
      42
      29
      28
      32
      35
      41
      34
      29
      39
      33
      42
      22
      41
      42
      48
      38
      41
      27
      31
      37
      34
      38
      35
      42
      32
      26
      33
      40
      28
      34
      35
      37
      34
      27
      34
      28
      22
      33
      36
      46
      37
      34
      35
      40
      32
      32
      27
      37
      26
      38
      52
      40
      39
      38
      27
      38
      34
      26
      35
      45
      34
      39
      34
      34
      40
      31
      42
      48
      38
      39
      47
      30
      42
      38
      40
      36
      42
      35
      31
      46
      35
      47
      34
      39
      42
      29
      41
      32
      39
      30
      36
      44
      32
      27
      36
      48
      40
      41
      32
      29
      40
      35
      35
      31
      33
      33
      43
      37
      34
      42
      40
      36
      37
      38
      41
      35
      37
      33
      31
      30
      43
      34
      41
      28
      36
      38
      38
      32
      36
      42
      39
      43
      43
      22
      40
      48
      48
      45
      43
      42
      38
      34
      40
      28
      40
      38
      36
      34
      30
      35
      32
      38
      46
      45
      34
      31
      44
      28
      33
      32
      41
      38
      43
      27
      53
      39
      42
      37
      39
      40
      49
      34
      36
      39
      38
      37
      30
      28
      43
      36
      44
      30
      40
      42
      39
      30
      41
      22
      38
      29
      26
      33
      42
      34
      39
      38
      28
      53
      31
      29
      32
      35
      42
      32
      37
      34
      42
      45
      35
      31
      38
      29
      39
      36
      41
      31
      49
      33
      29
      33
      36
      50
      36
      50
      41
      30
      38
      30
      21
      45
      33
      35
      33
      38
      30
      34
      26
      39
      33
      30
      32
      41
      36
      46
      38
      38
      35
      44
      24
      36
      45
      37
      37
      43
      32
      47
      47
      31
      35
      42
      27
      43
      39
      46
      40
      34
      46
      44
      43
      29
      36
      45
      30
      38
      39
      36
      31
      27
      40
      39
      42
      49
      34
      24
      23
      38
      32
      40
      34
      40
      39
      38
      34
      41
      37
      42
      44
      28
      34
      48
      38
      37
      48
      35
      36
      42
      43
      48
      39
      35
      32
      41
      40
      37
      29
      34
      56
      35
      40
      36
      33
      46
      40
      34
      37
      41
      33
      47
      40
      26
      24
      41
      30
      36
      46
      33
      35
      42
      34
      28
      36
      26
      42
      45
      30
      22
      38
      35
      42
      36
      45
      35
      34
      42
      36
      36
      43
      38
      32
      48
      33
      30
      31
      42
      43
      48
      34
      21
      39
      36
      42
      33
      43
      41
      38
      36
      34
      35
      41
      48
      48
      33
      44
      38
      42
      39
      40
      42
      38
      39
      39
      56
      28
      38
      41
      31
      43
      38
      44
      46
      36
      33
      44
      41
      51
      41
      36
      38
      41
      47
      38
      41
      27
      49
      42
      36
      46
      33
      32
      36
      41
      45
      48
      37
      35
      60
      41
      41
      34
      36
      24
      51
      46
      38
      49
      48
      40
      43
      43
      46
      41
      41
      41
      37
      41
      34
      56
      34
      42
      42
      42
      45
      41
      47
      33
      33
      43
      26
      53
      40
      30
      36
      40
      34
      34
      38
      36
      40
      43
      39
      44
      37
      43
      32
      27
      30
      40
      37
      37
      46
      37
      36
      42
      38
      28
      30
      39
      30
      48
      45
      35
      44
      42
      40
      40
      32
      34
      37
      42
      34
      42
      38
      42
      37
      42
      35
      27
      36
      38
      37
      47
      49
      46
      39
      36
      36
      35
      40
      26
      34
      36
      36
      41
      36
      27
      45
      31
      32
      30
      32
      35
      34
      30
      31
      29
      35
      29
      38
      37
      40
      34
      31
      39
      35
      38
      37
      29
      41
      47
      33
      42
      31
      31
      34
      24
      53
      38
      40
      32
      39
      36
      34
      30
      40
      24
      32
      41
      49
      29
      36
      40
      28
      26
      31
      35
      28
      42
      29
      44
      30
      39
      36
      38
      38
      41
      30
      36
      44
      43
      36
      30
      30
      32
      40
      32
      39
      34
      44
      42
      40
      41
      28
      47
      33
      31
      40
      34
      33
      38
      35
      27
      33
      31
      25
      37
      38
      29
      34
      40
      45
      37
      35
      46
      37
      29
      41
      38
      23
      44
      34
      35
      34
      30
      41
      33
      44
      32
      40
      36
      47
      35
      39
      33
      34
      35
      38
      40
      27
      36
      35
      38
      38
      38
      33
      48
      54
      33
      33
      38
      40
      28
      47
      47
      35
      37
      25
      35
      28
      33
      43
      40
      37
      28
      33
      43
      33
      41
      43
      42
      42
      29
      37
      33
      45
      39
      40
      51
      37
      46
      44
      41
      43
      40
      44
      42
      42
      33
      52
      43
      28
      44
      34
      40
      40
      36
      42
      40
      32
      43
      43
      34
      40
      38
      49
      32
      43
      36
      46
      40
      46
      41
      47
      46
      45
      39
      46
      55
      40
      38
      54
      52
      51
      33
      35
      48
      33
      36
      40
      50
      35
      44
      49
      33
      37
      47
      45
      46
      50
      40
      39
      36
      40
      38
      42
      40
      39
      30
      36
      37
      42
      46
      48
      45
      45
      47
      37
      37
      40
      41
      48
      45
      37
      44
      38
      51
      37
      26
      32
      35
      36
      42
      35
      37
      27
      40
      32
      36
      30
      40
      30
      29
      35
      47
      44
      36
      29
      32
      29
      32
      32
      29
      26
      28
      26
      31
      27
      36
      29
      33
      26
      26
      17
      11
      27
      29
      21
      35
      36
      21
      29
      32
      36
      21
      23
      18
      24
      19
      28
      24
      11
      22
      22
      15
      20
      21
      14
      19
      20
      20
      17
      16
      22
      26
      22
      15
      19
      17
      16
      17
      19
      17
      12
      15
      12
      11
      18
      12
      14
      17
      10
      17
      10
      10
      15
      14
      11
      15
      15
      10
       5
      15
      11
      16
      15
      11
      13
       9
      12
      14
      18
       9
      12
      11
       5
      11
      10
      17
       8
       8
      10
       8
      11
       6
       9
      10
      11
      10
      15
      11
       9
      11
      13
       9
       5
      11
       5
       6
       5
       4
       4
       5
       7
       7
       7
       9
       6
       6
       4
       1
       9
       2
       3
       7
       6
       6
       6
       5
       5
       1
       2
       9
       6
       8
       7
       7
       4
       6
      11
       4
       3
       7
       5
       9
       7
       5
       3
       3
       5
       6
       5
       4
       4
       9
       2
       4
       5
       3
       4
       6
       4
       4
       2
       2
       7
       3
       4
       8
       3
       7
       4
       5
       4
       1
       4
       1
       6
       2
       5
       4
       5
       2
       3
       6
       5
       3
       3
       5
       4
       2
       4
       2
       1
       3
       8
       5
      10
       2
       7
       2
       4
       4
       8
       4
       4
       0
       5
       7
       4
       2
       6
       3
       2
       2
       2
       4
       3
       2
       3
       3
       6
       3
       3
       3
       0
       6
       3
       3
       1
       2
       3
       7
       3
       4
       5
       2
       2
       1
       3
       2
       2
       2
       4
       5
       4
       2
       2
       1
       3
       0
       2
       1
       5
       1
       4
       1
       6
       0
       2
       6
       2
       4
       1
       3
       2
       8
       4
       2
       1
       2
       4
       2
       2
       3
       1
       3
       3
       3
       4
       4
       0
       2
       3
       4
       0
       6
       3
       1
       2
       3
       2
       4
       3
       8
       4
       4
       7
       1
       4
       4
       0
       6
       4
       2
       4
       3
       3
       3
       4
       5
       2
       1
       1
       2
       6
       8
       2
       8
       3
       3
       4
       2
       2
       1
       1
       2
       3
       4
       5
       2
       4
       4
       1
       3
       1
       1
       3
       4
       4
       5
       6
       3
       3
       4
       2
       6
       3
       8
       2
       4
       2
       5
       4
       3
       4
       3
       4
       3
       2
       4
       5
       1
       1
       4
       2
       9
       4
       4
       4
      10
       7
       4
       4
       5
       3
       5
      10
       3
       7
       2
      12
       5
       7
      10
       9
       9
       5
       8
       7
       4
       4
      12
      19
       9
       9
      13
      14
      21
      13
      19
      12
      25
      15
      26
      25
      22
      26
      17
      25
      34
      35
      34
      35
      31
      38
      42
      44
      51
      37
      51
      49
      69
      54
      67
      58
      70
      59
      65
      64
      67
      89
      87
      97
      68
      90
     110
     115
     117
     125
     118
     112
     120
     156
     136
     149
     131
     154
     141
     174
     174
     177
     203
     201
     211
     196
     220
     221
     220
     254
     231
     263
     238
     237
     278
     250
     297
     275
     253
     261
     288
     295
     282
     312
     331
     343
     362
     357
     326
     391
     362
     366
     362
     383
     369
     364
     415
     395
     394
     407
     391
     433
     405
     442
     394
     434
     455
     457
     434
     442
     466
     427
     412
     432
     468
     438
     463
     464
     504
     455
     485
     433
     449
     418
     466
     465
     443
     482
     483
     487
     450
     402
     454
     440
     482
     443
     445
     430
     432
     446
     406
     410
     389
     420
     398
     346
     357
     366
     363
     357
     374
     377
     350
     346
     338
     321
     343
     294
     333
     296
     306
     297
     256
     271
     281
     260
     279
     240
     246
     209
     202
     210
     216
     230
     196
     177
     181
     170
     192
     163
     183
     146
     144
     145
     156
     125
     120
     135
     131
     106
     109
     112
     101
      91
      93
      85
      79
      91
      83
      91
      77
      83
      46
      75
      60
      49
      49
      50
      51
      42
      45
      41
      41
      44
      32
      28
      44
      30
      27
      25
      40
      35
      25
      22
      21
      18
      15
      17
      27
      11
      13
      14
      13
      11
       8
      12
       6
      10
      11
       6
       4
       7
       7
       8
       6
       6
       9
       3
       3
       4
       9
       4
       4
       4
       4
       3
       5
       4
       7
       3
       3
       3
       3
       2
       1
       1
       9
       2
       1
       1
       2
       2
       2
       1
       2
       1
       0
       0
       2
       2
       4
       1
       1
       0
       3
       2
       1
       2
       1
       0
       1
       1
       1
       3
       2
       2
       0
       0
       0
       3
       2
       0
       2
       2
       1
       2
       3
       1
       0
       1
       1
       0
       1
       3
       4
       2
       4
       0
       1
       1
       2
       0
       1
       2
       1
       1
       1
       1
       0
       2
       2
       1
       2
       1
       2
       2
       3
       1
       0
       0
       1
       0
       1
       0
       1
       1
       0
       1
       1
       2
       4
       3
       0
       1
       0
       2
       2
       3
       1
       1
       0
       2
       1
       0
       1
       0
       2
       2
       0
       0
       0
       1
       2
       0
       1
       1
       1
       1
       1
       2
       0
       1
       0
       0
       2
       1
       0
       4
       1
       0
       0
       1
       1
       1
       0
       1
       0
       0
       0
       2
       0
       0
       1
       0
       0
       0
       0
       0
       0
       3
       2
       4
       0
       1
       2
       0
       2
       1
       0
       1
       1
       1
       0
       1
       2
       0
       2
       2
       3
       3
       0
       1
       1
       1
       2
       2
       1
       1
       2
       1
       0
       0
       2
       0
       3
       2
       2
       1
       1
       0
       2
       3
       1
       1
       2
       3
       2
       1
       1
       0
       0
       0
       0
       2
       3
       0
       1
       1
       0
       1
       0
       4
       2
       0
       1
       1
       1
       0
       0
       2
       2
       0
       2
       2
       1
       1
       1
       1
       0
       1
       2
       2
       0
       1
       1
       4
       0
       0
       2
       1
       0
       0
       1
       1
       0
       0
       4
       1
       0
       3
       2
       1
       1
       1
       2
       1
       1
       1
       1
       0
       1
       2
       1
       1
       2
       1
       0
       2
       2
       0
       0
       1
       3
       0
       1
       2
       1
       1
       0
       1
       0
       3
       2
       2
       0
       1
       0
       0
       1
       1
       1
       2
       0
       0
       0
       0
       0
       2
       0
       1
       0
       1
       4
       0
       1
       0
       0
       0
       0
       2
       1
       1
       2
       0
       1
       0
       1
       1
       2
       1
       0
       0
       1
       0
       2
       0
       0
       2
       2
       1
       0
       0
       1
       1
       0
       0
       1
       0
       1
       0
       0
       0
       1
       0
       0
       0
       1
       3
       1
       2
       0
       1
       2
       3
       2
       2
       1
       2
       0
       0
       2
       0
       1
       1
       1
       1
       0
       1
       1
       2
       0
       0
       1
       1
       0
       0
       0
       1
       3
       2
       1
       0
       1
       0
       0
       0
       2
       0
       1
       0
       2
       1
       0
       3
       1
       1
       1
       1
       0
       0
       1
       1
       1
       0
       1
       0
       2
       1
       2
       2
       2
       0
       1
       0
       1
       0
       1
       0
       0
       2
       0
       0
       1
       1
       2
       1
       1
       1
       1
       0
       1
       1
       3
       3
       0
       1
       0
       0
       0
       1
       1
       1
       0
       0
       0
       0
       1
       0
       1
       0
       0
       1
       0
       1
       1
       0
       0
       0
       0
       0
       0
       0
       1
       1
       0
       0
       0
       0
       0
       0
       0
       0
       0
       0
       0
       0
       0
       0
       0
       0
       0
       0
       0
       0
       0
       0
       0
       0
       0
       0
       0
       0
       0
$ROI:
3
162 224
345 375
1311 1544
$PRESETS:
Live Time
1200
0
$ENER_FIT:
0.000000 0.359353
$MCA_CAL:
3
0.000000E+000 3.593530E-001 0.000000E+000 keV
$SHAPE_CAL:
3
0.000000E+000 0.000000E+000 0.000000E+000
