$SPEC_ID:
This is sample 221.
$SPEC_REM:
DET# 1
DETDESC# DIP1456 PCI-Trump SN 253
AP# Maestro Version 7.01
$DATE_MEA:
01/28/2025 05:14:58
$MEAS_TIM:
1200 1253
$DATA:
0 2047
       0
       0
       0
       0
       0
       0
       0
       0
       0
       0
       0
       0
       0
       0
       0
       0
       1
       1
       6
       5
      13
       9
       8
      19
      14
      18
      22
      25
      18
      25
      16
      32
      23
      34
      35
      22
      27
      22
      36
      34
      24
      39
      27
      28
      33
      28
      32
      23
      27
      30
      27
      41
      36
      25
      33
      41
      33
      34
      23
      37
      34
      35
      29
      37
      25
      28
      29
      35
      41
      30
      38
      32
      25
      27
      34
      19
      35
      34
      41
      32
      36
      35
      27
      35
      24
      50
      22
      39
      26
      35
      28
      32
      26
      43
      36
      29
      37
      29
      28
      38
      36
      30
      26
      31
      28
      24
      30
      39
      30
      43
      37
      27
      35
      35
      37
      29
      46
      36
      32
      34
      31
      31
      42
      41
      41
      38
      40
      28
      29
      42
      42
      36
      30
      35
      39
      19
      39
      31
      28
      29
      43
      50
      28
      40
      41
      34
      27
      35
      25
      27
      28
      42
      42
      30
      26
      35
      36
      34
      38
      32
      49
      33
      36
      29
      35
      36
      50
      28
      35
      36
      35
      28
      49
      39
      34
      37
      34
      39
      31
      36
      39
      35
      37
      38
      34
      34
      35
      29
      37
      26
      48
      41
      36
      37
      36
      43
      35
      37
      33
      34
      37
      34
      41
      37
      43
      30
      34
      39
      40
      43
      28
      24
      35
      47
      43
      40
      38
      34
      38
      26
      37
      44
      45
      40
      41
      43
      39
      27
      28
      44
      30
      28
      33
      30
      34
      34
      32
      38
      36
      38
      50
      39
      52
      38
      39
      42
      35
      35
      46
      43
      35
      46
      32
      35
      35
      36
      43
      37
      31
      34
      38
      29
      39
      40
      31
      40
      42
      35
      36
      36
      31
      37
      43
      44
      27
      41
      37
      34
      41
      31
      39
      34
      32
      32
      52
      38
      31
      39
      34
      37
      35
      45
      32
      28
      38
      28
      40
      42
      27
      46
      36
      49
      34
      44
      40
      30
      37
      32
      37
      31
      25
      30
      38
      46
      39
      28
      41
      44
      42
      36
      34
      31
      40
      41
      31
      36
      30
      41
      41
      28
      33
      38
      35
      34
      31
      40
      39
      35
      45
      55
      41
      32
      44
      42
      33
      37
      47
      40
      37
      43
      26
      44
      37
      40
      42
      38
      38
      28
      39
      40
      31
      30
      30
      32
      37
      34
      41
      42
      38
      38
      41
      38
      38
      26
      33
      36
      33
      31
      43
      46
      33
      28
      39
      29
      28
      27
      36
      43
      37
      28
      38
      29
      41
      35
      45
      34
      43
      36
      34
      38
      32
      32
      36
      28
      35
      37
      43
      33
      38
      41
      49
      31
      28
      31
      41
      29
      44
      31
      40
      28
      23
      27
      36
      33
      37
      44
      41
      44
      41
      35
      38
      35
      31
      40
      30
      43
      33
      38
      34
      38
      43
      40
      33
      48
      39
      30
      35
      31
      40
      29
      40
      46
      33
      37
      38
      47
      44
      34
      48
      50
      29
      36
      37
      22
      49
      25
      45
      48
      37
      45
      31
      28
      46
      44
      30
      37
      29
      47
      48
      36
      48
      36
      34
      47
      35
      47
      40
      37
      44
      37
      34
      27
      38
      40
      24
      49
      40
      43
      34
      38
      32
      42
      45
      39
      41
      33
      36
      36
      37
      38
      48
      53
      42
      48
      43
      35
      43
      51
      41
      32
      48
      34
      41
      36
      44
      52
      43
      39
      41
      38
      41
      49
      33
      34
      32
      52
      37
      38
      41
      41
      50
      45
      43
      35
      33
      38
      40
      29
      47
      40
      43
      32
      34
      41
      40
      38
      32
      38
      34
      45
      35
      38
      45
      42
      34
      42
      45
      45
      43
      37
      42
      34
      40
      37
      41
      31
      34
      31
      33
      44
      40
      51
      36
      37
      38
      34
      36
      43
      37
      37
      33
      37
      30
      47
      34
      35
      34
      35
      40
      45
      41
      21
      36
      31
      32
      35
      42
      29
      42
      37
      33
      32
      31
      25
      42
      38
      43
      40
      40
      48
      33
      42
      33
      35
      47
      42
      27
      31
      28
      35
      36
      39
      34
      37
      30
      43
      51
      37
      39
      39
      38
      27
      42
      34
      40
      42
      36
      41
      38
      30
      28
      44
      41
      47
      41
      41
      30
      38
      37
      43
      32
      31
      30
      46
      41
      37
      37
      31
      37
      38
      33
      36
      35
      36
      37
      34
      38
      46
      23
      35
      41
      28
      34
      38
      27
      49
      29
      36
      30
      32
      40
      41
      48
      38
      45
      30
      29
      35
      33
      34
      37
      33
      43
      40
      33
      47
      31
      40
      37
      36
      34
      41
      32
      24
      34
      29
      42
      37
      41
      37
      37
      30
      38
      35
      39
      39
      37
      37
      27
      43
      39
      29
      38
      37
      34
      36
      33
      36
      34
      40
      35
      26
      39
      42
      38
      38
      36
      27
      45
      33
      44
      30
      34
      32
      35
      37
      32
      39
      50
      34
      36
      41
      30
      26
      38
      44
      33
      38
      41
      43
      36
      46
      36
      37
      31
      50
      47
      43
      40
      31
      46
      36
      43
      37
      42
      42
      35
      47
      42
      49
      38
      37
      39
      38
      40
      44
      38
      46
      45
      40
      43
      33
      53
      40
      52
      42
      45
      42
      40
      34
      48
      37
      33
      48
      39
      34
      41
      31
      40
      46
      31
      47
      49
      36
      41
      32
      51
      42
      50
      37
      39
      39
      41
      41
      39
      44
      46
      40
      37
      39
      40
      45
      43
      49
      49
      39
      31
      47
      36
      54
      44
      33
      33
      43
      42
      36
      39
      55
      45
      37
      45
      36
      34
      42
      50
      44
      30
      32
      35
      39
      45
      39
      59
      31
      34
      38
      42
      47
      38
      33
      47
      46
      41
      39
      35
      46
      39
      31
      43
      38
      51
      42
      38
      49
      42
      39
      29
      18
      32
      43
      40
      40
      37
      33
      33
      27
      34
      28
      32
      37
      37
      36
      36
      36
      29
      30
      25
      21
      28
      33
      23
      25
      34
      26
      21
      26
      25
      27
      23
      20
      21
      24
      23
      24
      22
      21
      16
      21
      25
      20
      19
      11
      15
      18
      21
      18
      17
      12
      16
      21
      15
      16
      17
      13
      13
      13
      18
      15
      14
      17
      19
      12
      14
      12
       8
      10
      15
      14
      10
      12
      10
      11
      13
       9
      16
      16
       6
      22
      10
       6
      12
       6
      10
      11
       8
      11
      10
      10
      12
      10
      10
       9
       9
      10
       9
       9
       7
      10
       7
       9
      11
      13
       6
      11
       5
      10
       5
       7
       3
      12
       6
      11
       7
       3
       6
       6
       7
      12
       8
       8
       5
      10
       5
       9
       8
       6
       7
       5
      10
       5
       5
      12
       8
       5
       5
       8
       5
       6
       5
       3
       6
      11
       3
      11
       7
       3
       2
       1
       3
       5
       5
       7
       7
       1
      13
       3
       3
       8
       4
       5
       7
      11
       4
       7
       3
       4
       1
       8
       4
       6
       5
       9
       6
       0
       2
       3
       4
       4
       5
       3
       3
       1
       2
       2
       3
       6
       4
       5
       7
       6
       3
       4
       8
       3
       7
       5
       7
       7
       6
       7
       4
       3
       5
       5
       5
       3
       4
       2
       5
       7
       6
       6
       6
       2
       8
       1
       3
       5
       6
       7
       0
       1
       5
       4
       1
       5
       1
       2
       1
       5
       3
       1
       1
       2
       2
       5
       2
       4
       3
       4
       0
       4
       3
       3
       4
       3
       2
       9
       1
       3
       2
       2
       2
       0
       2
       5
       1
      10
       1
       4
       2
       6
       2
       6
       3
       2
       0
       5
       4
       4
       4
       0
       2
       2
       1
       5
       3
       6
       2
       4
       0
       1
       2
       2
       4
       3
       2
       8
       2
       4
       4
       3
       5
       4
       4
       2
       6
       4
       4
       5
       4
       5
       2
       7
       3
       3
       6
       3
       1
       0
       4
       5
       1
       2
       2
       1
       2
       0
       3
       2
       5
       3
       1
       4
       4
       5
       5
       4
       4
       3
       2
       1
       3
       3
       3
       2
       1
       1
       6
       1
       5
       4
       6
       4
       3
       4
       1
       5
       1
       2
       4
       4
       3
       3
       2
       0
       3
       3
       7
       2
       7
       1
       5
       1
       6
       5
       3
       7
       6
       3
       5
       1
       4
       4
       2
       8
       3
       6
       4
       2
       1
       4
       7
       4
       4
       9
       7
       8
       3
       5
       7
       5
       8
       4
      11
       7
       9
       4
      13
      13
      12
      12
      10
      12
       9
      14
      18
      12
      16
      20
      18
      11
      26
      20
      25
      26
      24
      28
      27
      29
      35
      33
      32
      38
      30
      48
      43
      44
      42
      61
      43
      51
      73
      69
      58
      61
      72
      76
      75
      84
      84
      99
      92
     112
     100
      96
     133
     123
     106
     129
     143
     132
     148
     151
     162
     157
     139
     167
     193
     159
     206
     166
     192
     174
     204
     213
     238
     209
     210
     242
     244
     254
     269
     277
     282
     270
     281
     307
     291
     312
     304
     308
     326
     346
     353
     318
     314
     333
     354
     349
     342
     403
     381
     376
     358
     368
     402
     424
     370
     415
     412
     388
     437
     427
     434
     452
     471
     449
     436
     431
     455
     479
     450
     477
     498
     458
     483
     482
     439
     434
     448
     450
     451
     427
     425
     422
     460
     426
     452
     481
     462
     423
     431
     406
     407
     439
     420
     459
     443
     405
     393
     384
     381
     372
     380
     372
     365
     370
     329
     358
     341
     323
     328
     334
     353
     304
     297
     302
     306
     278
     291
     275
     251
     277
     255
     253
     241
     231
     221
     245
     224
     215
     197
     208
     168
     182
     158
     160
     161
     155
     149
     157
     119
     124
     124
     151
     145
     118
     107
     124
     103
      68
      80
      70
      92
      99
      77
      88
      64
      77
      50
      67
      70
      56
      72
      54
      42
      37
      40
      47
      41
      35
      35
      21
      31
      34
      30
      26
      22
      30
      30
      25
      20
      13
      17
      16
      11
      18
      19
      15
      16
      13
      14
       5
      18
       9
      12
       6
       4
       8
      13
       7
       8
       3
       6
       7
      12
       4
       5
       3
       3
       2
       2
       3
       3
       4
       3
       5
       4
       2
       2
       1
       2
       3
       3
       1
       2
       3
       0
       1
       2
       3
       0
       1
       2
       1
       0
       3
       1
       2
       0
       2
       1
       1
       0
       0
       0
       1
       1
       3
       2
       2
       2
       4
       0
       1
       2
       1
       5
       1
       3
       0
       2
       1
       0
       0
       1
       1
       0
       0
       4
       0
       1
       0
       1
       2
       1
       1
       2
       2
       0
       1
       0
       0
       3
       0
       1
       0
       3
       3
       2
       2
       1
       2
       1
       2
       2
       1
       0
       1
       0
       1
       1
       1
       1
       1
       2
       0
       1
       0
       0
       0
       1
       2
       2
       1
       1
       0
       1
       2
       3
       0
       1
       1
       2
       0
       4
       0
       0
       1
       1
       1
       0
       0
       2
       1
       0
       0
       1
       3
       2
       0
       5
       1
       1
       0
       3
       3
       1
       2
       2
       1
       0
       0
       0
       5
       0
       1
       2
       1
       0
       0
       1
       2
       0
       2
       4
       0
       0
       4
       1
       2
       2
       2
       1
       2
       1
       1
       1
       0
       1
       0
       4
       1
       1
       0
       1
       2
       0
       2
       2
       1
       0
       2
       0
       2
       1
       1
       2
       2
       1
       0
       1
       0
       1
       1
       2
       0
       2
       0
       1
       1
       3
       2
       1
       0
       2
       1
       1
       2
       1
       0
       2
       2
       3
       2
       0
       1
       1
       0
       2
       0
       3
       0
       0
       2
       1
       3
       0
       1
       1
       0
       1
       5
       1
       0
       1
       0
       4
       2
       0
       1
       2
       0
       2
       0
       0
       0
       2
       1
       1
       1
       2
       1
       1
       0
       1
       0
       1
       2
       1
       1
       0
       0
       2
       2
       4
       1
       1
       2
       0
       1
       0
       1
       1
       0
       0
       0
       2
       0
       1
       0
       3
       0
       2
       0
       0
       1
       0
       1
       0
       1
       0
       1
       1
       1
       1
       0
       2
       2
       2
       1
       0
       0
       0
       0
       1
       1
       2
       1
       2
       2
       1
       1
       2
       2
       1
       0
       0
       0
       1
       3
       2
       0
       1
       2
       3
       0
       1
       1
       2
       1
       1
       0
       3
       0
       2
       2
       0
       0
       3
       1
       1
       1
       1
       1
       2
       1
       0
       0
       1
       2
       0
       1
       0
       0
       1
       0
       1
       1
       0
       1
       2
       0
       1
       2
       3
       0
       1
       1
       0
       1
       1
       0
       1
       0
       0
       0
       2
       0
       2
       0
       0
       0
       0
       1
       0
       0
       2
       2
       0
       1
       0
       1
       1
       0
       0
       1
       0
       0
       3
       0
       2
       3
       0
       0
       0
       2
       0
       0
       0
       0
       1
       1
       1
       0
       1
       0
       1
       3
       2
       1
       0
       1
       2
       2
       0
       0
       3
       0
       1
       0
       1
       0
       1
       1
       1
       0
       1
       1
       0
       4
       0
       2
       1
       0
       1
       1
       2
       0
       1
       1
       0
       0
       1
       1
       1
       2
       0
       0
       0
       0
       0
       0
       0
       1
       0
       1
       0
       0
       1
       1
       0
       0
       0
       0
       0
       0
       0
       0
       0
       0
       0
       0
       0
       0
       0
       0
       0
       0
       0
       0
       0
       0
       0
       0
       0
       0
$ROI:
3
162 224
345 375
1311 1544
$PRESETS:
Live Time
1200
0
$ENER_FIT:
0.000000 0.359353
$MCA_CAL:
3
0.000000E+000 3.593530E-001 0.000000E+000 keV
$SHAPE_CAL:
3
0.000000E+000 0.000000E+000 0.000000E+000
