$SPEC_ID:
This is sample 095.
$SPEC_REM:
DET# 1
DETDESC# DIP1456 PCI-Trump SN 253
AP# Maestro Version 7.01
$DATE_MEA:
01/26/2025 05:51:29
$MEAS_TIM:
1200 1254
$DATA:
0 2047
       0
       0
       0
       0
       0
       0
       0
       0
       0
       0
       0
       0
       0
       0
       0
       0
       1
       6
       4
       8
       8
       8
      14
      12
      14
      24
      19
      20
      20
      35
      17
      25
      30
      32
      19
      29
      36
      31
      26
      38
      17
      40
      38
      39
      27
      31
      30
      38
      30
      28
      38
      37
      29
      46
      34
      31
      35
      31
      28
      30
      27
      29
      31
      36
      33
      34
      31
      42
      41
      22
      31
      28
      26
      23
      20
      20
      36
      33
      35
      38
      29
      40
      34
      33
      31
      37
      30
      30
      36
      36
      28
      35
      41
      33
      25
      43
      31
      40
      27
      30
      31
      28
      29
      45
      28
      28
      25
      31
      38
      35
      27
      41
      37
      39
      40
      28
      37
      34
      29
      41
      41
      27
      22
      25
      42
      44
      43
      33
      30
      24
      35
      37
      26
      38
      43
      40
      36
      22
      49
      44
      45
      42
      29
      39
      35
      27
      42
      32
      29
      42
      29
      33
      39
      34
      29
      31
      32
      31
      41
      23
      37
      30
      38
      32
      33
      41
      34
      33
      29
      51
      19
      30
      47
      45
      41
      36
      33
      34
      26
      36
      31
      41
      36
      30
      29
      39
      31
      45
      29
      39
      35
      34
      33
      33
      35
      34
      41
      33
      41
      37
      41
      37
      50
      39
      32
      35
      33
      39
      31
      38
      27
      40
      29
      18
      26
      43
      28
      46
      33
      45
      30
      53
      31
      44
      30
      36
      36
      32
      33
      24
      32
      34
      38
      45
      38
      34
      53
      34
      39
      42
      32
      41
      25
      33
      33
      39
      30
      29
      35
      34
      33
      38
      38
      32
      32
      30
      34
      35
      35
      38
      38
      45
      41
      34
      37
      36
      35
      38
      34
      40
      32
      29
      42
      21
      34
      37
      35
      38
      41
      42
      30
      29
      36
      36
      41
      41
      40
      33
      33
      40
      33
      35
      43
      33
      44
      39
      32
      37
      38
      42
      40
      34
      44
      39
      42
      35
      28
      50
      35
      39
      45
      27
      19
      32
      37
      35
      35
      39
      35
      34
      33
      41
      27
      43
      39
      33
      43
      41
      35
      42
      39
      37
      36
      34
      34
      32
      29
      34
      37
      37
      42
      22
      41
      39
      41
      41
      37
      37
      31
      34
      31
      39
      31
      43
      27
      25
      32
      42
      41
      26
      31
      37
      31
      39
      39
      43
      30
      31
      27
      32
      45
      36
      45
      32
      31
      44
      36
      41
      41
      35
      37
      27
      35
      34
      45
      38
      38
      50
      40
      25
      43
      29
      38
      36
      40
      33
      26
      38
      36
      36
      24
      28
      37
      37
      42
      40
      35
      51
      38
      38
      31
      24
      42
      37
      39
      27
      44
      50
      38
      29
      35
      34
      44
      36
      36
      37
      35
      36
      31
      36
      29
      43
      38
      41
      28
      35
      32
      42
      35
      48
      36
      24
      40
      30
      35
      39
      36
      39
      31
      36
      32
      27
      35
      36
      51
      36
      46
      35
      33
      37
      45
      33
      33
      30
      41
      25
      41
      46
      33
      31
      47
      52
      47
      36
      45
      44
      36
      36
      29
      34
      26
      28
      36
      35
      37
      43
      44
      48
      47
      35
      37
      26
      28
      38
      39
      37
      32
      48
      31
      35
      40
      39
      31
      50
      45
      45
      43
      42
      27
      33
      52
      39
      33
      41
      42
      44
      32
      40
      35
      47
      46
      40
      32
      42
      43
      40
      39
      49
      54
      26
      34
      34
      41
      47
      34
      50
      29
      34
      47
      41
      45
      36
      36
      38
      39
      56
      41
      37
      30
      44
      43
      44
      30
      32
      41
      39
      41
      32
      44
      37
      32
      50
      45
      35
      39
      34
      40
      44
      33
      45
      37
      34
      43
      37
      37
      43
      31
      38
      44
      36
      36
      26
      32
      26
      39
      37
      32
      38
      40
      39
      22
      40
      41
      37
      29
      37
      31
      32
      38
      42
      39
      28
      39
      38
      38
      33
      28
      37
      36
      33
      32
      34
      31
      44
      47
      36
      46
      42
      43
      36
      38
      40
      35
      42
      30
      33
      36
      39
      46
      31
      43
      37
      35
      48
      32
      34
      38
      41
      34
      27
      34
      25
      35
      25
      33
      33
      27
      27
      43
      36
      32
      33
      44
      38
      33
      43
      36
      36
      23
      27
      38
      49
      43
      42
      39
      21
      30
      36
      30
      40
      32
      42
      42
      30
      32
      35
      40
      32
      26
      34
      31
      25
      30
      45
      39
      34
      40
      39
      36
      43
      28
      31
      37
      41
      36
      37
      28
      40
      33
      41
      34
      40
      29
      27
      28
      36
      37
      55
      31
      47
      27
      44
      41
      43
      36
      42
      42
      33
      43
      32
      24
      39
      41
      38
      26
      36
      39
      27
      31
      38
      27
      29
      36
      35
      38
      30
      38
      37
      28
      36
      34
      41
      49
      33
      39
      38
      37
      27
      35
      42
      40
      45
      36
      29
      31
      33
      45
      35
      40
      37
      32
      41
      37
      38
      44
      37
      38
      40
      36
      45
      43
      33
      37
      35
      35
      43
      29
      36
      40
      41
      35
      50
      31
      38
      28
      26
      38
      39
      40
      34
      43
      43
      34
      41
      31
      35
      38
      43
      38
      37
      33
      43
      41
      30
      41
      37
      46
      36
      47
      40
      37
      36
      35
      36
      42
      38
      39
      42
      30
      43
      44
      35
      47
      35
      27
      42
      36
      37
      39
      50
      45
      48
      41
      55
      32
      52
      41
      33
      34
      38
      62
      37
      47
      48
      49
      50
      46
      29
      41
      53
      40
      39
      41
      49
      34
      52
      40
      53
      40
      35
      54
      45
      48
      45
      48
      46
      39
      47
      35
      36
      45
      34
      31
      44
      36
      36
      58
      48
      40
      46
      39
      42
      49
      44
      36
      46
      42
      50
      30
      31
      29
      42
      30
      49
      34
      53
      36
      36
      32
      32
      33
      27
      35
      43
      38
      42
      38
      43
      32
      31
      50
      33
      34
      24
      26
      29
      38
      20
      32
      26
      34
      34
      23
      29
      20
      18
      28
      24
      25
      22
      34
      29
      26
      15
      24
      18
      26
      30
      20
      18
      17
      13
      20
      25
      22
      28
      22
      17
      23
      21
      12
      14
      16
      15
      14
      19
      19
       5
      19
      19
       8
      15
      19
      15
      10
      18
      12
      13
      13
      12
      15
      13
       4
      10
      19
      16
      16
       7
      12
       9
      11
       5
      10
      15
       7
      14
      10
      10
      11
       6
      15
       4
       8
      13
       6
      13
      15
       8
       6
       5
      10
      15
       6
       7
       9
       6
      11
       9
       5
       8
      10
       4
       6
      13
       9
       8
       7
      18
       7
       6
       8
       6
      15
      10
      10
      11
       2
       7
       8
       7
       4
       5
       2
       3
       5
       6
       3
       4
       4
       5
      13
      10
       4
       7
       6
       5
       2
       6
       3
       4
       6
       4
       6
       4
       3
       2
       9
       9
       2
       3
       5
       7
       7
       5
       6
       7
       6
       4
       5
       7
       5
       2
      12
       9
       7
       5
       6
       4
       4
       2
       5
       4
       4
       6
       2
       4
       8
       2
       3
       2
       3
       4
       2
       3
       2
       0
       7
       7
       2
       2
       5
       3
       4
       4
       4
       3
       3
       2
       5
       2
       3
       3
       4
       5
       1
       6
       3
       4
       3
       2
       7
       9
       0
       2
       7
       0
       2
       5
       2
       7
       5
       2
       2
       3
       3
       1
       5
       1
       3
       4
       5
       7
       4
       3
       6
       2
       3
       3
       2
       2
       1
       3
       0
       4
       9
       0
       6
       4
       3
       7
       5
       3
       3
       4
       8
       5
       8
       0
       1
       3
       4
       2
       0
       4
       7
       5
       4
       2
       1
       3
       2
       3
       2
       3
       5
       0
       7
       1
       2
       0
       2
       3
       3
       0
       4
       2
       3
       5
       2
       5
       3
       3
       1
       9
       3
       2
       1
       5
       6
       4
       3
       1
       2
       2
       2
       4
       3
       7
       3
       8
       2
       6
       8
       5
       0
       5
       4
       2
       7
       1
       6
       3
       3
       3
       5
       2
       4
       0
       1
       3
       5
       1
       1
       3
       5
       4
       3
       4
       6
       2
       4
       4
       6
       5
       3
       7
       5
       7
       4
       2
       3
       3
       2
       4
       5
       0
       7
       2
       3
       2
       1
       6
       3
       6
       3
       6
       1
       3
       1
       4
       3
       5
       4
       4
       2
       4
       5
       4
       6
       6
       4
       8
      10
       6
       8
       1
       8
       7
       9
      13
       3
       5
      11
       9
       5
       9
      15
       8
      11
       9
      22
      15
      10
      12
      20
      22
      22
      14
      23
      24
      26
      26
      26
      21
      26
      29
      35
      42
      32
      40
      58
      41
      37
      63
      50
      47
      46
      51
      62
      69
      58
      61
      88
      91
      91
      76
      84
     101
     119
      86
      96
      98
     101
     121
     112
     142
     125
     132
     144
     152
     135
     157
     140
     177
     162
     178
     178
     195
     196
     201
     174
     210
     223
     231
     228
     216
     244
     259
     227
     241
     269
     258
     282
     278
     290
     275
     263
     298
     309
     323
     344
     356
     333
     358
     338
     368
     382
     354
     385
     363
     356
     382
     362
     420
     399
     425
     391
     414
     428
     471
     438
     410
     404
     463
     431
     453
     440
     416
     441
     462
     490
     477
     429
     436
     444
     466
     471
     442
     461
     496
     461
     473
     445
     435
     437
     453
     447
     415
     467
     386
     441
     463
     415
     419
     405
     429
     374
     401
     380
     410
     412
     416
     380
     372
     351
     391
     377
     358
     330
     343
     357
     319
     327
     326
     327
     287
     294
     246
     261
     274
     263
     260
     258
     297
     245
     264
     216
     200
     196
     196
     170
     171
     187
     176
     171
     195
     154
     152
     121
     158
     147
     149
     143
     116
     124
     100
     114
     121
      94
     107
      90
      82
      90
      66
      75
      80
      69
      64
      75
      48
      54
      48
      58
      39
      51
      43
      39
      40
      52
      40
      35
      41
      30
      24
      26
      25
      27
      23
      20
      25
      26
      25
      22
      25
       9
      16
      16
      10
       5
      10
       7
      11
       9
       9
       9
      10
       7
       9
       9
      12
      10
       7
       3
       2
       4
       1
       4
       1
       5
       2
       3
       5
       3
       4
       3
       5
       3
       1
       2
       1
       1
       1
       0
       3
       1
       0
       1
       3
       0
       1
       1
       3
       2
       3
       3
       2
       1
       1
       2
       1
       3
       0
       2
       2
       4
       0
       1
       0
       2
       1
       1
       3
       0
       4
       2
       2
       0
       1
       0
       1
       3
       1
       1
       2
       2
       3
       1
       3
       1
       2
       0
       1
       4
       0
       2
       1
       0
       2
       0
       2
       0
       1
       1
       3
       0
       1
       1
       3
       1
       1
       0
       1
       3
       1
       0
       2
       1
       3
       3
       2
       1
       0
       3
       0
       1
       1
       2
       1
       1
       1
       0
       1
       1
       1
       0
       1
       1
       2
       1
       1
       1
       0
       2
       3
       0
       2
       1
       2
       1
       0
       2
       1
       1
       2
       2
       0
       0
       1
       3
       0
       1
       1
       1
       1
       1
       1
       1
       1
       0
       1
       3
       2
       0
       1
       2
       1
       1
       2
       1
       0
       2
       1
       1
       1
       0
       2
       1
       0
       1
       1
       0
       2
       3
       1
       1
       2
       0
       1
       0
       2
       1
       1
       0
       1
       1
       0
       1
       0
       1
       0
       1
       1
       2
       3
       1
       4
       1
       4
       2
       3
       0
       1
       0
       1
       0
       0
       0
       1
       1
       1
       1
       1
       1
       1
       1
       2
       2
       0
       0
       0
       0
       1
       0
       1
       0
       3
       2
       0
       0
       2
       2
       2
       0
       2
       0
       0
       0
       2
       3
       1
       0
       1
       0
       0
       2
       2
       2
       1
       0
       1
       0
       2
       1
       1
       0
       2
       4
       1
       0
       0
       3
       1
       3
       1
       0
       0
       1
       2
       1
       1
       0
       0
       2
       2
       3
       1
       0
       0
       0
       4
       3
       1
       0
       1
       1
       1
       0
       2
       0
       0
       1
       0
       2
       0
       1
       2
       3
       4
       0
       4
       2
       1
       0
       4
       1
       0
       2
       0
       1
       1
       3
       2
       2
       1
       2
       1
       1
       1
       0
       0
       1
       1
       0
       4
       0
       1
       2
       2
       3
       0
       0
       1
       0
       1
       0
       0
       2
       0
       0
       1
       0
       1
       1
       1
       0
       1
       2
       0
       0
       2
       2
       1
       3
       0
       2
       2
       1
       1
       2
       1
       1
       1
       2
       2
       1
       1
       0
       2
       2
       0
       1
       2
       1
       0
       1
       0
       1
       1
       1
       1
       0
       1
       1
       0
       2
       1
       1
       0
       0
       0
       1
       0
       0
       1
       0
       3
       1
       0
       2
       0
       0
       3
       1
       0
       0
       3
       0
       2
       1
       1
       1
       0
       0
       1
       1
       1
       2
       1
       1
       1
       1
       2
       0
       0
       0
       2
       1
       1
       0
       3
       0
       1
       0
       1
       2
       0
       0
       0
       0
       0
       2
       1
       0
       0
       2
       1
       2
       1
       0
       1
       1
       2
       3
       2
       0
       0
       1
       1
       0
       1
       1
       0
       0
       1
       0
       1
       0
       0
       1
       1
       0
       0
       0
       2
       0
       1
       1
       0
       0
       0
       0
       0
       0
       0
       0
       0
       0
       0
       0
       0
       0
       0
       0
       0
       0
       0
       0
       0
$ROI:
3
162 224
345 375
1311 1544
$PRESETS:
Live Time
1200
0
$ENER_FIT:
0.000000 0.359353
$MCA_CAL:
3
0.000000E+000 3.593530E-001 0.000000E+000 keV
$SHAPE_CAL:
3
0.000000E+000 0.000000E+000 0.000000E+000
