$SPEC_ID:
This is sample 179.
$SPEC_REM:
DET# 1
DETDESC# DIP1456 PCI-Trump SN 253
AP# Maestro Version 7.01
$DATE_MEA:
01/27/2025 13:27:09
$MEAS_TIM:
1200 1253
$DATA:
0 2047
       0
       0
       0
       0
       0
       0
       0
       0
       0
       0
       0
       0
       0
       0
       0
       0
       0
       2
       2
       8
      10
       7
      11
      11
      10
      15
      19
      13
      25
      18
      26
      25
      25
      22
      31
      26
      32
      31
      36
      32
      26
      30
      25
      37
      30
      27
      37
      23
      36
      24
      28
      32
      33
      35
      34
      38
      35
      31
      37
      36
      30
      24
      33
      30
      34
      27
      31
      23
      30
      37
      29
      35
      24
      25
      28
      30
      26
      28
      36
      27
      33
      30
      27
      25
      35
      29
      34
      37
      32
      33
      39
      30
      37
      21
      28
      31
      32
      31
      35
      39
      39
      32
      30
      30
      33
      35
      30
      26
      32
      42
      33
      36
      24
      36
      37
      34
      37
      31
      28
      44
      41
      36
      38
      40
      40
      31
      20
      19
      38
      38
      30
      38
      40
      38
      33
      24
      33
      30
      42
      35
      39
      34
      32
      38
      33
      35
      25
      35
      39
      48
      39
      41
      28
      32
      47
      49
      40
      32
      33
      40
      35
      38
      22
      42
      36
      34
      38
      38
      33
      26
      27
      36
      34
      28
      42
      29
      37
      31
      40
      33
      32
      41
      51
      26
      32
      39
      33
      44
      33
      38
      34
      36
      44
      30
      28
      44
      44
      44
      39
      41
      25
      34
      36
      42
      41
      44
      33
      27
      49
      42
      36
      30
      33
      40
      41
      34
      30
      32
      27
      33
      36
      27
      46
      31
      44
      43
      37
      37
      47
      32
      40
      35
      28
      33
      38
      42
      37
      33
      34
      44
      27
      46
      51
      27
      32
      31
      42
      35
      28
      31
      43
      37
      25
      36
      39
      27
      47
      35
      42
      38
      36
      38
      20
      40
      33
      40
      31
      33
      33
      43
      38
      43
      24
      47
      34
      38
      31
      34
      28
      34
      40
      40
      38
      35
      37
      40
      36
      42
      45
      41
      41
      30
      36
      41
      40
      35
      34
      40
      37
      39
      38
      28
      25
      33
      38
      24
      41
      31
      32
      35
      30
      28
      32
      34
      38
      33
      30
      32
      29
      39
      39
      40
      44
      49
      37
      37
      31
      42
      39
      31
      25
      30
      29
      32
      35
      41
      41
      27
      32
      28
      49
      41
      35
      33
      37
      36
      35
      44
      39
      39
      36
      34
      31
      43
      31
      32
      37
      46
      53
      36
      37
      36
      47
      40
      42
      44
      35
      41
      32
      33
      37
      38
      32
      35
      39
      32
      25
      30
      40
      38
      34
      48
      28
      38
      33
      40
      41
      37
      30
      33
      33
      37
      38
      40
      37
      41
      34
      42
      35
      39
      33
      36
      44
      45
      45
      33
      35
      48
      35
      39
      35
      41
      36
      32
      42
      27
      37
      34
      32
      42
      42
      39
      29
      38
      28
      37
      35
      29
      39
      29
      44
      27
      41
      27
      35
      34
      43
      48
      45
      32
      38
      34
      24
      45
      30
      31
      39
      38
      40
      37
      26
      37
      40
      44
      37
      44
      36
      39
      31
      45
      26
      34
      35
      41
      37
      40
      31
      49
      26
      34
      36
      38
      33
      40
      45
      31
      36
      45
      26
      34
      42
      38
      37
      45
      37
      37
      37
      27
      39
      37
      36
      29
      38
      40
      33
      34
      37
      39
      43
      40
      34
      36
      36
      53
      35
      43
      41
      50
      43
      40
      38
      31
      39
      47
      32
      38
      44
      41
      43
      45
      32
      36
      42
      50
      35
      43
      48
      35
      39
      44
      46
      42
      46
      44
      47
      52
      38
      34
      43
      32
      48
      53
      37
      39
      38
      38
      37
      42
      37
      35
      41
      45
      50
      42
      51
      35
      33
      40
      44
      39
      29
      39
      35
      29
      35
      37
      31
      38
      43
      46
      38
      47
      45
      30
      39
      36
      39
      36
      38
      32
      52
      45
      49
      41
      47
      47
      36
      47
      40
      42
      41
      41
      28
      44
      38
      44
      31
      33
      32
      41
      31
      34
      34
      37
      39
      37
      31
      42
      23
      39
      28
      35
      34
      48
      36
      36
      53
      35
      38
      36
      47
      37
      33
      23
      39
      41
      52
      44
      32
      33
      31
      47
      39
      49
      40
      35
      38
      42
      32
      33
      40
      34
      40
      33
      41
      32
      33
      38
      30
      41
      49
      38
      43
      28
      36
      34
      39
      36
      47
      30
      35
      42
      44
      41
      36
      52
      43
      46
      35
      36
      38
      24
      33
      31
      23
      39
      43
      40
      40
      32
      45
      37
      28
      43
      41
      37
      47
      38
      41
      44
      19
      38
      39
      45
      35
      29
      46
      28
      49
      43
      43
      33
      38
      33
      41
      35
      44
      41
      37
      37
      27
      32
      28
      30
      41
      36
      42
      38
      36
      34
      32
      26
      38
      38
      32
      28
      37
      44
      42
      29
      32
      40
      44
      35
      35
      35
      42
      39
      28
      42
      39
      42
      52
      51
      35
      40
      35
      31
      40
      31
      37
      36
      41
      44
      46
      40
      37
      43
      34
      45
      32
      35
      31
      36
      41
      33
      33
      31
      35
      37
      26
      44
      28
      43
      39
      46
      43
      43
      47
      29
      36
      43
      43
      32
      37
      38
      39
      24
      50
      29
      40
      43
      45
      51
      39
      46
      31
      52
      40
      36
      42
      54
      46
      40
      36
      41
      34
      35
      36
      29
      43
      35
      42
      29
      29
      34
      38
      39
      35
      45
      38
      37
      33
      37
      41
      36
      34
      35
      38
      41
      35
      36
      31
      27
      51
      41
      54
      39
      52
      40
      34
      47
      28
      37
      47
      45
      40
      42
      46
      55
      40
      55
      34
      45
      26
      46
      43
      33
      42
      46
      38
      37
      32
      43
      34
      35
      45
      56
      44
      38
      38
      42
      38
      41
      36
      34
      40
      38
      40
      41
      43
      50
      33
      34
      39
      55
      38
      36
      30
      37
      39
      43
      52
      38
      34
      30
      29
      20
      40
      30
      35
      29
      32
      24
      33
      31
      35
      31
      31
      30
      39
      36
      31
      28
      35
      29
      25
      16
      34
      26
      26
      27
      30
      24
      25
      28
      14
      28
      22
      19
      13
      25
      22
      21
      12
      20
      15
      25
      23
      19
      18
      18
      24
      18
      19
      13
      15
      14
      10
      14
      23
      15
      15
      17
      16
      18
      17
      16
      14
      16
       7
       7
      15
      12
       9
      13
      11
      21
      11
      12
      10
      11
      18
      10
       6
      12
      16
      20
       9
      10
       7
      16
       9
      13
       8
       9
       8
       7
       9
       4
      13
       7
      13
      11
       8
      10
       7
       4
      11
       7
       8
       8
       8
      12
      11
       8
      16
       7
       7
       2
       9
       9
       5
       4
      10
       4
       2
       9
      15
       6
       5
       4
       3
      10
       8
      11
       4
       6
       4
       9
       4
       6
       7
       8
       3
       9
       5
       9
       5
       5
       6
       4
       7
       8
       7
       5
       6
       4
       4
       8
       6
       3
       7
       4
       1
       9
       5
       2
       9
       6
       4
       6
       7
       3
       5
       5
       3
       2
      10
       1
       6
       7
       4
       6
       3
       1
       5
       2
       7
       5
       3
       4
       6
       6
       4
       2
       5
       7
       6
       5
       3
       4
       1
       6
       2
       5
       2
       2
       4
       2
       5
       4
       8
       7
       6
       5
       2
       5
       2
       4
       2
       5
       7
       3
       0
       5
       4
       2
       2
       0
       3
       7
       1
       5
       5
       5
       5
       3
       2
       4
       1
       1
       3
       1
       3
       3
       4
       4
       3
       5
       2
       5
       3
       3
       3
       3
       1
       8
       2
       2
       7
       2
       1
       4
       4
       2
       5
       6
       3
       1
       4
       2
       2
       4
       3
       6
       0
       3
       1
       3
       2
       3
       1
       2
       2
       2
       0
       2
       2
       2
       5
       2
       2
       1
       4
       4
       2
       2
       4
       1
       3
       2
       0
       4
       2
       3
       2
       1
       5
       1
       4
       3
       1
       5
       3
       3
       1
       1
       6
       5
       4
       2
       4
       2
       2
       5
       0
       3
       1
       2
       3
       3
       1
       3
       2
       2
       3
       9
       4
       4
       8
       3
       7
       1
       7
       4
       2
       3
       0
       1
       4
       3
       3
       4
       3
       2
       2
       2
       6
       2
       2
       3
       2
       1
       1
       5
       3
       5
       3
       5
       5
       5
       3
       6
       3
       3
       3
       3
       3
       3
       5
       6
       4
       6
       3
       3
       2
       6
       3
       3
       4
       0
       5
       2
       2
       3
       3
       8
       4
       5
       6
       5
       7
      10
       9
       9
      10
      11
       9
      13
       7
      15
      12
      19
      12
      12
      11
      17
      17
      19
      19
      23
      32
      15
      35
      30
      32
      36
      31
      31
      44
      42
      47
      39
      46
      61
      36
      56
      56
      60
      62
      70
      69
      67
      83
      80
      74
      89
      80
      54
      80
     102
     110
     107
     111
     122
      97
     116
     124
     132
     122
     149
     156
     158
     164
     182
     179
     175
     181
     180
     183
     201
     198
     196
     239
     220
     265
     244
     254
     240
     266
     232
     293
     285
     296
     304
     291
     330
     287
     305
     329
     320
     327
     366
     336
     358
     370
     350
     356
     381
     402
     382
     418
     390
     412
     403
     419
     414
     424
     443
     403
     419
     415
     411
     468
     425
     457
     468
     450
     429
     439
     476
     466
     468
     440
     449
     448
     467
     470
     462
     465
     436
     454
     478
     485
     448
     459
     478
     466
     428
     449
     430
     429
     420
     415
     403
     398
     396
     378
     410
     419
     379
     378
     366
     373
     363
     390
     367
     332
     309
     329
     341
     296
     303
     302
     307
     314
     280
     291
     251
     256
     254
     237
     223
     240
     215
     242
     228
     225
     245
     205
     189
     182
     174
     178
     192
     171
     170
     160
     158
     159
     144
     147
     122
     128
     114
     129
     135
     103
     105
     101
      94
      90
      86
      74
      81
      72
      75
      55
      66
      61
      70
      64
      52
      53
      49
      33
      35
      48
      42
      47
      33
      38
      27
      24
      33
      41
      18
      23
      30
      13
      19
      20
      21
      11
      13
      19
       8
      12
       7
      11
       7
       6
      10
       6
       7
      12
      10
       8
       5
       3
       9
       5
       1
       4
       5
       3
       7
       3
       1
       5
       3
       2
       3
       6
       4
       4
       4
       2
       0
       4
       3
       0
       3
       2
       2
       3
       1
       2
       2
       2
       1
       3
       0
       3
       0
       0
       3
       0
       2
       1
       5
       2
       0
       2
       3
       3
       2
       1
       1
       2
       0
       1
       4
       1
       0
       0
       1
       1
       1
       1
       4
       0
       0
       3
       0
       2
       1
       1
       2
       2
       1
       1
       2
       1
       1
       1
       0
       3
       2
       1
       1
       0
       1
       2
       2
       2
       3
       0
       1
       1
       0
       1
       0
       0
       0
       2
       1
       2
       1
       1
       1
       1
       1
       0
       2
       0
       0
       1
       1
       3
       2
       2
       2
       1
       2
       2
       0
       1
       0
       1
       0
       0
       0
       2
       0
       0
       2
       2
       3
       0
       2
       1
       3
       0
       0
       1
       2
       0
       0
       0
       0
       1
       1
       1
       2
       0
       4
       3
       1
       2
       0
       1
       3
       0
       0
       1
       1
       3
       1
       1
       2
       0
       0
       1
       1
       1
       0
       1
       1
       0
       0
       1
       1
       0
       1
       1
       1
       0
       1
       0
       1
       0
       0
       0
       0
       0
       0
       2
       1
       2
       0
       1
       2
       3
       0
       4
       0
       1
       1
       1
       1
       3
       2
       0
       0
       0
       1
       1
       2
       0
       0
       3
       1
       1
       0
       2
       0
       2
       0
       1
       1
       0
       1
       0
       1
       2
       1
       0
       0
       2
       0
       1
       0
       1
       0
       0
       0
       0
       0
       1
       1
       1
       1
       1
       1
       0
       1
       1
       0
       0
       3
       3
       1
       1
       0
       0
       3
       1
       0
       2
       0
       0
       3
       2
       1
       0
       1
       0
       0
       0
       3
       1
       2
       0
       1
       3
       2
       2
       1
       1
       1
       1
       0
       1
       1
       2
       0
       2
       0
       2
       0
       4
       1
       2
       0
       1
       4
       0
       0
       0
       1
       1
       1
       0
       0
       2
       2
       0
       0
       0
       0
       0
       1
       1
       1
       2
       1
       0
       0
       1
       2
       1
       1
       1
       0
       2
       2
       2
       0
       1
       2
       3
       3
       1
       3
       0
       2
       0
       1
       3
       5
       0
       5
       0
       0
       0
       1
       1
       1
       0
       1
       0
       1
       1
       2
       0
       1
       1
       0
       0
       2
       2
       0
       1
       0
       0
       0
       3
       3
       1
       0
       1
       2
       0
       1
       2
       1
       0
       2
       1
       1
       0
       1
       1
       2
       2
       1
       0
       1
       1
       0
       1
       0
       1
       2
       2
       1
       0
       1
       0
       1
       0
       1
       1
       0
       0
       1
       0
       1
       0
       2
       4
       0
       0
       1
       1
       0
       0
       1
       2
       1
       0
       0
       0
       0
       0
       1
       1
       2
       0
       1
       1
       1
       0
       1
       1
       0
       1
       1
       2
       2
       0
       3
       0
       1
       0
       1
       2
       2
       1
       0
       1
       1
       0
       1
       0
       0
       0
       0
       0
       1
       1
       4
       1
       3
       0
       1
       1
       1
       1
       0
       0
       1
       0
       1
       0
       0
       1
       2
       0
       0
       0
       0
       0
       1
       0
       0
       0
       0
       0
       0
       0
       0
       0
       0
       0
       0
       0
       0
       0
       0
       0
       0
       0
       0
       0
       0
$ROI:
3
162 224
345 375
1311 1544
$PRESETS:
Live Time
1200
0
$ENER_FIT:
0.000000 0.359353
$MCA_CAL:
3
0.000000E+000 3.593530E-001 0.000000E+000 keV
$SHAPE_CAL:
3
0.000000E+000 0.000000E+000 0.000000E+000
