$SPEC_ID:
This is sample 017.
$SPEC_REM:
DET# 1
DETDESC# DIP1456 PCI-Trump SN 253
AP# Maestro Version 7.01
$DATE_MEA:
01/25/2025 00:31:06
$MEAS_TIM:
1200 1254
$DATA:
0 2047
       0
       0
       0
       0
       0
       0
       0
       0
       0
       0
       0
       0
       0
       0
       0
       0
       0
       4
       7
       7
       4
      16
       5
      10
      16
      26
      17
      18
      25
      20
      25
      29
      23
      19
      28
      27
      29
      29
      21
      35
      34
      38
      28
      28
      29
      27
      38
      33
      31
      35
      40
      29
      30
      42
      28
      23
      28
      39
      26
      32
      22
      33
      22
      32
      29
      33
      27
      34
      28
      44
      24
      30
      31
      35
      21
      33
      32
      34
      32
      19
      28
      36
      27
      39
      30
      35
      30
      38
      26
      31
      29
      34
      35
      33
      35
      29
      36
      32
      30
      26
      42
      32
      42
      36
      39
      33
      21
      28
      28
      33
      27
      38
      39
      35
      46
      38
      37
      33
      26
      32
      37
      38
      34
      30
      30
      32
      41
      38
      39
      32
      30
      35
      30
      27
      35
      30
      46
      34
      38
      33
      41
      33
      34
      35
      31
      38
      40
      41
      29
      45
      34
      38
      32
      40
      32
      38
      37
      31
      42
      36
      29
      44
      34
      33
      33
      23
      33
      41
      38
      31
      32
      39
      38
      33
      30
      49
      36
      28
      38
      40
      40
      35
      40
      40
      37
      33
      37
      32
      44
      30
      36
      37
      38
      44
      27
      32
      38
      43
      36
      36
      35
      41
      38
      36
      44
      33
      44
      33
      31
      35
      40
      33
      41
      33
      40
      39
      35
      26
      32
      39
      38
      30
      45
      27
      40
      35
      56
      37
      35
      44
      40
      39
      45
      33
      41
      37
      32
      29
      26
      41
      30
      42
      26
      38
      35
      33
      41
      32
      49
      29
      37
      30
      32
      35
      32
      27
      37
      30
      34
      35
      36
      23
      28
      38
      49
      45
      36
      38
      46
      48
      31
      42
      27
      41
      39
      32
      51
      37
      30
      43
      43
      26
      40
      40
      38
      32
      39
      46
      36
      32
      38
      40
      29
      46
      31
      29
      34
      41
      41
      42
      44
      34
      52
      27
      40
      40
      35
      52
      33
      41
      29
      33
      36
      45
      43
      39
      40
      45
      34
      27
      35
      36
      34
      36
      38
      35
      31
      31
      40
      35
      41
      40
      43
      31
      36
      28
      40
      35
      36
      33
      36
      33
      44
      42
      38
      37
      45
      40
      34
      34
      39
      30
      33
      31
      37
      39
      35
      36
      36
      29
      31
      41
      45
      29
      48
      39
      34
      39
      38
      37
      30
      41
      34
      28
      31
      39
      45
      27
      36
      40
      34
      38
      33
      35
      34
      31
      45
      36
      50
      49
      32
      35
      30
      31
      41
      42
      28
      35
      36
      37
      40
      41
      39
      39
      40
      41
      36
      27
      36
      29
      35
      44
      42
      48
      47
      35
      50
      31
      31
      40
      33
      41
      36
      35
      35
      42
      43
      44
      39
      37
      38
      31
      37
      38
      33
      36
      35
      42
      40
      45
      33
      29
      31
      46
      38
      44
      38
      36
      43
      36
      42
      42
      41
      46
      33
      39
      39
      36
      34
      40
      45
      43
      36
      31
      26
      44
      35
      31
      33
      30
      39
      33
      31
      45
      29
      43
      39
      31
      36
      41
      42
      44
      41
      39
      38
      35
      41
      51
      36
      34
      37
      36
      34
      29
      45
      44
      41
      44
      42
      36
      40
      38
      45
      30
      40
      40
      31
      38
      44
      37
      50
      39
      44
      30
      40
      35
      43
      40
      35
      32
      48
      55
      37
      43
      31
      39
      41
      29
      45
      35
      28
      44
      29
      44
      41
      45
      38
      38
      41
      46
      29
      43
      34
      45
      36
      41
      42
      31
      37
      32
      38
      37
      38
      37
      35
      45
      42
      38
      31
      38
      43
      31
      39
      43
      45
      38
      34
      32
      37
      42
      27
      37
      33
      44
      44
      47
      51
      30
      44
      37
      27
      39
      43
      35
      43
      27
      28
      29
      34
      46
      42
      33
      40
      27
      40
      37
      30
      33
      42
      45
      41
      52
      48
      34
      44
      38
      40
      40
      33
      30
      46
      44
      36
      36
      35
      48
      41
      39
      35
      36
      35
      30
      35
      30
      38
      37
      48
      49
      51
      31
      42
      42
      37
      40
      38
      38
      30
      33
      37
      42
      31
      37
      30
      38
      43
      26
      29
      34
      32
      19
      33
      33
      44
      34
      47
      37
      31
      31
      26
      50
      38
      29
      28
      34
      25
      32
      26
      27
      32
      38
      32
      33
      33
      39
      44
      35
      38
      44
      43
      30
      27
      42
      36
      32
      38
      31
      40
      35
      28
      29
      38
      32
      31
      27
      34
      36
      22
      38
      31
      41
      37
      28
      37
      29
      33
      41
      32
      31
      33
      34
      27
      39
      35
      31
      35
      35
      41
      28
      37
      30
      45
      28
      44
      35
      31
      33
      33
      34
      34
      31
      41
      32
      36
      38
      29
      34
      42
      42
      39
      34
      42
      36
      33
      48
      43
      31
      45
      40
      35
      38
      30
      33
      40
      42
      41
      37
      38
      44
      33
      30
      34
      39
      35
      37
      45
      38
      36
      31
      34
      33
      42
      34
      44
      40
      37
      41
      29
      36
      49
      29
      43
      34
      45
      59
      36
      42
      35
      41
      46
      39
      46
      39
      26
      29
      24
      29
      39
      37
      42
      34
      45
      48
      48
      38
      34
      36
      32
      28
      49
      36
      39
      32
      36
      34
      50
      52
      43
      39
      47
      29
      38
      48
      40
      45
      41
      34
      35
      44
      51
      45
      33
      32
      38
      34
      44
      42
      50
      31
      35
      23
      51
      48
      44
      43
      36
      45
      37
      36
      37
      41
      48
      47
      39
      45
      48
      35
      39
      42
      51
      57
      54
      45
      28
      41
      43
      29
      43
      42
      31
      48
      40
      49
      45
      40
      39
      35
      41
      30
      48
      34
      45
      36
      39
      43
      32
      39
      38
      42
      47
      55
      47
      28
      32
      36
      47
      35
      37
      47
      35
      32
      40
      36
      30
      47
      46
      43
      29
      34
      26
      29
      38
      45
      23
      32
      32
      36
      22
      21
      34
      22
      27
      34
      22
      24
      37
      41
      27
      29
      21
      35
      17
      26
      20
      11
      28
      25
      30
      23
      20
      22
      16
      17
      17
      17
      18
      20
      19
      17
       9
       8
      10
      17
      10
      25
      11
      18
      17
      21
      15
      10
      20
      13
      16
      17
      17
      14
      16
      11
      16
       7
      12
      14
      13
       8
      16
      11
      12
       8
       8
      13
      12
       9
      10
       4
       8
       9
      14
       9
      10
       7
       9
      18
       8
      11
       7
       7
       9
      13
       8
       8
       8
       8
      17
      15
      11
       8
      12
       6
      10
       9
      10
      10
       9
       3
       6
       6
       8
      11
       2
       8
       7
      15
       8
       8
       8
       4
       6
       6
       7
       9
       9
       3
       5
       8
       4
      11
       8
       6
       7
       7
       9
       7
       5
       4
       2
      10
       7
       3
      11
       9
       7
       7
       7
       8
       4
       7
       1
       1
       8
       4
       5
       4
       9
       3
      10
       2
       2
       4
       5
       2
       9
       3
       5
       4
       5
       5
       8
       4
       4
       8
       3
       4
       8
       8
       7
       3
       5
       4
       5
       4
       5
       8
       1
       3
       3
       2
       2
       5
       4
       5
       8
       7
       4
       6
       5
       5
       4
       6
       3
       3
       4
       5
       3
       6
       5
       4
       3
       2
       2
       2
       3
       3
       5
       3
       5
       6
       2
       4
       3
       3
       3
       3
       3
       5
       6
       4
       5
       2
       6
       3
       6
       2
       5
       2
       2
       2
       4
       6
       4
       5
       3
       3
       1
       4
       0
       3
       4
       3
       2
       4
       0
       6
       5
       2
       0
       2
       2
       2
       4
       3
       1
       4
       4
       8
       7
       2
       5
       3
       1
       4
       3
       3
       0
       4
       1
       3
       5
       8
       2
       1
       2
       4
       3
       2
       5
       2
       4
       2
       0
       1
       1
       1
       3
       5
       3
       3
       5
       3
       4
       2
       2
       1
       2
       3
       6
       1
       3
       5
       4
       2
       3
       6
       2
       5
       3
       5
       1
       3
       3
       5
       2
       5
       1
       2
       3
       4
       2
       3
       4
       5
       4
       1
       4
       1
       1
       2
       2
       4
       6
       3
       4
       2
       2
       3
       6
       6
       2
       4
       3
       2
       3
       3
       5
       6
       1
       4
       5
       4
       7
       4
       5
       7
       3
       4
       5
       4
       4
      10
       4
       2
       7
       5
       1
       7
       5
       0
       7
       7
       4
       8
       6
       5
       6
       6
       7
       4
       6
      12
       9
       5
      16
       9
      17
       9
       9
      12
      16
       9
      12
      15
      14
      11
      18
      13
      13
      18
      23
      25
      23
      30
      27
      37
      29
      34
      37
      32
      37
      39
      31
      40
      38
      41
      44
      38
      60
      64
      57
      48
      66
      61
      68
      77
      95
      79
     103
      92
      87
     110
     107
     105
      98
     115
     117
     131
     138
     124
     127
     132
     141
     145
     172
     159
     178
     170
     174
     210
     212
     195
     194
     226
     188
     239
     262
     247
     246
     237
     244
     264
     252
     298
     296
     280
     306
     291
     319
     321
     310
     333
     334
     354
     331
     329
     373
     356
     388
     381
     402
     386
     386
     384
     359
     410
     392
     395
     409
     421
     428
     436
     451
     483
     442
     478
     434
     464
     453
     473
     440
     476
     477
     473
     460
     437
     479
     503
     492
     475
     472
     425
     477
     432
     457
     423
     432
     443
     437
     439
     436
     413
     434
     435
     429
     379
     433
     387
     419
     342
     412
     399
     362
     377
     361
     370
     360
     354
     342
     328
     344
     346
     324
     325
     290
     264
     304
     296
     273
     283
     277
     252
     248
     270
     250
     241
     231
     231
     228
     204
     167
     202
     211
     192
     186
     180
     142
     183
     151
     166
     153
     157
     159
     146
     155
     108
     104
     116
     111
      91
     102
      85
      76
      99
      80
      75
      85
      75
      69
      75
      63
      60
      63
      73
      51
      46
      40
      36
      41
      46
      31
      36
      38
      27
      35
      32
      28
      18
      26
      29
      23
      26
      19
      19
      13
      16
      12
      12
      15
      13
      13
      14
       8
       7
       6
       5
      11
      10
       5
      10
       3
       8
       7
       3
       2
       8
       4
       4
       3
       4
       2
       5
       2
       1
       2
       0
       4
       1
       1
       1
       1
       2
       3
       4
       1
       5
       1
       3
       3
       3
       1
       3
       2
       1
       0
       2
       3
       6
       1
       2
       4
       1
       2
       3
       1
       2
       1
       0
       2
       4
       1
       1
       3
       2
       3
       3
       2
       2
       3
       5
       3
       1
       1
       0
       1
       0
       2
       1
       1
       1
       1
       4
       2
       0
       1
       3
       2
       1
       2
       2
       2
       2
       1
       2
       2
       2
       3
       1
       1
       2
       1
       0
       2
       1
       0
       1
       1
       2
       0
       2
       0
       0
       1
       3
       0
       0
       1
       1
       0
       2
       0
       2
       0
       1
       1
       2
       2
       3
       2
       0
       1
       1
       0
       1
       0
       1
       2
       1
       0
       0
       0
       3
       0
       2
       0
       3
       1
       3
       3
       2
       0
       0
       0
       2
       0
       0
       3
       0
       1
       0
       2
       1
       2
       2
       1
       2
       1
       2
       2
       2
       5
       0
       2
       0
       0
       1
       1
       2
       0
       1
       2
       1
       1
       2
       3
       0
       2
       2
       0
       3
       0
       1
       0
       0
       1
       1
       2
       0
       1
       0
       1
       2
       2
       3
       0
       0
       0
       2
       0
       1
       0
       4
       3
       1
       2
       2
       1
       0
       0
       1
       1
       1
       2
       1
       2
       1
       1
       1
       0
       2
       0
       0
       0
       0
       1
       1
       1
       1
       3
       2
       0
       1
       0
       0
       0
       1
       3
       1
       2
       0
       3
       2
       0
       0
       1
       4
       0
       0
       1
       1
       0
       2
       1
       2
       0
       2
       0
       0
       0
       3
       0
       2
       1
       1
       0
       2
       3
       1
       1
       0
       0
       0
       0
       3
       0
       3
       0
       0
       0
       2
       4
       2
       2
       0
       2
       1
       2
       1
       0
       1
       1
       3
       1
       1
       1
       1
       1
       0
       0
       1
       0
       2
       2
       0
       0
       2
       3
       2
       1
       0
       0
       1
       2
       2
       1
       0
       0
       1
       0
       1
       1
       0
       2
       2
       0
       0
       3
       1
       0
       1
       0
       2
       2
       0
       0
       1
       0
       3
       0
       1
       0
       0
       2
       1
       1
       2
       0
       0
       0
       0
       1
       1
       0
       0
       1
       0
       1
       0
       0
       1
       1
       1
       0
       2
       2
       0
       0
       1
       1
       2
       0
       1
       0
       2
       0
       2
       2
       1
       1
       1
       1
       2
       4
       1
       2
       2
       0
       0
       0
       0
       0
       1
       1
       1
       0
       2
       1
       1
       1
       1
       1
       1
       0
       4
       0
       0
       0
       0
       2
       2
       1
       0
       0
       1
       1
       1
       0
       0
       0
       0
       1
       1
       0
       0
       3
       0
       0
       1
       2
       3
       2
       0
       0
       1
       2
       2
       1
       0
       0
       1
       1
       1
       2
       0
       1
       1
       1
       1
       2
       2
       2
       0
       0
       0
       0
       0
       1
       0
       3
       1
       2
       5
       0
       1
       2
       2
       3
       0
       1
       2
       0
       0
       1
       0
       0
       0
       0
       1
       0
       0
       0
       0
       0
       0
       0
       0
       0
       0
       0
       0
       0
       0
       0
       0
       0
       0
       0
       0
       0
       0
       0
       0
$ROI:
3
162 224
345 375
1311 1544
$PRESETS:
Live Time
1200
0
$ENER_FIT:
0.000000 0.359353
$MCA_CAL:
3
0.000000E+000 3.593530E-001 0.000000E+000 keV
$SHAPE_CAL:
3
0.000000E+000 0.000000E+000 0.000000E+000
