$SPEC_ID:
This is sample 286.
$SPEC_REM:
DET# 1
DETDESC# DIP1456 PCI-Trump SN 253
AP# Maestro Version 7.01
$DATE_MEA:
01/29/2025 05:41:49
$MEAS_TIM:
1200 1254
$DATA:
0 2047
       0
       0
       0
       0
       0
       0
       0
       0
       0
       0
       0
       0
       0
       0
       0
       0
       1
       2
       3
       7
       7
       6
       7
      20
      13
      17
      21
      20
      25
      28
      22
      27
      34
      27
      25
      29
      30
      30
      33
      36
      35
      33
      30
      38
      26
      32
      31
      24
      23
      36
      30
      30
      34
      25
      44
      26
      36
      44
      36
      37
      23
      30
      33
      26
      32
      37
      32
      24
      30
      39
      27
      27
      34
      29
      37
      18
      32
      24
      26
      31
      39
      40
      33
      24
      31
      30
      38
      27
      42
      33
      32
      31
      40
      34
      34
      32
      28
      32
      33
      40
      28
      52
      37
      29
      33
      34
      23
      29
      43
      31
      32
      19
      35
      30
      35
      31
      28
      34
      36
      35
      33
      33
      41
      34
      32
      31
      36
      24
      29
      32
      35
      44
      38
      36
      39
      36
      36
      29
      33
      43
      35
      33
      47
      24
      29
      40
      41
      33
      26
      37
      34
      28
      30
      36
      42
      48
      28
      34
      33
      31
      30
      34
      43
      28
      41
      39
      45
      24
      32
      36
      45
      37
      39
      45
      30
      38
      29
      47
      36
      44
      28
      41
      47
      38
      36
      40
      30
      35
      41
      43
      48
      29
      34
      38
      41
      28
      35
      41
      45
      39
      36
      45
      35
      30
      35
      37
      51
      33
      32
      42
      40
      43
      34
      41
      32
      43
      38
      41
      50
      28
      37
      33
      43
      37
      30
      33
      39
      40
      25
      30
      30
      30
      42
      33
      30
      27
      29
      33
      34
      37
      31
      32
      35
      36
      29
      41
      36
      34
      34
      32
      41
      35
      35
      33
      33
      44
      34
      29
      35
      31
      29
      42
      40
      42
      30
      39
      43
      45
      35
      35
      36
      34
      36
      55
      34
      33
      45
      34
      34
      45
      37
      37
      37
      38
      40
      28
      30
      38
      27
      42
      30
      41
      41
      25
      27
      29
      35
      37
      40
      38
      40
      44
      31
      48
      35
      39
      36
      32
      35
      27
      38
      36
      29
      33
      33
      40
      27
      38
      33
      39
      31
      37
      44
      42
      32
      30
      39
      33
      35
      42
      37
      38
      39
      45
      35
      35
      35
      37
      38
      35
      54
      33
      37
      37
      35
      47
      24
      29
      41
      30
      35
      31
      38
      38
      43
      37
      36
      35
      39
      29
      35
      40
      44
      40
      42
      36
      40
      30
      51
      39
      36
      35
      42
      35
      46
      30
      35
      32
      22
      34
      35
      32
      33
      32
      39
      33
      30
      39
      43
      45
      44
      24
      28
      35
      37
      28
      37
      49
      36
      36
      45
      44
      41
      36
      30
      29
      40
      38
      39
      33
      49
      34
      32
      21
      30
      37
      42
      41
      25
      34
      29
      35
      28
      42
      26
      45
      31
      39
      31
      27
      45
      34
      31
      46
      30
      42
      35
      32
      31
      42
      38
      36
      39
      31
      46
      44
      26
      31
      33
      45
      39
      36
      50
      25
      26
      31
      32
      41
      32
      31
      40
      39
      37
      38
      33
      39
      37
      36
      38
      31
      31
      33
      42
      48
      29
      43
      42
      30
      26
      33
      45
      37
      45
      38
      38
      35
      40
      35
      40
      39
      40
      40
      38
      35
      45
      43
      36
      46
      41
      47
      29
      49
      30
      43
      46
      39
      50
      47
      30
      48
      40
      40
      49
      27
      41
      38
      37
      55
      50
      46
      32
      30
      44
      43
      40
      34
      33
      29
      39
      37
      42
      35
      44
      53
      38
      38
      33
      35
      47
      47
      45
      42
      39
      37
      47
      42
      38
      33
      41
      34
      48
      35
      32
      52
      44
      36
      30
      33
      44
      45
      48
      41
      51
      33
      36
      55
      48
      36
      31
      42
      39
      38
      36
      47
      37
      32
      35
      37
      33
      40
      35
      37
      47
      41
      30
      31
      38
      52
      47
      46
      51
      37
      41
      32
      38
      29
      38
      30
      48
      33
      43
      39
      41
      40
      36
      43
      48
      42
      41
      45
      43
      38
      30
      30
      46
      43
      48
      39
      40
      36
      41
      37
      39
      38
      44
      45
      40
      39
      40
      35
      34
      34
      36
      22
      28
      47
      41
      32
      23
      38
      35
      38
      38
      22
      29
      25
      27
      30
      31
      31
      47
      21
      41
      36
      37
      39
      38
      41
      29
      26
      39
      31
      30
      29
      25
      46
      40
      24
      40
      34
      33
      37
      44
      32
      45
      29
      34
      40
      29
      39
      36
      34
      41
      32
      41
      32
      30
      40
      33
      43
      39
      36
      30
      40
      47
      36
      45
      34
      38
      34
      37
      32
      29
      40
      33
      46
      33
      35
      27
      38
      37
      32
      35
      42
      44
      36
      39
      36
      32
      25
      33
      39
      40
      41
      29
      28
      41
      40
      36
      25
      42
      44
      37
      31
      31
      33
      36
      43
      39
      30
      38
      34
      46
      37
      32
      39
      38
      27
      24
      36
      39
      37
      36
      34
      24
      32
      37
      27
      46
      35
      46
      33
      45
      29
      33
      33
      35
      46
      29
      35
      48
      37
      40
      36
      32
      40
      35
      30
      43
      37
      36
      44
      42
      41
      41
      43
      26
      28
      34
      31
      30
      42
      36
      34
      41
      41
      38
      36
      37
      38
      42
      38
      35
      47
      43
      41
      41
      43
      33
      43
      32
      43
      50
      32
      35
      48
      41
      27
      42
      36
      36
      35
      51
      43
      33
      32
      37
      45
      36
      33
      52
      40
      45
      50
      45
      43
      43
      42
      55
      41
      43
      46
      46
      47
      44
      44
      38
      41
      35
      43
      47
      51
      50
      45
      28
      49
      40
      41
      34
      43
      44
      40
      41
      45
      34
      32
      39
      37
      39
      45
      38
      39
      36
      42
      43
      40
      33
      47
      41
      43
      39
      43
      40
      39
      39
      36
      45
      37
      31
      34
      31
      50
      36
      32
      36
      32
      28
      44
      44
      49
      35
      37
      25
      36
      38
      43
      32
      41
      28
      44
      44
      42
      23
      35
      23
      34
      27
      32
      33
      26
      31
      26
      22
      28
      31
      25
      18
      25
      21
      22
      33
      28
      25
      26
      18
      23
       9
      19
      19
      22
      26
      20
      19
      19
      19
      16
      19
      14
      13
      15
      13
      20
      19
      14
      20
      12
      11
      13
       9
      18
       7
      12
      14
      12
       7
      16
      16
      19
       8
      15
       8
      11
      13
      11
      17
      10
      11
      20
      13
      12
      10
       7
      12
      10
      13
      12
      16
       4
      11
      12
      12
      11
      10
       9
       5
       9
      12
      10
      10
      17
       3
      10
       7
      11
       9
       9
      14
       9
      10
       5
       7
       5
      13
       5
       7
       7
       7
      10
       4
       7
       6
      10
       4
       3
       5
       9
       3
       2
       8
       1
       2
       7
       5
       9
       4
       4
       4
       2
      11
      11
       5
       8
       6
       5
       7
       7
       5
       7
       8
       3
       7
       6
       1
       4
       4
       4
       2
       4
       5
       7
       8
       5
       4
       3
       7
       1
       6
       4
       2
       5
       5
       3
       3
       3
       6
       4
       2
       1
       4
       6
       3
       4
       4
       4
       4
       5
       4
       4
       3
       8
       4
       5
       2
       4
       6
       3
       5
       2
       2
       4
       4
       3
       7
       4
       6
       7
       3
       2
       5
       4
       2
       9
       6
       1
       5
       7
       3
       5
       2
       5
       5
       3
       8
       4
       6
       3
       4
       7
       3
       3
       1
       2
       5
       5
       7
       5
       6
       6
       3
       4
       3
       7
       2
       4
       1
       1
       3
       7
       1
       1
       6
       3
       0
       1
       3
       3
       1
       1
       2
       3
       6
       2
       7
       6
       3
       4
       4
       3
       2
       3
       5
       1
       2
       3
       3
       5
       3
       4
       3
       1
       3
       4
       6
       6
       0
       4
       4
       4
       4
       4
       1
       6
       5
       2
       1
       6
       5
       6
       3
       0
       5
       3
       4
       4
       1
       0
       2
       2
       3
       7
       3
       2
       2
       2
       3
       0
       4
       2
       3
       6
       3
       3
       1
       4
       4
       2
       4
       4
       5
       2
       3
       5
       5
       1
       3
       1
       2
       3
       1
       1
       4
       3
       4
       3
       6
       4
       6
       2
       7
       4
       1
       1
       9
       9
       1
       7
       2
       3
       1
       4
       3
       4
       8
       2
       1
       1
       3
       2
       2
       6
       2
       3
       4
       7
       4
       4
       4
       4
       4
       6
       3
       6
       1
       4
       4
       6
       3
       5
       8
       9
       9
       6
       6
      11
       9
       9
       9
       8
      14
       7
       9
      10
      12
      12
      13
      14
      10
      14
      12
      17
      23
      21
      24
      23
      29
      19
      26
      29
      27
      33
      33
      34
      44
      41
      46
      37
      32
      50
      54
      51
      48
      60
      58
      43
      65
      57
      64
      82
      83
      95
      97
      82
     114
      88
     100
     111
     132
     102
     104
     105
     135
     133
     130
     153
     149
     176
     159
     168
     167
     170
     185
     200
     210
     201
     198
     190
     207
     233
     232
     243
     222
     250
     253
     287
     256
     274
     283
     307
     308
     299
     296
     296
     315
     343
     350
     318
     316
     342
     359
     364
     340
     378
     396
     367
     400
     392
     422
     381
     423
     437
     392
     425
     435
     435
     407
     435
     452
     442
     444
     457
     422
     480
     436
     437
     428
     457
     477
     455
     439
     469
     463
     459
     452
     460
     477
     461
     436
     423
     448
     452
     466
     423
     378
     461
     421
     459
     411
     436
     389
     393
     411
     393
     402
     375
     395
     367
     364
     343
     355
     361
     352
     355
     358
     326
     334
     296
     325
     325
     293
     258
     290
     282
     275
     248
     248
     234
     260
     260
     225
     225
     221
     180
     197
     219
     222
     185
     172
     175
     163
     170
     161
     159
     152
     151
     141
     121
     130
     118
     113
     137
     106
     102
     118
     108
      81
      62
      85
      82
      73
      73
      56
      54
      66
      48
      53
      50
      49
      56
      46
      36
      33
      47
      34
      45
      39
      42
      31
      24
      30
      28
      16
      28
      23
      22
      24
      18
      21
      14
      17
      21
      17
      13
       9
      15
       7
      12
      13
      12
      10
      12
      11
      14
       3
       6
       8
       5
       4
       3
       3
       6
       4
       4
       3
      10
       2
       3
       1
       6
       3
       2
       4
       2
       1
       3
       1
       1
       3
       0
       3
       1
       0
       2
       0
       2
       2
       1
       3
       2
       1
       1
       4
       1
       3
       2
       2
       2
       1
       1
       0
       1
       4
       2
       2
       0
       2
       1
       3
       2
       3
       0
       1
       1
       0
       1
       2
       2
       0
       0
       1
       0
       3
       0
       1
       2
       0
       2
       2
       3
       4
       2
       2
       1
       3
       1
       1
       0
       2
       2
       2
       4
       0
       1
       1
       0
       0
       2
       1
       1
       0
       1
       1
       1
       2
       0
       0
       0
       2
       0
       2
       2
       2
       0
       0
       2
       2
       1
       1
       2
       1
       0
       2
       1
       1
       2
       0
       0
       0
       3
       3
       1
       2
       2
       2
       0
       2
       0
       0
       3
       3
       1
       1
       3
       0
       2
       1
       2
       0
       1
       1
       2
       0
       0
       1
       1
       1
       1
       1
       1
       2
       1
       2
       1
       4
       2
       0
       0
       1
       0
       0
       1
       0
       2
       0
       0
       1
       1
       0
       1
       3
       0
       2
       0
       2
       2
       5
       1
       1
       0
       4
       0
       1
       0
       0
       2
       2
       2
       1
       1
       1
       0
       1
       0
       1
       2
       2
       2
       1
       0
       1
       1
       0
       3
       1
       1
       1
       2
       0
       0
       0
       1
       1
       2
       1
       1
       0
       1
       1
       2
       1
       1
       2
       1
       4
       1
       0
       1
       1
       2
       3
       1
       1
       0
       0
       0
       2
       0
       0
       1
       0
       3
       3
       0
       2
       0
       2
       1
       0
       2
       0
       2
       0
       2
       1
       3
       0
       3
       1
       0
       0
       2
       1
       0
       1
       2
       1
       2
       1
       1
       0
       0
       0
       2
       1
       2
       1
       1
       2
       2
       0
       0
       2
       1
       1
       1
       2
       0
       0
       2
       2
       1
       3
       0
       0
       2
       1
       0
       1
       1
       0
       1
       0
       1
       1
       1
       1
       0
       1
       0
       0
       0
       0
       0
       0
       0
       0
       1
       0
       1
       0
       0
       2
       1
       0
       1
       0
       3
       1
       0
       0
       2
       1
       0
       1
       1
       0
       0
       3
       1
       2
       0
       1
       0
       0
       1
       0
       0
       0
       0
       0
       0
       1
       4
       0
       1
       0
       0
       1
       1
       1
       0
       0
       0
       2
       2
       0
       1
       3
       0
       0
       2
       1
       1
       1
       0
       1
       0
       0
       1
       2
       0
       0
       0
       0
       1
       2
       1
       1
       1
       0
       1
       0
       1
       2
       2
       3
       0
       0
       1
       3
       2
       1
       1
       0
       3
       0
       0
       2
       0
       1
       1
       0
       1
       1
       0
       0
       0
       0
       0
       1
       0
       2
       1
       2
       2
       0
       0
       0
       1
       0
       0
       0
       1
       0
       2
       0
       0
       0
       2
       0
       1
       2
       0
       1
       3
       1
       0
       0
       1
       1
       0
       1
       2
       0
       2
       0
       1
       0
       1
       2
       1
       1
       1
       1
       2
       0
       1
       0
       0
       0
       1
       1
       2
       0
       0
       1
       0
       0
       0
       1
       0
       0
       0
       0
       0
       0
       0
       0
       0
       0
       0
       0
       0
       0
       0
       0
       0
       0
       0
$ROI:
3
162 224
345 375
1311 1544
$PRESETS:
Live Time
1200
0
$ENER_FIT:
0.000000 0.359353
$MCA_CAL:
3
0.000000E+000 3.593530E-001 0.000000E+000 keV
$SHAPE_CAL:
3
0.000000E+000 0.000000E+000 0.000000E+000
