$SPEC_ID:
This is sample 244.
$SPEC_REM:
DET# 1
DETDESC# DIP1456 PCI-Trump SN 253
AP# Maestro Version 7.01
$DATE_MEA:
01/28/2025 13:54:00
$MEAS_TIM:
1200 1253
$DATA:
0 2047
       0
       0
       0
       0
       0
       0
       0
       0
       0
       0
       0
       0
       0
       0
       0
       0
       0
       1
       2
       6
      11
       7
      10
      10
      20
      17
      19
      15
      26
      22
      22
      32
      22
      23
      32
      28
      26
      26
      27
      31
      32
      35
      35
      35
      27
      30
      33
      26
      35
      34
      30
      26
      34
      28
      31
      41
      23
      25
      31
      30
      32
      46
      41
      25
      30
      23
      40
      32
      30
      31
      36
      28
      40
      43
      43
      29
      22
      34
      23
      47
      25
      32
      37
      28
      38
      36
      31
      28
      29
      22
      31
      41
      27
      20
      21
      28
      33
      30
      29
      32
      30
      39
      40
      23
      38
      33
      37
      34
      40
      35
      31
      31
      32
      38
      27
      37
      38
      44
      44
      32
      37
      43
      43
      40
      29
      38
      40
      39
      40
      32
      34
      35
      45
      41
      30
      48
      39
      38
      34
      33
      34
      38
      31
      38
      34
      40
      34
      38
      38
      34
      37
      33
      41
      29
      33
      32
      32
      26
      47
      36
      41
      33
      37
      41
      33
      35
      23
      26
      39
      25
      38
      34
      32
      31
      37
      30
      40
      42
      39
      27
      33
      31
      40
      36
      35
      32
      39
      28
      23
      40
      46
      35
      32
      28
      32
      39
      43
      29
      39
      46
      38
      39
      27
      42
      37
      33
      37
      38
      35
      41
      29
      43
      38
      33
      37
      38
      30
      37
      49
      25
      40
      36
      31
      35
      36
      35
      28
      35
      37
      30
      33
      21
      32
      43
      44
      44
      33
      40
      48
      50
      39
      48
      37
      36
      43
      40
      43
      44
      46
      29
      36
      45
      33
      39
      35
      32
      34
      34
      29
      34
      33
      39
      44
      41
      38
      37
      39
      48
      33
      36
      29
      40
      34
      40
      31
      33
      38
      28
      37
      33
      28
      37
      42
      32
      36
      37
      38
      37
      40
      20
      43
      31
      36
      38
      36
      35
      41
      26
      47
      33
      39
      40
      54
      36
      27
      25
      38
      28
      32
      47
      36
      34
      38
      30
      32
      34
      30
      63
      39
      30
      36
      34
      41
      28
      40
      37
      34
      34
      40
      27
      41
      40
      34
      36
      30
      41
      33
      35
      25
      49
      36
      41
      40
      40
      35
      48
      43
      46
      28
      40
      35
      33
      35
      30
      30
      45
      46
      47
      31
      31
      28
      45
      35
      35
      39
      45
      33
      26
      39
      38
      45
      33
      37
      33
      37
      40
      39
      33
      30
      46
      30
      33
      32
      47
      35
      27
      47
      43
      40
      38
      37
      27
      35
      41
      30
      35
      52
      44
      40
      40
      40
      37
      44
      35
      47
      40
      28
      34
      44
      38
      34
      38
      32
      43
      23
      39
      29
      41
      32
      29
      30
      38
      37
      27
      43
      37
      33
      36
      38
      52
      33
      32
      31
      18
      38
      48
      39
      45
      35
      41
      32
      34
      32
      37
      40
      25
      35
      30
      36
      33
      37
      27
      47
      39
      35
      37
      37
      20
      35
      33
      33
      41
      37
      30
      35
      43
      43
      31
      41
      31
      20
      36
      32
      38
      47
      40
      37
      40
      38
      37
      44
      44
      42
      34
      47
      41
      29
      34
      30
      42
      44
      41
      39
      26
      36
      54
      33
      33
      38
      47
      30
      33
      38
      34
      35
      34
      48
      39
      38
      40
      51
      54
      41
      49
      43
      33
      35
      53
      36
      45
      37
      40
      36
      45
      39
      43
      50
      40
      30
      37
      54
      41
      31
      47
      48
      48
      48
      44
      39
      37
      36
      36
      43
      45
      48
      27
      34
      35
      38
      36
      50
      38
      44
      31
      39
      45
      34
      44
      37
      39
      44
      40
      39
      44
      34
      44
      44
      35
      47
      40
      43
      20
      32
      28
      35
      40
      29
      39
      39
      35
      35
      30
      47
      33
      36
      51
      44
      37
      44
      41
      33
      45
      53
      35
      29
      42
      36
      32
      31
      37
      39
      32
      44
      37
      42
      46
      42
      25
      42
      51
      34
      46
      43
      38
      45
      35
      36
      41
      35
      34
      36
      36
      38
      38
      30
      34
      28
      27
      34
      46
      50
      27
      53
      33
      43
      46
      31
      38
      37
      38
      40
      35
      50
      36
      46
      33
      33
      34
      28
      33
      42
      35
      32
      31
      37
      30
      28
      35
      28
      28
      28
      37
      44
      46
      26
      45
      37
      43
      38
      37
      28
      36
      39
      35
      40
      52
      28
      34
      32
      34
      31
      34
      38
      21
      32
      28
      29
      36
      33
      37
      37
      40
      28
      39
      41
      32
      29
      34
      30
      34
      49
      32
      36
      48
      26
      34
      40
      33
      32
      37
      31
      23
      35
      51
      33
      30
      33
      35
      34
      39
      37
      26
      34
      29
      36
      28
      37
      29
      31
      20
      35
      35
      44
      41
      36
      39
      38
      44
      39
      35
      41
      33
      29
      47
      44
      39
      41
      39
      39
      31
      25
      37
      38
      32
      36
      32
      36
      45
      36
      35
      30
      36
      29
      32
      33
      32
      39
      33
      37
      42
      33
      39
      33
      45
      40
      32
      36
      32
      40
      27
      43
      39
      40
      27
      39
      33
      31
      44
      43
      41
      38
      31
      37
      39
      54
      32
      31
      25
      53
      45
      29
      40
      39
      45
      39
      40
      41
      42
      40
      40
      46
      45
      39
      41
      38
      33
      48
      34
      33
      40
      55
      51
      40
      35
      39
      46
      35
      51
      48
      35
      38
      41
      47
      51
      40
      32
      47
      32
      36
      44
      40
      30
      45
      49
      40
      46
      47
      40
      43
      39
      39
      33
      47
      39
      49
      43
      35
      30
      45
      42
      44
      38
      40
      45
      39
      46
      37
      39
      48
      41
      41
      37
      36
      38
      39
      38
      50
      38
      40
      36
      30
      42
      45
      42
      40
      51
      36
      41
      39
      32
      36
      30
      26
      41
      40
      28
      26
      36
      32
      31
      44
      34
      28
      27
      29
      32
      36
      31
      30
      24
      29
      30
      35
      29
      27
      24
      36
      29
      23
      26
      26
      21
      23
      26
      25
      35
      23
      22
      27
      17
      22
      19
      25
      16
      25
      17
      20
      16
      26
      17
      26
      18
      23
      18
      23
      16
      20
      25
      18
      12
      20
      17
      14
      20
      18
      13
      16
      14
      16
      16
      15
      12
      17
      11
      12
      16
      14
       8
      12
      12
      18
       9
      11
      16
       7
       4
       8
       9
       7
      14
       6
      15
       7
      10
      14
      12
      15
      13
      14
      10
      10
       3
       9
      10
       5
       8
      12
      15
       7
       5
       9
       6
       9
      10
       8
      10
       7
       6
       6
       7
       7
       6
       3
       3
       9
       4
       4
       5
       8
       5
       7
       7
      10
       7
       5
       5
      14
      10
       6
       7
      10
       6
       8
       7
       1
       7
       7
       8
       6
       2
       7
       8
       7
       8
       8
      10
       8
       6
       5
       7
       6
       4
       7
       8
       2
       8
       5
       3
       3
       6
       7
       3
       6
       4
       3
       4
       6
       4
       1
       4
       7
       6
       4
       1
       5
       4
       3
       4
       1
       3
       5
       3
       8
       1
       3
       4
       7
       3
       4
       7
       4
       4
       4
       7
       5
       1
       3
       2
       2
       5
       7
       3
       3
       2
       2
       4
       3
       5
       2
       1
       3
       2
       4
       1
       5
       6
       2
       5
       2
       2
       4
       5
       4
       3
       2
       6
       3
       2
       4
       3
       1
       1
       1
       2
       0
       3
       5
       3
       2
       2
       2
       1
       0
       4
       3
       2
       4
       2
       2
       3
       1
       4
       2
       4
       2
       2
       3
       5
       4
       1
       4
       2
       2
       5
       3
       2
       4
       3
       2
       1
       2
       1
       2
       1
       3
       4
       5
       5
       3
       5
       4
       0
       6
       3
       3
       1
       3
       1
       4
       5
       2
       3
       2
       2
       3
       2
       6
       2
       1
       3
       4
       3
       4
       3
       1
       0
       4
       1
       6
       2
       1
       0
       1
       1
       3
       6
       4
       5
       4
       4
       0
       3
       3
       6
       3
       3
       3
       1
       7
       2
       1
       2
       3
       4
       5
       2
       5
       2
       2
       6
       2
       2
       4
       7
       5
       4
       3
       8
       2
       4
       2
       8
       2
       5
       3
       0
       2
       3
       1
       4
       1
       3
       5
       5
       7
       4
       0
       5
       2
       2
       5
       6
       2
       5
       5
       4
       5
       6
       4
       5
       5
       5
       6
       6
       9
       6
       5
       7
       8
       5
       9
       3
       4
       8
      10
       9
       9
      14
      14
       9
       9
      17
      13
      16
      12
      13
      20
      20
      20
      30
      23
      27
      21
      22
      34
      31
      33
      25
      29
      43
      34
      48
      51
      44
      28
      52
      62
      72
      72
      60
      49
      71
      76
      82
      71
      80
      80
      83
     110
     123
     105
     115
     105
     105
     127
     146
     110
     110
     154
     147
     137
     147
     176
     174
     170
     172
     168
     200
     184
     192
     209
     200
     231
     207
     219
     213
     240
     244
     253
     268
     256
     274
     256
     287
     297
     308
     272
     304
     309
     331
     323
     356
     328
     360
     362
     392
     370
     380
     391
     372
     377
     399
     397
     351
     411
     409
     419
     418
     405
     463
     420
     461
     429
     425
     392
     447
     472
     459
     459
     435
     469
     468
     429
     473
     462
     448
     446
     422
     422
     482
     452
     480
     450
     469
     454
     485
     443
     441
     473
     449
     472
     462
     405
     422
     427
     398
     391
     390
     366
     370
     389
     403
     349
     378
     389
     363
     346
     341
     373
     344
     300
     323
     324
     304
     306
     285
     280
     286
     275
     253
     240
     209
     216
     222
     248
     193
     213
     213
     194
     197
     205
     172
     156
     164
     190
     182
     154
     173
     133
     144
     127
     144
     123
     125
     108
     119
     105
      98
     109
     111
      85
     102
      76
      83
      64
      62
      59
      76
      57
      56
      62
      59
      47
      48
      47
      57
      41
      40
      36
      47
      37
      34
      39
      33
      26
      29
      28
      19
      25
      23
      15
      23
      21
      13
      16
      13
      11
      12
      14
      13
       6
      10
       9
       7
       4
      12
       9
       4
       7
       4
       7
       6
       7
       9
       5
       3
       2
       6
       3
       6
       5
       5
       2
       3
       4
       2
       3
       2
       3
       6
       4
       2
       1
       2
       4
       1
       2
       3
       4
       0
       1
       1
       2
       2
       0
       2
       1
       3
       2
       1
       3
       1
       3
       0
       2
       0
       4
       2
       5
       1
       0
       2
       0
       1
       1
       0
       0
       1
       1
       0
       0
       1
       1
       2
       0
       0
       2
       2
       1
       2
       0
       0
       1
       1
       2
       0
       2
       2
       1
       1
       1
       0
       0
       0
       0
       0
       2
       1
       1
       1
       3
       2
       0
       0
       1
       0
       1
       3
       0
       0
       0
       1
       1
       2
       1
       2
       1
       0
       1
       1
       3
       0
       1
       1
       0
       0
       0
       1
       0
       1
       0
       1
       2
       1
       0
       1
       1
       6
       2
       0
       4
       4
       2
       1
       0
       3
       2
       0
       1
       2
       1
       0
       3
       1
       0
       0
       0
       1
       1
       0
       0
       2
       0
       1
       1
       3
       0
       2
       1
       1
       1
       1
       0
       0
       0
       1
       2
       1
       1
       0
       0
       2
       3
       2
       1
       0
       2
       1
       0
       1
       3
       3
       4
       1
       0
       1
       0
       0
       1
       1
       1
       0
       1
       0
       1
       2
       2
       2
       0
       0
       1
       3
       1
       2
       0
       0
       1
       1
       4
       3
       0
       2
       1
       0
       0
       0
       0
       1
       2
       1
       2
       1
       0
       2
       2
       2
       1
       0
       0
       2
       0
       1
       1
       1
       1
       0
       1
       1
       1
       0
       0
       2
       1
       4
       4
       0
       1
       1
       0
       1
       4
       3
       1
       1
       1
       0
       1
       0
       1
       0
       1
       1
       0
       0
       1
       1
       0
       0
       0
       2
       1
       0
       1
       2
       2
       3
       1
       1
       3
       0
       1
       0
       1
       1
       0
       0
       3
       1
       1
       4
       1
       0
       0
       1
       1
       4
       0
       0
       0
       0
       1
       0
       1
       0
       0
       0
       1
       5
       2
       2
       0
       0
       0
       0
       2
       4
       0
       1
       0
       2
       0
       2
       2
       0
       0
       1
       3
       1
       0
       1
       0
       0
       1
       1
       1
       2
       0
       0
       1
       1
       1
       1
       0
       2
       2
       0
       0
       2
       2
       2
       1
       2
       0
       0
       3
       1
       0
       0
       1
       1
       2
       2
       2
       0
       1
       0
       1
       0
       0
       1
       4
       2
       0
       0
       2
       2
       0
       0
       0
       1
       0
       0
       1
       1
       0
       0
       0
       0
       1
       2
       2
       1
       1
       2
       1
       0
       2
       2
       2
       0
       1
       0
       1
       1
       1
       0
       1
       0
       1
       0
       0
       0
       0
       0
       3
       0
       0
       1
       0
       0
       0
       0
       1
       0
       2
       0
       0
       1
       1
       1
       1
       1
       1
       1
       0
       2
       0
       0
       1
       1
       0
       1
       2
       1
       1
       3
       0
       0
       2
       0
       0
       0
       0
       0
       0
       2
       0
       0
       0
       1
       0
       0
       4
       2
       1
       1
       1
       1
       1
       0
       1
       2
       0
       0
       0
       2
       1
       2
       0
       0
       0
       0
       0
       0
       0
       0
       0
       0
       0
       0
       0
       0
       0
       0
       0
       0
       0
       0
       0
       0
       0
       0
       0
       0
       0
       0
       0
       0
$ROI:
3
162 224
345 375
1311 1544
$PRESETS:
Live Time
1200
0
$ENER_FIT:
0.000000 0.359353
$MCA_CAL:
3
0.000000E+000 3.593530E-001 0.000000E+000 keV
$SHAPE_CAL:
3
0.000000E+000 0.000000E+000 0.000000E+000
