$SPEC_ID:
This is sample 057.
$SPEC_REM:
DET# 1
DETDESC# DIP1456 PCI-Trump SN 253
AP# Maestro Version 7.01
$DATE_MEA:
01/25/2025 15:33:49
$MEAS_TIM:
1200 1254
$DATA:
0 2047
       0
       0
       0
       0
       0
       0
       0
       0
       0
       0
       0
       0
       0
       0
       0
       0
       0
       1
       3
       6
       7
       8
       8
       6
      22
      11
      23
      24
      28
      25
      24
      24
      26
      33
      35
      32
      22
      28
      37
      23
      38
      27
      28
      26
      30
      33
      39
      30
      26
      37
      29
      30
      36
      38
      32
      40
      23
      38
      32
      25
      30
      31
      30
      22
      26
      24
      30
      29
      25
      23
      35
      26
      37
      31
      36
      37
      40
      36
      26
      29
      25
      32
      35
      37
      34
      32
      22
      26
      38
      42
      33
      37
      29
      35
      30
      32
      31
      35
      27
      33
      26
      47
      34
      24
      30
      31
      27
      36
      33
      42
      33
      35
      32
      31
      37
      32
      39
      43
      34
      34
      32
      31
      36
      36
      35
      34
      34
      36
      28
      28
      27
      27
      39
      38
      31
      38
      34
      54
      34
      27
      50
      32
      39
      34
      33
      34
      40
      33
      50
      40
      40
      35
      28
      25
      32
      37
      48
      34
      44
      35
      31
      44
      29
      29
      38
      40
      26
      37
      48
      40
      44
      47
      26
      44
      27
      31
      36
      46
      38
      42
      30
      45
      40
      49
      31
      39
      26
      38
      46
      47
      42
      31
      37
      30
      44
      36
      36
      29
      37
      28
      26
      37
      34
      32
      37
      37
      35
      36
      25
      35
      35
      28
      35
      30
      36
      35
      34
      32
      35
      40
      45
      41
      41
      37
      42
      31
      37
      36
      34
      40
      51
      47
      39
      35
      32
      43
      26
      38
      46
      36
      32
      30
      30
      27
      39
      39
      35
      40
      30
      35
      41
      43
      31
      36
      35
      52
      36
      36
      31
      38
      38
      41
      36
      34
      41
      46
      42
      34
      39
      28
      40
      42
      39
      40
      28
      34
      38
      37
      39
      42
      35
      40
      28
      35
      25
      41
      29
      36
      50
      27
      30
      38
      33
      43
      33
      31
      29
      45
      33
      36
      47
      31
      48
      29
      34
      39
      37
      46
      37
      43
      39
      33
      27
      38
      37
      38
      38
      33
      34
      31
      36
      25
      45
      30
      34
      40
      39
      48
      32
      30
      35
      40
      36
      34
      29
      36
      38
      31
      25
      41
      42
      42
      37
      37
      38
      32
      35
      28
      38
      35
      46
      28
      36
      42
      40
      45
      38
      40
      38
      43
      34
      30
      30
      28
      45
      44
      33
      32
      31
      27
      32
      40
      43
      39
      44
      27
      53
      35
      37
      43
      47
      30
      39
      41
      42
      20
      37
      29
      47
      28
      44
      48
      34
      38
      29
      24
      34
      38
      36
      31
      42
      44
      29
      42
      46
      38
      43
      42
      42
      36
      33
      40
      32
      37
      32
      35
      32
      34
      30
      49
      37
      38
      33
      42
      40
      38
      35
      42
      26
      37
      49
      33
      38
      41
      42
      39
      38
      29
      36
      45
      38
      47
      39
      40
      36
      36
      35
      41
      29
      22
      43
      45
      38
      38
      36
      37
      36
      38
      43
      27
      30
      39
      33
      37
      42
      36
      45
      40
      38
      41
      33
      31
      33
      30
      35
      36
      36
      42
      44
      43
      39
      45
      38
      39
      43
      51
      41
      36
      39
      28
      40
      31
      41
      59
      40
      36
      39
      43
      49
      36
      55
      25
      40
      35
      45
      41
      44
      37
      32
      38
      27
      43
      44
      39
      35
      47
      43
      35
      41
      31
      45
      45
      42
      32
      34
      40
      42
      31
      49
      45
      49
      37
      39
      36
      44
      30
      38
      50
      38
      43
      43
      35
      41
      48
      41
      46
      40
      43
      46
      42
      55
      41
      46
      33
      26
      46
      37
      39
      52
      29
      33
      37
      38
      42
      33
      32
      35
      39
      43
      47
      37
      43
      30
      39
      32
      44
      36
      31
      40
      45
      46
      30
      43
      37
      52
      32
      32
      41
      38
      38
      39
      29
      27
      31
      36
      43
      34
      43
      36
      27
      39
      39
      32
      37
      49
      44
      31
      37
      34
      41
      44
      30
      40
      44
      31
      32
      32
      27
      31
      47
      38
      44
      37
      26
      41
      44
      53
      38
      36
      32
      44
      30
      46
      33
      35
      16
      35
      29
      37
      39
      37
      25
      43
      38
      30
      25
      44
      29
      29
      32
      26
      36
      41
      39
      37
      39
      36
      38
      44
      48
      41
      40
      38
      40
      43
      42
      36
      30
      45
      29
      43
      30
      41
      34
      41
      29
      23
      32
      40
      29
      43
      41
      46
      44
      36
      40
      43
      35
      31
      24
      26
      49
      29
      35
      41
      47
      30
      41
      31
      31
      32
      42
      42
      39
      39
      38
      40
      23
      34
      36
      30
      33
      23
      34
      43
      40
      35
      38
      30
      29
      29
      38
      29
      35
      35
      34
      32
      38
      34
      31
      42
      33
      43
      37
      36
      29
      39
      33
      40
      42
      37
      30
      41
      37
      48
      41
      42
      32
      30
      35
      38
      33
      36
      27
      35
      41
      35
      52
      33
      28
      27
      38
      48
      41
      48
      36
      35
      39
      39
      34
      29
      44
      33
      35
      39
      40
      33
      39
      30
      38
      39
      38
      32
      38
      35
      36
      36
      31
      32
      39
      47
      46
      42
      36
      43
      49
      35
      40
      42
      37
      39
      44
      46
      34
      40
      32
      38
      47
      28
      42
      35
      35
      41
      52
      44
      32
      41
      38
      38
      33
      45
      48
      38
      49
      41
      44
      37
      42
      43
      47
      40
      31
      43
      44
      46
      39
      44
      46
      41
      44
      41
      34
      46
      41
      52
      30
      43
      35
      25
      54
      28
      44
      42
      41
      42
      38
      39
      39
      35
      53
      51
      43
      38
      29
      38
      42
      42
      46
      55
      33
      48
      40
      52
      38
      48
      45
      34
      35
      48
      33
      32
      54
      35
      35
      41
      35
      33
      41
      37
      42
      37
      36
      42
      47
      41
      33
      41
      42
      44
      36
      43
      49
      36
      35
      37
      26
      37
      28
      45
      34
      24
      20
      27
      36
      24
      25
      37
      19
      31
      28
      30
      32
      27
      22
      25
      32
      23
      28
      25
      21
      25
      39
      21
      23
      29
      22
      22
      14
      14
      29
      27
      14
      18
      32
      16
      27
      20
      15
      17
      12
      15
      19
      12
      14
      14
      17
      19
      21
      19
      15
      14
      11
      13
      12
      11
       9
      12
      13
       4
      11
      17
      17
      12
      13
      13
      12
      12
      11
      16
      10
      15
       9
       8
      11
      13
      16
       8
      11
       8
      11
       8
      10
       9
      14
      12
      14
      13
       8
       9
      12
      12
      11
       9
       7
       9
       8
      13
       6
       6
      13
      10
       9
       8
       7
       7
      15
       9
       6
       5
       6
      14
       7
       8
       1
       9
      10
       7
      10
       6
       5
      10
       5
       5
       3
       7
       8
       7
       6
       4
       8
       9
       3
       6
       4
       4
       9
       8
       4
       5
       8
       5
       6
       5
      10
       8
       3
       4
       8
       7
       6
       4
       8
       4
       4
       6
       6
       6
       8
       5
       7
       8
       6
       2
       5
       2
       5
       6
       6
       2
       3
       4
       3
       5
       3
       4
       4
       5
       4
       5
       4
       2
       1
       4
       3
       6
       7
       7
       4
       4
       3
       3
       1
       2
       3
       5
       1
      11
       1
       3
       2
       3
       5
       6
       2
       2
       5
       3
       4
       2
       2
       3
       3
       5
       1
       3
       1
       4
       0
       7
       1
       5
       4
       4
       3
       3
       4
       4
       4
       5
       4
       1
       4
       3
       4
       3
       3
       4
       2
       2
       4
       8
       2
       3
       6
       3
       2
       2
       7
       3
       2
       4
       2
       5
       3
       5
       7
       4
       3
       7
       0
       6
       2
       4
       1
       0
       2
       5
       5
       2
       1
       2
       2
       3
       3
       4
       2
       3
       2
       3
       5
       3
       2
       3
       2
       3
       4
       4
       3
       5
       3
       2
       3
       3
       3
       5
       7
       2
       1
       4
       4
       2
       5
       4
       0
       3
       8
       2
       5
       1
       4
       1
       2
       5
       1
       1
       3
       8
       0
       3
       7
       5
       6
       2
       2
       7
       2
       2
       5
       2
       3
       1
       3
       7
       4
       3
       4
       3
       1
       3
       3
       2
       4
       2
       4
       5
       3
       6
       2
       1
       4
       0
       6
       7
       1
       2
       7
       5
       3
       4
       5
       1
       7
       3
       1
       5
       4
       4
       4
       4
       1
       1
       6
       4
       4
       3
       2
       9
       5
       4
       2
       6
       9
       8
       7
       8
       5
       4
       5
       7
       9
       7
      18
      12
      11
      16
      17
      12
      16
      20
      17
      14
      21
      16
      20
      26
      25
      27
      28
      29
      30
      32
      17
      33
      34
      44
      40
      45
      47
      40
      42
      61
      47
      55
      56
      53
      81
      56
      72
      82
      77
      76
      72
      86
      68
      81
     105
      90
     115
     107
     104
     126
     144
     116
     133
     160
     141
     155
     155
     172
     156
     153
     170
     167
     195
     192
     219
     208
     217
     223
     229
     236
     226
     240
     226
     234
     264
     244
     260
     277
     288
     255
     308
     314
     283
     314
     318
     324
     336
     348
     341
     371
     395
     377
     369
     390
     430
     388
     361
     415
     402
     396
     428
     421
     423
     417
     426
     400
     451
     449
     418
     427
     419
     480
     444
     439
     456
     484
     466
     467
     439
     463
     468
     444
     487
     491
     460
     436
     435
     471
     452
     405
     464
     451
     435
     441
     443
     438
     394
     440
     400
     413
     404
     394
     415
     404
     413
     375
     404
     404
     366
     396
     369
     338
     341
     341
     330
     289
     295
     326
     305
     288
     305
     290
     269
     285
     259
     241
     222
     252
     235
     246
     226
     222
     204
     207
     208
     212
     188
     196
     157
     183
     145
     191
     177
     142
     142
     140
     138
      99
     137
     111
     110
     120
      96
      98
      93
      91
      92
      87
     114
      80
      71
      58
      84
      56
      69
      54
      49
      57
      45
      40
      49
      38
      31
      35
      33
      30
      38
      27
      22
      18
      18
      22
      23
      17
      21
      16
      12
      26
      12
      16
      24
      12
      10
       5
      13
      15
       7
      10
       7
       3
       2
       6
       7
       7
       8
       2
       2
       2
       6
       8
       2
       6
       4
       4
       4
       5
       4
       2
       4
       3
       4
       4
       3
       2
       3
       2
       2
       1
       1
       4
       2
       3
       2
       1
       0
       3
       3
       0
       0
       1
       0
       2
       1
       0
       4
       3
       2
       4
       1
       4
       1
       0
       0
       1
       1
       2
       0
       1
       2
       1
       1
       3
       0
       0
       0
       0
       2
       1
       1
       1
       0
       0
       2
       0
       0
       0
       2
       3
       2
       2
       1
       1
       2
       2
       2
       1
       1
       3
       2
       1
       0
       4
       2
       0
       3
       0
       1
       0
       2
       1
       1
       1
       0
       1
       2
       0
       0
       1
       0
       2
       0
       0
       0
       1
       0
       2
       1
       0
       0
       2
       2
       3
       2
       2
       0
       2
       1
       3
       1
       3
       0
       2
       0
       1
       1
       2
       1
       2
       1
       0
       0
       1
       0
       1
       1
       0
       2
       1
       3
       0
       1
       0
       1
       3
       0
       2
       2
       1
       0
       3
       1
       1
       0
       2
       0
       0
       0
       0
       0
       3
       1
       0
       0
       1
       2
       1
       3
       0
       3
       2
       3
       1
       0
       1
       1
       1
       2
       0
       3
       0
       2
       1
       2
       0
       1
       0
       1
       0
       0
       4
       0
       1
       2
       1
       1
       1
       2
       1
       1
       1
       1
       2
       1
       0
       2
       1
       2
       1
       0
       0
       1
       1
       3
       2
       0
       1
       2
       3
       1
       0
       0
       0
       1
       0
       1
       0
       0
       1
       3
       2
       1
       1
       3
       3
       1
       0
       0
       1
       2
       2
       2
       0
       2
       0
       0
       0
       0
       1
       2
       0
       0
       0
       3
       0
       0
       0
       0
       1
       0
       1
       2
       4
       0
       2
       1
       0
       1
       0
       2
       1
       1
       1
       0
       0
       2
       0
       3
       0
       1
       0
       1
       0
       0
       2
       0
       0
       0
       0
       0
       0
       2
       1
       2
       1
       0
       1
       2
       0
       2
       0
       1
       0
       0
       0
       0
       0
       0
       2
       1
       4
       1
       1
       3
       1
       1
       0
       1
       1
       1
       1
       2
       1
       3
       2
       2
       0
       2
       1
       0
       0
       2
       2
       1
       1
       1
       2
       1
       0
       1
       2
       1
       2
       0
       0
       1
       0
       3
       1
       2
       1
       2
       1
       0
       1
       0
       0
       1
       2
       0
       0
       1
       0
       1
       1
       3
       0
       3
       0
       0
       0
       0
       1
       2
       1
       1
       2
       2
       0
       0
       0
       1
       1
       1
       0
       0
       2
       1
       0
       0
       3
       0
       0
       0
       1
       1
       1
       3
       0
       2
       0
       1
       4
       3
       1
       1
       1
       2
       1
       2
       1
       0
       2
       0
       3
       0
       1
       3
       1
       0
       1
       1
       2
       1
       1
       0
       0
       0
       0
       0
       3
       2
       2
       1
       1
       0
       2
       1
       1
       1
       1
       0
       1
       0
       1
       0
       0
       0
       1
       2
       0
       1
       1
       1
       2
       2
       0
       1
       2
       1
       1
       1
       0
       1
       0
       1
       0
       2
       0
       0
       1
       0
       0
       0
       0
       0
       0
       0
       0
       0
       0
       0
       0
       0
       0
       0
       0
       0
       0
       0
       0
       0
       0
       0
       0
       0
       0
       0
$ROI:
3
162 224
345 375
1311 1544
$PRESETS:
Live Time
1200
0
$ENER_FIT:
0.000000 0.359353
$MCA_CAL:
3
0.000000E+000 3.593530E-001 0.000000E+000 keV
$SHAPE_CAL:
3
0.000000E+000 0.000000E+000 0.000000E+000
