$SPEC_ID:
This is sample 138.
$SPEC_REM:
DET# 1
DETDESC# DIP1456 PCI-Trump SN 253
AP# Maestro Version 7.01
$DATE_MEA:
01/26/2025 22:01:55
$MEAS_TIM:
1200 1254
$DATA:
0 2047
       0
       0
       0
       0
       0
       0
       0
       0
       0
       0
       0
       0
       0
       0
       0
       0
       0
       2
       4
      10
       7
      10
      10
      14
      11
      23
      21
      25
      19
      16
      18
      19
      27
      30
      25
      35
      20
      41
      24
      36
      32
      37
      27
      33
      27
      31
      32
      35
      29
      34
      33
      28
      35
      31
      29
      25
      29
      31
      30
      29
      45
      31
      47
      29
      22
      27
      34
      34
      28
      30
      37
      35
      30
      34
      24
      32
      35
      29
      29
      35
      27
      28
      28
      36
      41
      34
      30
      39
      31
      37
      37
      39
      38
      33
      34
      39
      34
      34
      33
      33
      33
      32
      37
      36
      35
      28
      31
      28
      36
      25
      35
      32
      33
      33
      34
      29
      37
      31
      51
      42
      37
      36
      29
      37
      33
      34
      47
      21
      40
      41
      50
      39
      36
      25
      43
      29
      32
      33
      43
      26
      37
      27
      24
      30
      37
      33
      33
      33
      34
      32
      39
      30
      28
      43
      29
      31
      40
      35
      41
      36
      32
      42
      37
      35
      39
      25
      37
      34
      27
      36
      37
      24
      28
      30
      35
      38
      35
      33
      39
      33
      33
      30
      44
      39
      39
      35
      33
      40
      34
      38
      36
      41
      42
      31
      33
      41
      29
      26
      40
      28
      42
      31
      34
      41
      34
      33
      33
      42
      47
      42
      28
      36
      50
      40
      32
      33
      40
      47
      32
      39
      37
      41
      26
      39
      45
      35
      34
      33
      39
      45
      31
      33
      40
      33
      44
      42
      45
      39
      37
      35
      36
      33
      40
      34
      38
      28
      31
      35
      40
      36
      34
      41
      33
      39
      36
      44
      35
      30
      32
      35
      37
      40
      26
      35
      42
      39
      31
      25
      40
      33
      44
      41
      37
      37
      37
      31
      43
      40
      43
      33
      33
      23
      29
      51
      32
      37
      34
      33
      38
      34
      44
      45
      30
      23
      29
      25
      41
      40
      36
      31
      38
      39
      35
      28
      41
      40
      34
      38
      45
      45
      36
      40
      36
      39
      37
      35
      39
      21
      44
      36
      42
      45
      28
      34
      33
      41
      29
      30
      33
      34
      31
      33
      24
      36
      30
      27
      33
      38
      39
      31
      36
      39
      44
      33
      41
      26
      34
      36
      41
      33
      33
      35
      34
      29
      40
      39
      36
      43
      36
      44
      26
      33
      41
      37
      32
      43
      40
      42
      30
      25
      35
      34
      41
      30
      38
      36
      36
      29
      31
      41
      34
      46
      38
      32
      28
      38
      36
      44
      42
      30
      33
      47
      42
      47
      38
      35
      32
      41
      36
      42
      33
      42
      36
      33
      48
      22
      38
      41
      32
      39
      36
      37
      39
      34
      31
      31
      33
      39
      30
      31
      40
      34
      41
      38
      38
      40
      31
      36
      35
      31
      43
      26
      32
      36
      42
      39
      30
      30
      35
      40
      34
      42
      28
      51
      40
      24
      33
      34
      24
      39
      45
      32
      34
      33
      40
      44
      50
      37
      41
      35
      29
      28
      30
      46
      39
      34
      32
      35
      30
      28
      38
      37
      35
      50
      34
      41
      34
      42
      40
      39
      44
      41
      37
      44
      36
      39
      40
      25
      39
      21
      44
      54
      32
      41
      32
      34
      36
      38
      36
      37
      38
      44
      30
      46
      46
      35
      40
      34
      35
      37
      40
      55
      47
      32
      50
      43
      39
      44
      40
      37
      39
      25
      36
      33
      41
      46
      53
      35
      36
      39
      28
      45
      34
      40
      45
      32
      44
      33
      38
      30
      40
      42
      35
      52
      31
      42
      46
      37
      42
      37
      36
      47
      32
      30
      43
      35
      45
      35
      41
      45
      40
      54
      42
      30
      33
      32
      40
      42
      30
      44
      37
      38
      26
      47
      45
      46
      35
      39
      37
      38
      40
      49
      48
      40
      30
      35
      37
      39
      49
      25
      42
      35
      31
      24
      36
      43
      45
      41
      33
      40
      38
      39
      36
      31
      39
      34
      45
      30
      36
      40
      30
      34
      36
      34
      23
      43
      40
      30
      45
      40
      38
      32
      36
      40
      42
      27
      49
      30
      28
      29
      35
      38
      36
      31
      37
      33
      30
      50
      31
      44
      33
      30
      36
      43
      34
      33
      36
      42
      39
      40
      45
      34
      34
      35
      38
      18
      32
      36
      41
      31
      48
      41
      42
      40
      24
      34
      41
      39
      44
      31
      39
      30
      30
      38
      40
      38
      38
      32
      41
      38
      24
      36
      31
      25
      27
      38
      44
      36
      32
      48
      28
      41
      38
      33
      36
      29
      54
      37
      34
      43
      33
      26
      31
      32
      29
      42
      35
      36
      39
      30
      38
      36
      38
      37
      38
      29
      39
      35
      36
      30
      51
      32
      40
      44
      41
      41
      36
      38
      28
      44
      36
      36
      29
      37
      32
      33
      30
      38
      32
      45
      42
      33
      30
      32
      36
      36
      28
      33
      36
      40
      43
      46
      38
      39
      28
      46
      33
      40
      38
      41
      36
      29
      30
      29
      41
      35
      45
      46
      32
      46
      45
      36
      34
      30
      43
      43
      39
      33
      43
      39
      44
      45
      44
      46
      52
      30
      44
      46
      32
      49
      39
      45
      45
      46
      40
      48
      28
      52
      37
      40
      59
      50
      35
      40
      39
      37
      39
      46
      51
      45
      37
      30
      38
      37
      42
      35
      33
      47
      28
      49
      42
      35
      42
      38
      49
      53
      37
      40
      39
      41
      42
      51
      43
      40
      38
      29
      39
      40
      46
      34
      44
      39
      40
      38
      35
      46
      44
      51
      48
      35
      48
      39
      40
      35
      57
      45
      31
      47
      39
      35
      42
      40
      38
      46
      41
      37
      42
      39
      33
      44
      50
      41
      32
      43
      47
      45
      52
      43
      37
      51
      35
      40
      46
      43
      51
      32
      38
      29
      39
      34
      31
      48
      41
      26
      49
      52
      37
      32
      30
      38
      25
      29
      22
      40
      38
      29
      21
      30
      40
      27
      45
      40
      35
      36
      33
      26
      37
      32
      26
      22
      25
      26
      27
      33
      30
      28
      24
      23
      22
      25
      16
      24
      23
      20
      28
      25
      14
      23
      21
      13
      19
      18
      19
      27
      13
      11
      18
      18
      21
      17
      16
      21
       7
      19
      22
      23
      15
      12
      18
      13
      12
      11
      10
      16
      16
      17
      10
      17
      14
       7
      12
       6
      18
      11
       9
      13
      13
      12
      10
      16
       7
      16
      12
      17
      12
      17
       8
       9
       6
       7
      12
       8
       7
       6
       9
       7
      12
      12
      11
       9
       9
      10
       7
       8
      10
      10
       8
       7
       6
      10
       8
       6
      11
       6
       7
      10
       5
       6
      10
      11
       4
       9
       5
       9
       8
       8
       7
       2
       7
       8
       4
      10
       9
       7
       4
       4
      10
       4
       5
       7
      12
       6
       9
       9
       4
       6
       9
       3
       4
       4
       6
       4
       4
       4
       5
       4
       6
       3
       4
       6
       5
       5
       2
       6
       2
       8
       4
       3
       4
       5
       2
       2
       7
       6
       3
       5
       6
       2
       6
       7
       3
       5
       3
       2
       1
       2
       2
       5
       0
       6
       0
       3
       4
       3
       5
       1
       3
       4
       4
       5
       4
       3
       4
       6
       4
       1
       4
       3
       2
       3
       0
       2
       2
       2
       5
       1
       3
       2
       6
       2
       5
       2
       6
       2
       4
       5
       6
       2
       5
       5
       3
       4
       3
       6
       6
       7
       2
       4
       5
       3
       2
       5
       3
       4
       2
       4
       4
       0
       3
       6
       5
       4
       2
       3
       6
       2
       1
       3
       3
       1
       2
       3
       2
       2
       4
       3
       4
       4
       9
       4
       4
       5
       5
       3
       4
       6
       3
       2
       2
       1
       3
       6
       0
       6
       1
       2
       3
       4
       2
       4
       4
       3
       1
       3
       0
       3
       1
       2
       3
       2
       3
       2
       2
       3
       2
       4
       2
       5
       2
       4
       3
       4
       2
       3
       4
       1
       3
       2
       1
       4
       3
       3
       0
       6
       0
       3
       3
       3
       1
       6
       0
       3
       1
       1
       2
       3
       3
       3
       3
       3
       2
       4
       5
       3
       6
       4
       3
       5
       4
       3
       1
       5
       4
       3
       2
       6
       3
       4
       2
       2
       1
       4
       9
       7
       6
       6
       5
       2
       2
       4
       9
       3
       3
       4
       1
       4
       5
       9
       1
       3
       2
       4
       8
       7
       4
       7
       7
       5
       6
       4
       8
       7
       4
       7
       6
       6
      11
       7
       4
       8
      10
       8
      11
       7
      14
      12
      18
      14
      18
      21
      18
      13
      17
      18
      22
      15
      32
      25
      29
      32
      25
      41
      47
      43
      36
      47
      33
      49
      47
      54
      38
      43
      50
      56
      67
      77
      71
      66
      66
      84
     102
      78
      76
      95
     112
     113
     101
     110
     125
     112
     120
     136
     121
     167
     155
     145
     139
     138
     164
     155
     198
     175
     163
     203
     171
     217
     215
     239
     221
     254
     215
     230
     260
     272
     265
     274
     266
     288
     303
     309
     304
     281
     326
     332
     314
     306
     334
     379
     312
     353
     374
     361
     362
     373
     359
     366
     391
     364
     384
     413
     376
     433
     426
     416
     417
     446
     477
     429
     478
     417
     466
     462
     436
     451
     437
     435
     440
     471
     437
     445
     417
     476
     446
     459
     478
     455
     460
     448
     457
     460
     427
     440
     450
     419
     458
     449
     472
     464
     430
     442
     443
     393
     422
     388
     424
     384
     383
     392
     353
     359
     339
     352
     342
     337
     365
     335
     341
     340
     297
     310
     302
     256
     285
     269
     254
     260
     244
     243
     244
     217
     248
     202
     230
     227
     199
     178
     196
     173
     193
     176
     170
     180
     169
     138
     157
     134
     146
     114
     128
     157
     121
     123
     112
     113
     110
      93
      96
      93
      78
      81
      52
      88
      67
      61
      49
      50
      48
      50
      48
      52
      49
      47
      46
      23
      34
      26
      22
      26
      40
      26
      33
      31
      23
      27
      21
      23
      19
      15
      17
      14
      15
       8
       9
      10
      18
       7
      10
       7
       6
      11
       3
       6
       0
       8
       8
       4
       5
       6
       6
       4
       5
       3
       9
       5
       3
       3
       1
       0
       5
       3
       0
       3
       5
       1
       1
       2
       3
       2
       1
       4
       1
       3
       1
       1
       2
       1
       1
       0
       1
       1
       0
       0
       0
       4
       1
       1
       2
       1
       0
       2
       3
       0
       2
       2
       0
       2
       1
       0
       0
       2
       2
       1
       1
       1
       0
       0
       0
       1
       2
       1
       1
       1
       2
       2
       0
       0
       2
       0
       1
       0
       3
       2
       0
       2
       2
       1
       0
       2
       0
       0
       3
       0
       1
       2
       0
       0
       1
       0
       1
       4
       1
       0
       2
       1
       0
       1
       2
       1
       0
       1
       0
       0
       2
       1
       2
       0
       1
       0
       1
       0
       1
       3
       1
       0
       1
       2
       0
       2
       1
       1
       1
       1
       0
       2
       2
       4
       0
       2
       1
       0
       0
       0
       3
       3
       2
       1
       0
       2
       1
       0
       0
       1
       0
       0
       0
       4
       0
       1
       0
       1
       2
       1
       0
       0
       1
       0
       1
       0
       0
       2
       0
       3
       0
       1
       1
       1
       0
       0
       1
       0
       1
       1
       2
       1
       0
       1
       3
       0
       0
       1
       0
       0
       0
       1
       1
       0
       1
       0
       1
       2
       0
       1
       1
       1
       2
       1
       1
       2
       2
       2
       1
       1
       1
       0
       0
       0
       1
       0
       2
       0
       1
       1
       2
       2
       1
       1
       0
       1
       1
       1
       1
       2
       2
       2
       0
       1
       2
       2
       2
       3
       1
       0
       2
       0
       0
       1
       1
       0
       0
       0
       1
       0
       1
       0
       0
       1
       2
       0
       0
       1
       0
       0
       1
       0
       2
       2
       2
       1
       1
       0
       2
       0
       0
       1
       0
       2
       0
       0
       1
       0
       3
       0
       1
       1
       0
       1
       2
       1
       0
       1
       2
       0
       0
       2
       0
       0
       0
       1
       1
       0
       1
       2
       1
       0
       0
       1
       2
       1
       1
       0
       2
       1
       2
       1
       1
       2
       1
       2
       2
       2
       2
       0
       0
       0
       2
       0
       0
       1
       2
       2
       1
       0
       1
       1
       0
       3
       1
       0
       2
       0
       1
       1
       1
       1
       0
       3
       0
       2
       0
       1
       0
       0
       0
       0
       2
       0
       0
       1
       2
       3
       0
       0
       1
       1
       1
       1
       0
       1
       1
       0
       1
       3
       1
       0
       0
       1
       1
       1
       1
       0
       2
       2
       2
       1
       2
       0
       0
       1
       1
       0
       0
       0
       0
       0
       0
       1
       1
       3
       0
       1
       0
       0
       0
       1
       0
       0
       0
       0
       2
       0
       0
       0
       1
       1
       0
       1
       1
       1
       0
       1
       1
       0
       2
       0
       1
       1
       1
       0
       0
       1
       0
       1
       2
       1
       2
       0
       1
       1
       1
       3
       0
       0
       5
       0
       0
       1
       1
       1
       2
       1
       0
       1
       0
       0
       2
       2
       1
       1
       0
       0
       2
       0
       1
       1
       1
       2
       2
       1
       0
       0
       1
       0
       0
       3
       0
       4
       0
       0
       0
       0
       0
       0
       1
       0
       0
       1
       0
       0
       0
       0
       0
       0
       0
       0
       0
       0
       0
       0
       0
       0
       0
       0
       0
       0
       0
       0
       0
       0
$ROI:
3
162 224
345 375
1311 1544
$PRESETS:
Live Time
1200
0
$ENER_FIT:
0.000000 0.359353
$MCA_CAL:
3
0.000000E+000 3.593530E-001 0.000000E+000 keV
$SHAPE_CAL:
3
0.000000E+000 0.000000E+000 0.000000E+000
