$SPEC_ID:
This is sample 021.
$SPEC_REM:
DET# 1
DETDESC# DIP1456 PCI-Trump SN 253
AP# Maestro Version 7.01
$DATE_MEA:
01/25/2025 02:01:23
$MEAS_TIM:
1200 1254
$DATA:
0 2047
       0
       0
       0
       0
       0
       0
       0
       0
       0
       0
       0
       0
       0
       0
       0
       1
       2
       6
       4
       9
       9
       7
      14
      12
      13
      21
      20
      15
      23
      24
      31
      17
      27
      29
      38
      34
      34
      26
      29
      26
      39
      27
      28
      29
      24
      35
      30
      19
      24
      32
      25
      24
      31
      24
      31
      32
      37
      31
      43
      33
      21
      41
      31
      36
      28
      19
      26
      24
      32
      36
      32
      26
      33
      33
      31
      42
      39
      27
      29
      36
      25
      37
      26
      39
      22
      37
      36
      27
      31
      40
      41
      29
      36
      35
      31
      32
      38
      27
      33
      29
      24
      36
      41
      27
      38
      22
      30
      30
      28
      31
      33
      44
      37
      30
      36
      32
      28
      28
      47
      34
      28
      36
      40
      40
      46
      43
      31
      36
      41
      28
      32
      28
      27
      32
      31
      38
      28
      27
      37
      41
      41
      33
      29
      31
      30
      31
      42
      40
      42
      38
      30
      34
      36
      26
      33
      35
      46
      35
      41
      45
      40
      33
      33
      30
      33
      39
      25
      38
      32
      43
      27
      41
      24
      36
      34
      34
      39
      29
      30
      34
      34
      41
      44
      37
      39
      40
      33
      39
      36
      32
      32
      30
      38
      27
      55
      45
      30
      30
      46
      45
      37
      46
      36
      29
      42
      33
      35
      36
      41
      26
      40
      43
      33
      38
      36
      36
      48
      35
      39
      42
      35
      37
      37
      49
      22
      30
      35
      30
      42
      52
      24
      28
      41
      40
      39
      32
      32
      29
      36
      35
      52
      37
      41
      37
      32
      44
      30
      48
      42
      37
      34
      44
      23
      31
      38
      38
      31
      49
      44
      49
      36
      53
      40
      39
      47
      44
      28
      46
      33
      40
      44
      37
      20
      39
      32
      34
      30
      39
      47
      37
      37
      43
      35
      30
      38
      35
      29
      38
      35
      40
      34
      36
      28
      35
      31
      38
      41
      30
      34
      32
      50
      30
      39
      44
      37
      40
      41
      40
      45
      40
      28
      33
      41
      27
      36
      35
      32
      48
      34
      40
      37
      39
      43
      34
      37
      35
      39
      34
      49
      38
      42
      34
      45
      27
      38
      32
      36
      48
      44
      19
      42
      39
      49
      35
      48
      32
      45
      33
      30
      36
      44
      36
      32
      32
      41
      37
      27
      45
      37
      48
      51
      40
      39
      45
      39
      32
      35
      36
      43
      34
      32
      40
      30
      35
      42
      36
      39
      37
      37
      39
      32
      39
      37
      50
      31
      44
      34
      28
      28
      34
      36
      36
      28
      31
      47
      34
      33
      28
      53
      40
      40
      35
      50
      36
      29
      31
      39
      38
      38
      52
      40
      45
      34
      32
      38
      37
      53
      28
      45
      49
      36
      36
      34
      36
      69
      35
      33
      37
      43
      26
      42
      37
      41
      35
      42
      39
      35
      29
      25
      35
      37
      35
      39
      33
      28
      50
      44
      42
      38
      37
      38
      39
      35
      35
      37
      37
      40
      32
      48
      41
      39
      33
      38
      36
      36
      33
      49
      34
      43
      42
      40
      37
      43
      46
      37
      42
      31
      34
      31
      38
      30
      39
      28
      47
      43
      28
      35
      43
      43
      31
      35
      37
      40
      46
      42
      34
      35
      30
      42
      53
      43
      36
      37
      47
      38
      44
      31
      41
      62
      31
      49
      49
      38
      37
      49
      38
      42
      44
      44
      43
      38
      33
      38
      42
      34
      49
      29
      34
      38
      42
      47
      33
      43
      36
      39
      37
      38
      48
      29
      45
      31
      50
      47
      34
      28
      37
      39
      28
      48
      45
      41
      28
      29
      44
      46
      40
      36
      39
      48
      37
      42
      38
      30
      34
      39
      45
      53
      45
      45
      37
      38
      29
      40
      41
      34
      42
      51
      35
      39
      40
      34
      32
      42
      36
      55
      35
      62
      42
      39
      35
      45
      37
      29
      39
      40
      40
      33
      37
      37
      36
      47
      29
      34
      33
      36
      49
      28
      38
      44
      33
      50
      43
      35
      37
      29
      48
      38
      34
      36
      34
      34
      41
      31
      35
      44
      26
      38
      31
      35
      38
      46
      48
      27
      27
      45
      29
      35
      31
      47
      23
      32
      36
      42
      34
      36
      30
      40
      39
      39
      42
      44
      32
      26
      34
      41
      41
      33
      33
      35
      32
      31
      30
      49
      48
      36
      44
      34
      34
      39
      42
      39
      34
      32
      37
      25
      33
      26
      35
      35
      33
      27
      34
      36
      31
      39
      23
      27
      31
      53
      32
      26
      42
      34
      42
      40
      46
      34
      42
      32
      33
      31
      25
      46
      33
      33
      40
      35
      46
      23
      36
      35
      34
      33
      37
      35
      31
      40
      37
      29
      43
      31
      36
      41
      43
      42
      37
      36
      29
      41
      33
      42
      37
      31
      53
      38
      42
      33
      30
      39
      34
      33
      31
      31
      45
      37
      36
      31
      49
      37
      43
      44
      36
      53
      43
      25
      33
      35
      40
      51
      41
      32
      36
      43
      38
      29
      35
      35
      35
      45
      52
      61
      32
      46
      46
      41
      47
      38
      38
      34
      32
      25
      38
      44
      39
      34
      38
      36
      36
      39
      37
      30
      41
      49
      39
      31
      42
      32
      34
      49
      35
      38
      42
      29
      52
      46
      34
      40
      49
      35
      34
      42
      36
      47
      36
      41
      38
      33
      43
      42
      44
      42
      38
      32
      38
      51
      49
      45
      35
      44
      46
      51
      35
      35
      34
      51
      45
      39
      44
      26
      43
      38
      29
      38
      37
      33
      40
      40
      47
      47
      45
      37
      49
      42
      32
      34
      47
      51
      40
      47
      30
      41
      43
      51
      47
      41
      50
      30
      39
      45
      49
      34
      40
      48
      45
      41
      47
      39
      31
      42
      45
      40
      39
      57
      52
      47
      39
      37
      34
      45
      36
      45
      53
      40
      27
      38
      36
      33
      29
      31
      38
      38
      40
      33
      34
      40
      35
      30
      21
      36
      34
      31
      39
      35
      30
      33
      36
      32
      23
      29
      21
      30
      26
      23
      31
      31
      25
      26
      20
      25
      25
      23
      21
      21
      29
      27
      29
      22
      30
      22
      15
      26
      17
      29
      17
      12
      16
      17
      14
      18
      15
      15
      15
      19
      25
      15
      27
      18
      20
      17
      21
      20
      15
      13
      14
       8
       5
      10
      11
      10
       7
      20
      10
      14
      12
       9
      18
       7
       8
      10
      11
       9
       9
      16
       7
      15
       4
      17
      11
      17
      11
      12
       8
      10
      10
      10
      11
      11
       9
      10
       5
       8
      11
      10
      13
       5
       6
      14
      12
       7
       6
      15
       8
      13
       3
       6
      15
       7
       5
       6
       4
       8
       6
       8
       9
       5
      13
      14
       6
       9
      13
      11
       7
       6
       7
       7
       7
      10
       8
       8
       3
       2
       7
       4
      10
       7
       4
       4
       6
       5
       3
       8
       6
       5
       6
       4
       7
       8
       2
       8
       7
       6
       6
       2
       6
       3
       4
       7
       5
       4
       3
       3
      10
       4
       1
       4
      10
       4
       5
       3
       2
       4
       8
       2
       3
       6
       5
       5
       2
       4
       6
       3
       3
       3
       5
       3
       1
       4
       2
       4
       5
       8
       4
       5
       6
       3
       4
       5
       6
       5
       5
       4
       4
       3
       2
       5
       8
       3
       8
       3
       3
       8
       5
       1
       2
       1
       7
       4
       5
       5
       2
       2
       5
       3
       1
       4
       0
       4
       3
       1
       4
       4
       5
       2
       4
       1
       0
       1
       6
       4
       1
       3
       4
       2
       4
       4
       2
       1
       1
       5
       3
       5
       4
       5
       3
       4
       3
       6
       3
       5
       5
       5
       4
       4
       5
       4
       4
       2
       5
       4
       2
       2
       2
       6
       4
       1
       1
       4
       0
       3
       6
       4
       2
       2
       2
       2
       1
       4
       4
       5
       4
       2
       5
       2
       4
       1
       7
       3
       3
       8
       3
       4
       3
       0
       1
       7
       3
       2
       4
       4
       2
       1
       2
       0
       2
       5
       7
       2
       4
       1
       2
       3
       3
       4
       5
       2
       2
       2
       2
       4
       4
       5
       1
       1
       2
       2
       4
       4
       4
       2
       4
       0
       4
       2
       1
       3
       3
       6
       3
       3
       3
       7
       4
       6
       6
       7
       0
       2
       7
       3
       3
       2
       2
       3
       4
       5
       3
       6
       7
       5
       6
       2
       8
       6
       4
       7
       4
       4
       6
       5
       4
       5
       5
       5
       4
       8
       5
       6
       6
      10
      10
       5
       7
      10
      11
       7
      10
      14
      13
      14
      14
      10
      18
      16
      22
      17
      20
      18
      30
      24
      30
      33
      21
      32
      29
      29
      28
      47
      44
      34
      28
      49
      49
      37
      56
      67
      69
      74
      72
      77
      78
      77
      91
      96
      80
      81
     111
     107
     116
     129
     117
     113
     131
     117
     133
     120
     132
     162
     144
     114
     153
     164
     181
     171
     195
     201
     173
     205
     205
     242
     210
     231
     222
     234
     231
     235
     257
     255
     266
     263
     271
     274
     293
     279
     303
     289
     312
     296
     294
     352
     321
     310
     363
     349
     353
     361
     344
     373
     373
     394
     401
     436
     410
     416
     400
     402
     423
     413
     464
     396
     442
     440
     418
     425
     431
     442
     416
     477
     471
     436
     480
     477
     449
     420
     465
     476
     479
     479
     436
     414
     443
     476
     472
     446
     437
     457
     443
     449
     470
     423
     421
     415
     429
     448
     423
     421
     398
     414
     387
     416
     396
     416
     322
     346
     368
     322
     338
     351
     352
     357
     310
     324
     305
     290
     287
     296
     285
     262
     256
     257
     258
     251
     253
     228
     219
     223
     188
     210
     191
     205
     162
     175
     162
     177
     156
     154
     154
     125
     136
     134
     155
     114
     126
     126
     114
     114
      94
     114
     109
      99
      87
      97
      93
      62
      80
      70
      70
      56
      60
      51
      54
      56
      39
      42
      39
      33
      50
      43
      42
      38
      28
      30
      23
      25
      24
      33
      16
      17
      15
      16
      16
      16
      16
      10
      12
      13
      10
      11
      11
      10
      10
      13
       7
      12
       7
       5
       5
      11
       5
       6
       3
      11
       9
       0
       3
       6
       3
       5
       3
       6
       2
       1
       3
       2
       3
       1
       0
       5
       0
       2
       3
       5
       3
       3
       0
       1
       3
       1
       2
       2
       1
       3
       1
       4
       1
       2
       1
       0
       1
       2
       5
       1
       0
       2
       3
       1
       2
       2
       1
       3
       2
       3
       0
       0
       2
       0
       1
       0
       1
       1
       0
       0
       2
       0
       2
       3
       3
       1
       2
       1
       1
       1
       2
       3
       0
       1
       3
       5
       1
       0
       0
       1
       0
       1
       1
       2
       1
       0
       0
       1
       0
       0
       1
       1
       1
       0
       0
       2
       0
       2
       0
       1
       0
       0
       1
       0
       0
       1
       0
       0
       2
       1
       1
       0
       0
       0
       1
       1
       1
       1
       3
       1
       0
       0
       0
       1
       2
       0
       2
       0
       3
       2
       3
       2
       0
       1
       2
       1
       0
       2
       1
       0
       3
       2
       1
       0
       2
       2
       2
       1
       0
       1
       1
       1
       2
       0
       3
       1
       0
       2
       3
       0
       1
       4
       0
       1
       2
       0
       2
       1
       2
       0
       1
       3
       0
       0
       0
       0
       0
       1
       2
       1
       0
       1
       2
       1
       1
       0
       0
       3
       0
       1
       1
       0
       0
       0
       2
       2
       0
       0
       0
       0
       1
       0
       0
       1
       1
       0
       2
       2
       1
       1
       1
       2
       2
       1
       1
       1
       0
       3
       3
       0
       1
       2
       2
       1
       2
       2
       1
       0
       3
       0
       0
       0
       1
       0
       2
       5
       0
       0
       1
       0
       0
       1
       3
       1
       3
       1
       1
       1
       2
       0
       0
       0
       2
       1
       2
       1
       0
       1
       0
       1
       2
       1
       2
       2
       1
       0
       0
       1
       1
       2
       1
       2
       1
       2
       1
       1
       2
       0
       0
       0
       1
       1
       0
       1
       0
       0
       4
       3
       3
       1
       1
       1
       0
       0
       4
       1
       0
       1
       0
       2
       3
       1
       2
       0
       1
       1
       0
       0
       4
       0
       2
       2
       1
       2
       1
       2
       0
       2
       2
       1
       2
       2
       0
       0
       1
       0
       3
       0
       2
       2
       0
       1
       0
       2
       3
       2
       2
       0
       1
       1
       1
       0
       0
       1
       1
       0
       1
       0
       0
       1
       1
       1
       0
       2
       1
       1
       2
       1
       2
       0
       3
       0
       1
       0
       0
       3
       2
       0
       0
       0
       1
       2
       2
       1
       1
       1
       1
       4
       1
       1
       3
       2
       1
       0
       1
       2
       1
       2
       2
       2
       1
       0
       0
       0
       1
       0
       3
       1
       1
       1
       1
       1
       1
       0
       1
       2
       1
       1
       1
       1
       1
       1
       4
       2
       0
       0
       1
       0
       1
       0
       1
       2
       1
       2
       0
       2
       0
       0
       2
       1
       1
       0
       1
       1
       2
       0
       0
       0
       0
       1
       1
       0
       0
       0
       3
       1
       0
       2
       0
       1
       0
       0
       0
       1
       3
       2
       0
       1
       2
       0
       1
       1
       1
       0
       0
       0
       0
       1
       0
       0
       0
       2
       1
       1
       1
       0
       0
       0
       0
       0
       0
       0
       0
       0
       0
       0
       0
       0
       0
       0
       0
       0
       0
       0
       0
       0
       0
$ROI:
3
162 224
345 375
1311 1544
$PRESETS:
Live Time
1200
0
$ENER_FIT:
0.000000 0.359353
$MCA_CAL:
3
0.000000E+000 3.593530E-001 0.000000E+000 keV
$SHAPE_CAL:
3
0.000000E+000 0.000000E+000 0.000000E+000
