$SPEC_ID:
This is sample 080.
$SPEC_REM:
DET# 1
DETDESC# DIP1456 PCI-Trump SN 253
AP# Maestro Version 7.01
$DATE_MEA:
01/26/2025 00:12:56
$MEAS_TIM:
1200 1254
$DATA:
0 2047
       0
       0
       0
       0
       0
       0
       0
       0
       0
       0
       0
       0
       0
       0
       0
       0
       0
       2
       5
       4
       7
       1
      10
      17
      10
      12
      20
      24
      28
      35
      28
      29
      23
      24
      36
      23
      32
      28
      28
      27
      28
      32
      31
      26
      28
      25
      42
      34
      31
      31
      25
      36
      31
      31
      28
      38
      39
      26
      28
      32
      28
      30
      33
      38
      29
      32
      29
      32
      31
      28
      27
      37
      34
      29
      31
      30
      25
      34
      35
      38
      39
      40
      31
      34
      28
      44
      28
      41
      35
      33
      38
      27
      33
      31
      26
      35
      33
      34
      45
      37
      36
      38
      26
      32
      37
      33
      39
      36
      31
      29
      42
      38
      40
      28
      30
      25
      43
      22
      20
      32
      35
      20
      33
      35
      42
      26
      28
      38
      35
      41
      32
      30
      30
      39
      54
      40
      35
      28
      38
      35
      32
      28
      51
      28
      28
      30
      26
      34
      37
      38
      42
      40
      33
      28
      39
      39
      35
      34
      33
      36
      31
      32
      35
      39
      39
      30
      34
      44
      36
      35
      36
      35
      31
      26
      34
      42
      36
      36
      42
      37
      40
      23
      36
      41
      33
      40
      23
      41
      41
      44
      29
      46
      22
      35
      28
      39
      40
      36
      30
      33
      34
      33
      37
      36
      33
      34
      38
      30
      31
      35
      36
      39
      40
      44
      39
      41
      29
      28
      40
      31
      38
      27
      36
      44
      42
      37
      38
      29
      45
      28
      32
      37
      45
      47
      31
      33
      38
      33
      35
      29
      40
      35
      30
      49
      28
      39
      34
      43
      43
      34
      31
      49
      22
      29
      36
      36
      37
      36
      29
      34
      39
      41
      29
      30
      24
      29
      40
      37
      36
      35
      35
      36
      34
      42
      39
      43
      29
      36
      34
      40
      30
      27
      28
      37
      33
      31
      30
      47
      34
      37
      46
      29
      35
      29
      39
      41
      29
      33
      30
      38
      43
      39
      42
      38
      29
      52
      38
      38
      23
      46
      24
      46
      45
      32
      18
      30
      37
      42
      33
      46
      44
      38
      40
      30
      40
      36
      40
      38
      27
      33
      34
      33
      42
      40
      32
      37
      36
      38
      31
      26
      42
      32
      29
      46
      27
      43
      33
      40
      42
      32
      42
      41
      37
      37
      34
      31
      39
      48
      36
      24
      25
      41
      41
      19
      41
      34
      41
      32
      37
      25
      42
      33
      45
      40
      33
      23
      35
      33
      38
      32
      40
      28
      26
      41
      45
      36
      30
      43
      36
      35
      41
      27
      38
      41
      30
      43
      35
      28
      34
      36
      36
      52
      29
      35
      45
      39
      35
      46
      42
      40
      42
      34
      44
      38
      37
      40
      38
      34
      39
      34
      34
      39
      30
      36
      36
      35
      32
      41
      39
      48
      41
      39
      42
      29
      32
      33
      30
      40
      28
      34
      42
      30
      37
      35
      34
      43
      36
      34
      46
      40
      40
      35
      31
      34
      33
      42
      31
      29
      26
      25
      37
      38
      44
      32
      34
      39
      33
      42
      27
      36
      27
      36
      39
      48
      31
      34
      50
      42
      33
      37
      37
      36
      52
      50
      30
      28
      38
      48
      35
      45
      32
      43
      39
      40
      47
      38
      47
      38
      32
      37
      33
      46
      38
      36
      34
      37
      37
      40
      40
      37
      43
      45
      34
      38
      36
      39
      35
      31
      34
      36
      38
      41
      42
      35
      44
      35
      43
      44
      45
      38
      34
      32
      37
      47
      32
      36
      46
      36
      35
      44
      38
      42
      31
      38
      45
      39
      45
      38
      29
      45
      45
      44
      38
      41
      41
      34
      44
      42
      34
      54
      42
      37
      50
      32
      34
      42
      34
      40
      41
      37
      38
      33
      37
      40
      39
      31
      54
      46
      36
      45
      36
      33
      44
      36
      40
      37
      33
      39
      34
      42
      42
      45
      41
      46
      37
      43
      41
      41
      28
      36
      37
      33
      34
      38
      39
      44
      30
      44
      35
      48
      32
      41
      42
      33
      39
      36
      41
      42
      38
      41
      42
      29
      32
      30
      34
      42
      40
      34
      35
      42
      35
      47
      36
      34
      31
      36
      42
      51
      32
      31
      27
      38
      41
      49
      37
      49
      29
      40
      39
      30
      29
      37
      45
      27
      35
      36
      32
      37
      38
      42
      34
      34
      32
      38
      43
      47
      44
      44
      39
      40
      35
      36
      35
      42
      34
      35
      36
      32
      41
      38
      28
      26
      40
      45
      29
      42
      32
      34
      38
      30
      34
      42
      44
      44
      37
      27
      29
      28
      34
      33
      36
      39
      40
      41
      43
      37
      26
      35
      35
      44
      23
      26
      40
      36
      35
      37
      30
      31
      32
      41
      43
      40
      37
      37
      41
      40
      46
      34
      35
      42
      38
      30
      40
      35
      36
      33
      40
      35
      42
      41
      41
      35
      36
      33
      39
      42
      39
      33
      36
      35
      39
      41
      33
      34
      32
      35
      38
      47
      33
      25
      25
      37
      41
      33
      24
      39
      35
      47
      37
      54
      33
      42
      27
      42
      31
      36
      48
      39
      41
      41
      32
      53
      46
      32
      35
      43
      37
      32
      40
      42
      44
      31
      29
      29
      54
      42
      45
      34
      52
      40
      32
      45
      47
      48
      32
      40
      35
      34
      31
      53
      43
      40
      38
      50
      43
      39
      56
      47
      33
      45
      32
      49
      35
      46
      39
      55
      49
      42
      37
      37
      27
      35
      50
      34
      41
      43
      43
      51
      48
      34
      46
      40
      44
      39
      33
      35
      41
      44
      28
      49
      40
      41
      51
      45
      58
      41
      42
      38
      47
      45
      52
      47
      57
      51
      40
      38
      46
      29
      36
      37
      42
      49
      41
      41
      49
      41
      41
      46
      36
      42
      31
      50
      46
      28
      46
      41
      31
      49
      29
      33
      39
      36
      40
      34
      41
      39
      39
      38
      32
      35
      43
      39
      33
      38
      24
      30
      29
      30
      33
      46
      32
      36
      23
      24
      31
      23
      38
      30
      25
      25
      30
      31
      29
      23
      26
      19
      36
      21
      21
      12
      28
      25
      27
      16
      20
      22
      10
      27
      20
      21
      20
      22
      16
      16
      16
      15
      17
      21
      12
      15
      15
      16
      22
      14
      11
      12
      18
      11
      19
      10
      15
      14
      13
      17
      18
       9
       9
      11
      12
      13
      14
      14
      13
      11
      14
      14
      10
       8
      16
       9
      13
       5
       6
      10
      13
      10
       8
       9
      12
      12
       6
       7
      13
       6
       7
       9
      12
      14
       9
       5
      14
      11
      12
       6
      11
       6
       6
      15
       6
       7
       4
       3
      10
       6
       8
       6
       6
       3
       5
       5
       8
      11
       7
       8
       5
       7
       5
      10
       4
       9
       5
       7
       5
       6
       0
       4
       4
       5
       4
       8
       4
       7
      10
       6
       5
       7
       6
       3
      12
       5
      10
       8
       7
       6
      12
       6
       4
       8
       6
       5
       5
       9
       4
       6
       6
       3
       7
       6
       6
       2
       3
       9
       3
       4
       5
      11
       4
       8
       3
       7
       6
       4
       3
       3
       5
       7
       4
       4
       5
       2
       5
       6
       3
       6
       5
       5
       7
       4
       6
       5
       1
       6
       6
       2
       4
       8
       4
       2
       6
       4
       4
       6
       5
       6
       1
       4
       3
      10
       3
       2
       3
       3
       3
       4
       4
       3
       5
       4
       3
       4
       2
       2
       3
       4
       4
       6
       2
       7
       2
       3
       4
       4
       8
       6
       3
       4
       2
       6
       4
       1
       0
       3
       7
       2
       1
       3
       8
       5
       3
       3
       5
       5
       2
       7
       1
       4
       4
       4
       3
       3
       6
       3
       2
       2
       2
       4
       5
       5
       2
       1
       2
       1
       4
       0
       3
       2
       0
       2
       1
       2
       1
       4
       4
       5
       1
       2
       7
       6
       4
       2
       1
       4
       3
       3
       3
       0
       2
       6
       7
       1
       4
       4
       4
       3
       6
       1
       4
       5
       4
       1
       2
       1
       5
       1
       4
       3
       1
       2
       2
       2
       3
       4
       1
       0
       4
       2
       1
       2
       5
       1
       2
       5
       4
       3
       3
       7
       1
       7
       2
       5
       2
       4
       7
       8
       2
       5
       5
       3
       3
       2
       0
       3
       2
       1
       0
       2
       3
       4
       1
       3
       3
       4
       8
       2
       2
       2
       5
       6
       2
       1
       3
       2
       3
       2
       4
       6
       1
      10
       9
       4
       4
       2
       4
      12
       8
       3
      11
      11
       8
       6
      12
       9
       6
      11
      12
      21
      18
      15
      15
      13
      17
      12
      15
      17
      15
      17
      20
      20
      28
      17
      22
      27
      34
      31
      24
      34
      33
      36
      46
      45
      42
      44
      48
      49
      53
      53
      70
      68
      50
      68
      71
      82
      60
      94
      90
      74
      85
      91
     110
     101
      97
     103
     108
     118
     123
     128
     115
     144
     161
     145
     155
     163
     170
     158
     178
     185
     194
     209
     188
     182
     220
     226
     232
     251
     250
     235
     238
     256
     236
     248
     310
     303
     293
     272
     291
     301
     303
     313
     315
     359
     312
     370
     329
     361
     363
     381
     379
     375
     360
     390
     394
     399
     403
     396
     440
     405
     429
     443
     428
     445
     447
     409
     445
     428
     445
     441
     478
     469
     465
     441
     461
     498
     458
     471
     458
     463
     481
     454
     479
     482
     420
     466
     465
     454
     450
     456
     457
     436
     434
     407
     418
     424
     415
     421
     414
     443
     424
     412
     366
     362
     350
     363
     375
     377
     339
     336
     348
     321
     322
     327
     326
     325
     296
     299
     293
     268
     287
     241
     247
     267
     237
     222
     272
     260
     215
     222
     201
     219
     195
     169
     205
     202
     185
     181
     151
     163
     141
     125
     119
     140
     126
     126
     129
     107
     114
     111
     108
      92
      86
      77
      95
      83
      78
      78
      76
      42
      60
      47
      49
      64
      53
      49
      40
      54
      43
      55
      37
      28
      29
      27
      37
      24
      30
      28
      22
      25
      23
      23
      19
      15
      20
      20
      15
      12
       9
       7
      14
      15
      10
      10
      15
       9
       7
      10
      10
       9
       8
       9
       8
       2
       8
       2
       4
       7
       5
       2
       1
       4
       3
       4
       4
       2
       5
       7
       2
       4
       0
       4
       2
       3
       1
       0
       2
       2
       1
       0
       2
       1
       2
       1
       0
       1
       0
       0
       0
       2
       1
       2
       0
       0
       1
       1
       0
       1
       1
       2
       3
       1
       0
       1
       0
       1
       1
       3
       1
       0
       3
       1
       1
       1
       1
       2
       3
       2
       3
       1
       0
       0
       2
       1
       1
       4
       1
       3
       0
       0
       2
       0
       3
       0
       1
       0
       0
       1
       6
       1
       1
       1
       2
       4
       2
       1
       3
       1
       1
       2
       0
       3
       3
       3
       3
       1
       2
       3
       0
       1
       1
       0
       3
       1
       0
       1
       1
       0
       1
       2
       1
       4
       0
       0
       2
       0
       1
       1
       3
       1
       1
       3
       0
       2
       0
       0
       2
       1
       0
       3
       1
       1
       2
       0
       1
       1
       3
       0
       2
       2
       1
       0
       1
       0
       0
       1
       3
       0
       0
       1
       2
       0
       0
       0
       1
       1
       3
       1
       1
       3
       0
       1
       1
       0
       2
       2
       2
       1
       2
       0
       1
       0
       1
       1
       0
       3
       1
       2
       2
       2
       3
       1
       0
       2
       1
       1
       1
       0
       0
       2
       1
       2
       1
       0
       0
       0
       1
       3
       1
       1
       0
       1
       1
       2
       2
       0
       2
       1
       2
       0
       0
       0
       4
       0
       2
       0
       1
       0
       0
       1
       0
       3
       0
       0
       1
       1
       1
       1
       0
       1
       0
       0
       0
       1
       1
       1
       0
       1
       0
       5
       1
       2
       0
       2
       1
       0
       0
       3
       0
       1
       0
       0
       0
       0
       0
       2
       3
       3
       0
       0
       1
       1
       3
       0
       0
       0
       1
       0
       1
       3
       1
       0
       0
       0
       1
       1
       0
       1
       1
       1
       1
       0
       1
       1
       0
       2
       0
       0
       1
       1
       2
       0
       2
       1
       0
       0
       0
       2
       0
       0
       1
       0
       0
       2
       3
       3
       1
       1
       0
       0
       3
       1
       1
       1
       1
       2
       3
       0
       0
       1
       0
       0
       2
       2
       1
       2
       2
       1
       0
       1
       0
       1
       1
       2
       1
       0
       0
       2
       1
       2
       1
       1
       1
       0
       2
       1
       1
       0
       0
       0
       1
       0
       1
       2
       1
       1
       1
       1
       1
       1
       1
       1
       1
       1
       1
       1
       0
       0
       0
       1
       1
       2
       0
       1
       0
       1
       1
       2
       2
       0
       0
       0
       0
       1
       1
       1
       1
       1
       0
       1
       0
       1
       1
       0
       1
       0
       0
       0
       1
       1
       2
       1
       0
       1
       1
       0
       0
       0
       1
       4
       2
       1
       1
       1
       0
       0
       0
       0
       1
       1
       0
       0
       0
       0
       2
       1
       1
       0
       0
       0
       2
       0
       0
       0
       1
       2
       0
       0
       0
       1
       0
       0
       1
       0
       0
       0
       2
       1
       0
       2
       1
       1
       1
       0
       0
       1
       0
       1
       1
       1
       0
       1
       0
       1
       0
       0
       1
       0
       0
       0
       0
       0
       0
       0
       0
       0
       0
       0
       0
       0
       0
       0
       0
       0
       0
       0
       0
       0
       0
       0
       0
       0
$ROI:
3
162 224
345 375
1311 1544
$PRESETS:
Live Time
1200
0
$ENER_FIT:
0.000000 0.359353
$MCA_CAL:
3
0.000000E+000 3.593530E-001 0.000000E+000 keV
$SHAPE_CAL:
3
0.000000E+000 0.000000E+000 0.000000E+000
