$SPEC_ID:
This is sample 249.
$SPEC_REM:
DET# 1
DETDESC# DIP1456 PCI-Trump SN 253
AP# Maestro Version 7.01
$DATE_MEA:
01/28/2025 15:46:50
$MEAS_TIM:
1200 1253
$DATA:
0 2047
       0
       0
       0
       0
       0
       0
       0
       0
       0
       0
       0
       0
       0
       0
       0
       0
       1
       0
       5
       2
      14
      13
      20
      12
      15
      24
      24
      17
      22
      23
      28
      25
      27
      39
      29
      32
      25
      23
      25
      37
      27
      26
      22
      22
      37
      32
      37
      29
      39
      20
      32
      28
      27
      28
      27
      31
      30
      28
      27
      25
      35
      26
      30
      34
      32
      33
      32
      34
      23
      27
      29
      33
      26
      43
      27
      29
      34
      31
      36
      26
      31
      32
      45
      37
      32
      42
      28
      24
      39
      33
      33
      35
      28
      27
      32
      27
      37
      36
      34
      25
      42
      32
      32
      36
      28
      33
      27
      31
      25
      32
      34
      29
      42
      41
      38
      46
      38
      43
      30
      43
      30
      32
      22
      38
      32
      42
      31
      24
      40
      41
      42
      29
      32
      29
      43
      35
      40
      33
      34
      34
      39
      36
      37
      29
      40
      27
      29
      31
      36
      45
      32
      31
      35
      34
      31
      33
      29
      35
      35
      42
      36
      37
      33
      44
      26
      33
      31
      39
      28
      34
      31
      37
      44
      39
      37
      34
      40
      39
      36
      25
      33
      21
      48
      40
      35
      30
      35
      38
      42
      29
      39
      31
      26
      29
      28
      45
      42
      41
      37
      35
      43
      31
      46
      37
      36
      33
      31
      38
      34
      30
      40
      29
      40
      32
      36
      23
      33
      40
      27
      28
      35
      44
      40
      39
      33
      36
      43
      39
      30
      36
      31
      32
      44
      35
      40
      37
      40
      45
      28
      30
      32
      39
      39
      45
      37
      30
      42
      44
      44
      34
      45
      45
      29
      34
      44
      26
      41
      41
      30
      26
      34
      28
      36
      27
      42
      37
      42
      37
      37
      36
      39
      42
      34
      42
      39
      37
      29
      22
      43
      51
      32
      26
      53
      39
      33
      35
      32
      29
      49
      25
      25
      41
      33
      34
      35
      32
      29
      34
      41
      39
      35
      34
      26
      27
      24
      35
      32
      34
      37
      30
      43
      46
      39
      53
      32
      36
      21
      35
      37
      26
      24
      48
      28
      34
      32
      38
      39
      36
      36
      37
      41
      39
      37
      34
      23
      37
      41
      34
      28
      37
      42
      27
      39
      37
      31
      45
      40
      33
      27
      36
      34
      40
      36
      49
      41
      28
      44
      28
      26
      28
      25
      53
      40
      33
      32
      23
      28
      28
      38
      42
      37
      41
      37
      21
      46
      47
      45
      33
      35
      29
      35
      37
      40
      45
      36
      49
      37
      44
      28
      29
      28
      32
      34
      32
      46
      40
      41
      33
      26
      25
      30
      45
      30
      34
      40
      24
      40
      31
      38
      40
      41
      26
      36
      46
      28
      39
      44
      38
      46
      35
      47
      36
      33
      29
      39
      45
      47
      39
      35
      32
      32
      31
      34
      43
      28
      43
      26
      22
      24
      37
      26
      37
      46
      35
      29
      38
      36
      33
      36
      36
      46
      36
      32
      44
      35
      36
      36
      40
      39
      33
      36
      43
      39
      39
      24
      35
      27
      45
      34
      36
      48
      35
      33
      37
      45
      32
      50
      38
      44
      36
      36
      37
      44
      39
      42
      40
      36
      36
      21
      42
      31
      38
      38
      46
      38
      44
      39
      41
      46
      36
      31
      44
      36
      34
      48
      49
      38
      32
      37
      34
      56
      52
      43
      48
      32
      46
      35
      46
      47
      48
      42
      41
      41
      40
      32
      46
      39
      48
      47
      40
      48
      43
      31
      35
      43
      38
      29
      41
      34
      43
      53
      35
      40
      47
      37
      36
      48
      40
      41
      40
      39
      39
      33
      39
      45
      52
      51
      36
      39
      41
      44
      31
      42
      32
      32
      46
      46
      36
      51
      38
      52
      47
      25
      43
      38
      37
      46
      31
      52
      42
      36
      29
      33
      27
      34
      45
      27
      38
      28
      22
      44
      43
      31
      29
      39
      39
      40
      49
      30
      35
      29
      48
      37
      33
      34
      32
      37
      39
      39
      34
      32
      33
      41
      28
      31
      35
      37
      34
      39
      45
      39
      29
      26
      24
      40
      36
      30
      49
      32
      33
      34
      39
      36
      32
      40
      36
      45
      38
      28
      32
      46
      40
      52
      47
      43
      28
      43
      42
      27
      38
      44
      31
      45
      31
      35
      34
      28
      47
      29
      34
      35
      41
      29
      38
      41
      23
      47
      25
      34
      49
      40
      32
      39
      31
      28
      31
      34
      39
      29
      32
      33
      33
      38
      37
      33
      39
      37
      33
      48
      42
      35
      36
      29
      38
      39
      27
      26
      34
      29
      40
      32
      30
      40
      40
      32
      34
      35
      38
      34
      33
      33
      40
      30
      40
      35
      31
      41
      37
      45
      30
      42
      55
      36
      25
      24
      43
      26
      43
      37
      35
      36
      32
      42
      37
      33
      40
      29
      38
      40
      38
      43
      34
      34
      38
      48
      40
      38
      45
      43
      30
      38
      44
      52
      39
      40
      30
      45
      56
      38
      48
      32
      35
      35
      44
      40
      35
      36
      38
      28
      34
      39
      30
      38
      45
      44
      39
      42
      28
      28
      29
      36
      36
      46
      38
      40
      37
      32
      45
      47
      27
      37
      42
      26
      43
      32
      37
      38
      47
      39
      43
      45
      48
      45
      32
      35
      39
      34
      42
      49
      50
      50
      47
      50
      39
      33
      33
      39
      22
      35
      39
      39
      35
      60
      39
      43
      50
      43
      44
      50
      43
      44
      44
      38
      40
      48
      47
      48
      36
      43
      39
      44
      41
      35
      42
      35
      38
      34
      50
      52
      48
      42
      47
      43
      42
      34
      32
      37
      40
      41
      58
      53
      44
      39
      41
      43
      35
      36
      41
      51
      44
      53
      45
      42
      39
      36
      40
      44
      25
      38
      36
      44
      47
      46
      33
      39
      34
      39
      30
      41
      50
      47
      31
      31
      34
      34
      36
      38
      28
      35
      36
      28
      40
      28
      46
      50
      34
      33
      27
      35
      27
      38
      34
      26
      30
      23
      38
      37
      19
      22
      24
      25
      32
      19
      29
      23
      24
      38
      26
      21
      17
      17
      23
      23
      26
      25
      28
      23
      17
      22
      18
      16
      15
      13
      22
      23
      19
      16
      30
      18
      17
      10
      19
      13
      14
      16
      21
      16
      14
      12
      10
       7
      12
      15
      14
      12
       9
      19
      14
      15
      12
      13
       9
       6
      18
      12
       9
      11
      10
       9
      10
      14
       8
      10
      10
      10
       6
       6
       3
      11
      14
      11
       5
       5
      13
      11
      10
      10
       7
       4
      15
       9
       9
       9
       1
      10
       9
       4
       8
       6
       7
       9
      10
      12
      10
      11
       4
       5
      11
       7
       7
       5
       9
       8
       8
       6
       7
       9
       4
       7
       6
       8
       7
       6
       9
       5
       7
       8
       4
       5
       4
       7
       5
       6
       7
       3
       8
       7
       3
       8
       4
       7
       8
       6
       6
       5
       3
       5
       8
       2
       6
       3
       3
       3
       2
       4
       1
       3
       2
       6
       6
       3
       6
       6
       3
       3
       4
       1
       2
       4
       2
       8
       3
       3
       9
       4
       5
       5
       5
       6
       5
       3
       3
       3
       1
       3
       7
       2
       5
       3
       4
       3
       6
       3
       6
       6
       2
       6
       2
       5
       3
       6
       1
       4
       4
       2
       3
       4
       6
       8
       2
       4
       5
       1
       3
       5
       2
       8
       4
       4
       7
       4
       5
       4
       2
       6
       2
       6
       7
       6
       3
       5
       5
       0
       6
       3
       2
       1
       6
       0
       3
       3
       3
       3
       3
       4
       2
       4
       2
       1
       2
       2
       5
       3
       3
       0
       2
       3
       1
       3
       5
       3
       3
       3
       2
       5
       4
       4
       2
       3
       1
       6
       4
       2
       3
       1
       4
       4
       3
       2
       4
       1
       1
       5
       3
       5
       6
       5
       4
       1
       2
       5
       1
       2
       4
       1
       2
       2
       3
       2
       4
       2
       1
       6
       1
       6
       4
       6
       0
       4
       2
       3
       0
       4
       2
       0
       7
       3
       1
       5
       1
       3
       3
       3
       4
       5
       3
       4
       5
       4
       4
       0
       3
       2
       3
       6
       3
       4
       9
       4
       3
       4
       3
       2
       5
       5
       2
       0
       1
       1
       2
       5
       1
       4
       4
       3
       1
       2
       2
       4
       5
       7
       3
       4
       5
       6
       6
       5
       4
       3
       7
       3
       6
       4
       3
       5
       8
       4
       8
       7
       6
       7
       5
       8
       9
       6
       6
      10
      11
      10
      14
      10
      13
       9
      13
      10
      15
      16
      11
      24
      17
      19
      24
      17
      17
      12
      20
      26
      30
      28
      34
      40
      32
      27
      33
      34
      41
      45
      46
      71
      47
      46
      66
      53
      68
      78
      76
      64
      67
      68
     108
      92
      83
      89
      75
     106
     111
     111
     114
     124
     151
     127
     126
     108
     152
     164
     136
     172
     157
     174
     171
     164
     187
     225
     219
     220
     214
     210
     207
     209
     232
     222
     238
     235
     247
     248
     262
     298
     280
     290
     301
     296
     319
     358
     342
     346
     354
     332
     345
     348
     337
     396
     382
     373
     409
     392
     390
     371
     384
     408
     393
     408
     433
     442
     459
     466
     471
     469
     453
     441
     442
     472
     442
     476
     444
     442
     448
     481
     465
     450
     442
     474
     480
     479
     450
     436
     429
     468
     413
     422
     431
     479
     451
     432
     422
     409
     449
     435
     417
     429
     426
     396
     403
     386
     389
     377
     376
     358
     391
     374
     345
     355
     329
     329
     323
     356
     322
     304
     296
     279
     303
     309
     290
     274
     297
     257
     244
     238
     241
     236
     250
     223
     206
     219
     206
     215
     181
     198
     171
     165
     155
     151
     153
     147
     152
     141
     121
     126
     146
      99
     116
     101
      96
     111
      80
      80
      88
      90
      83
      74
      76
      80
      70
      59
      54
      47
      46
      59
      50
      55
      33
      40
      40
      35
      41
      36
      32
      27
      32
      25
      26
      19
      16
      20
      20
      10
      19
      14
      13
      11
      14
      16
      11
      10
       6
      12
      14
      11
       8
       8
       5
       8
       7
       8
       1
       2
       6
       3
       3
       7
       3
       2
       5
       6
       3
       4
       2
       2
       0
       3
       3
       1
       4
       2
       2
       4
       1
       4
       5
       2
       1
       1
       3
       6
       2
       2
       0
       1
       1
       1
       1
       3
       1
       2
       2
       1
       1
       2
       0
       2
       0
       0
       1
       3
       1
       0
       1
       4
       0
       1
       1
       1
       1
       4
       2
       2
       3
       1
       2
       2
       1
       0
       0
       1
       0
       5
       2
       1
       1
       2
       0
       0
       1
       0
       1
       0
       4
       2
       1
       1
       1
       0
       2
       0
       2
       1
       0
       3
       4
       0
       1
       2
       1
       0
       0
       0
       1
       1
       1
       3
       2
       1
       1
       3
       2
       3
       1
       2
       1
       1
       2
       2
       1
       3
       1
       1
       0
       0
       1
       3
       1
       2
       0
       3
       3
       1
       2
       2
       2
       0
       1
       1
       2
       1
       1
       0
       0
       0
       0
       0
       1
       1
       2
       0
       0
       1
       0
       0
       0
       1
       0
       2
       1
       0
       0
       2
       2
       1
       3
       1
       3
       3
       1
       1
       2
       1
       1
       0
       0
       0
       2
       1
       1
       2
       1
       1
       4
       0
       3
       0
       3
       1
       3
       1
       3
       3
       1
       1
       0
       2
       2
       1
       1
       0
       0
       0
       0
       2
       1
       1
       1
       2
       1
       1
       0
       0
       0
       0
       0
       1
       0
       0
       1
       0
       1
       3
       0
       0
       3
       0
       0
       1
       0
       1
       2
       0
       0
       0
       1
       3
       0
       0
       1
       2
       0
       1
       1
       1
       0
       0
       1
       1
       0
       1
       2
       0
       1
       1
       0
       1
       1
       0
       1
       1
       0
       0
       1
       0
       1
       2
       0
       1
       1
       1
       1
       1
       3
       1
       3
       2
       0
       0
       0
       0
       1
       1
       1
       3
       0
       2
       1
       1
       0
       2
       0
       0
       0
       0
       2
       1
       0
       1
       1
       1
       1
       1
       3
       0
       1
       1
       2
       0
       0
       2
       1
       1
       0
       0
       0
       0
       2
       2
       2
       0
       0
       1
       2
       1
       1
       2
       1
       1
       1
       2
       1
       1
       1
       0
       1
       0
       0
       1
       0
       1
       1
       1
       2
       2
       0
       1
       1
       3
       0
       1
       0
       1
       1
       4
       0
       0
       0
       0
       1
       1
       2
       1
       3
       0
       0
       0
       1
       1
       2
       1
       1
       2
       0
       2
       2
       0
       2
       0
       1
       1
       3
       0
       1
       0
       1
       0
       0
       2
       0
       0
       0
       0
       1
       1
       0
       0
       3
       0
       0
       1
       1
       2
       2
       2
       0
       1
       4
       1
       0
       0
       2
       0
       1
       1
       1
       1
       0
       0
       0
       2
       0
       1
       3
       2
       1
       1
       0
       1
       1
       0
       1
       1
       1
       0
       0
       3
       3
       2
       0
       2
       0
       2
       0
       2
       0
       1
       0
       1
       0
       0
       1
       2
       0
       0
       2
       2
       0
       1
       0
       1
       1
       3
       1
       0
       1
       2
       0
       0
       2
       1
       2
       1
       1
       2
       1
       0
       0
       1
       0
       1
       1
       0
       1
       1
       0
       1
       0
       1
       0
       0
       0
       0
       0
       0
       0
       0
       0
       0
       0
       0
       0
       0
       0
       0
       0
$ROI:
3
162 224
345 375
1311 1544
$PRESETS:
Live Time
1200
0
$ENER_FIT:
0.000000 0.359353
$MCA_CAL:
3
0.000000E+000 3.593530E-001 0.000000E+000 keV
$SHAPE_CAL:
3
0.000000E+000 0.000000E+000 0.000000E+000
