$SPEC_ID:
This is sample 140.
$SPEC_REM:
DET# 1
DETDESC# DIP1456 PCI-Trump SN 253
AP# Maestro Version 7.01
$DATE_MEA:
01/26/2025 22:47:03
$MEAS_TIM:
1200 1253
$DATA:
0 2047
       0
       0
       0
       0
       0
       0
       0
       0
       0
       0
       0
       0
       0
       0
       0
       0
       2
       3
       3
       4
       7
       4
       5
      14
      21
      19
      22
      34
      25
      27
      28
      18
      23
      25
      30
      29
      36
      30
      34
      30
      29
      26
      28
      34
      23
      20
      45
      31
      25
      38
      39
      23
      33
      24
      36
      35
      31
      41
      38
      28
      22
      30
      40
      32
      26
      41
      34
      34
      46
      26
      31
      30
      40
      34
      36
      34
      27
      34
      27
      37
      31
      38
      27
      27
      32
      30
      34
      24
      20
      25
      41
      32
      32
      26
      35
      36
      26
      34
      29
      31
      38
      34
      34
      34
      35
      29
      23
      42
      38
      33
      38
      43
      40
      37
      37
      43
      36
      32
      43
      29
      35
      40
      28
      51
      42
      26
      39
      30
      30
      31
      28
      31
      34
      37
      37
      36
      40
      36
      30
      40
      28
      43
      28
      33
      38
      34
      31
      43
      37
      29
      42
      40
      35
      41
      31
      37
      37
      38
      37
      41
      23
      41
      38
      41
      34
      48
      40
      31
      32
      38
      23
      37
      40
      25
      44
      40
      31
      34
      29
      33
      45
      36
      23
      29
      53
      39
      41
      36
      34
      36
      46
      29
      43
      26
      35
      38
      29
      26
      32
      37
      33
      36
      45
      36
      41
      43
      32
      34
      29
      26
      46
      37
      46
      33
      37
      38
      35
      25
      32
      44
      33
      26
      43
      32
      36
      32
      31
      38
      40
      38
      32
      35
      31
      38
      32
      42
      43
      42
      32
      31
      42
      28
      38
      43
      33
      33
      36
      48
      38
      37
      34
      45
      36
      34
      28
      32
      23
      33
      28
      46
      45
      22
      44
      41
      40
      49
      51
      46
      34
      47
      36
      34
      40
      29
      41
      43
      36
      34
      51
      40
      32
      46
      39
      42
      43
      35
      37
      33
      40
      31
      37
      35
      42
      34
      30
      29
      40
      31
      31
      33
      23
      34
      38
      47
      40
      39
      38
      35
      31
      36
      30
      37
      27
      36
      38
      36
      41
      32
      36
      41
      42
      45
      26
      40
      36
      48
      30
      37
      36
      38
      40
      28
      29
      38
      43
      27
      50
      32
      42
      41
      25
      42
      45
      40
      47
      24
      30
      37
      28
      24
      31
      40
      38
      32
      34
      32
      44
      38
      34
      45
      39
      44
      37
      37
      47
      36
      37
      55
      39
      38
      39
      35
      39
      43
      47
      29
      36
      30
      31
      28
      35
      31
      24
      31
      36
      36
      40
      40
      35
      39
      43
      37
      39
      40
      24
      35
      42
      30
      35
      36
      42
      41
      40
      36
      33
      28
      33
      37
      48
      36
      32
      36
      29
      35
      43
      44
      32
      43
      22
      41
      38
      36
      30
      41
      41
      38
      42
      36
      45
      36
      50
      34
      43
      51
      38
      44
      40
      40
      38
      41
      35
      36
      41
      29
      39
      41
      37
      47
      47
      39
      40
      33
      29
      40
      46
      30
      44
      35
      32
      38
      39
      39
      33
      32
      44
      38
      38
      40
      48
      44
      37
      40
      35
      31
      21
      35
      42
      44
      38
      35
      39
      46
      29
      33
      36
      43
      29
      33
      37
      54
      42
      41
      41
      34
      33
      43
      41
      48
      50
      43
      55
      43
      44
      32
      52
      46
      41
      50
      42
      32
      44
      46
      55
      41
      39
      42
      40
      37
      44
      47
      41
      43
      40
      37
      47
      33
      44
      40
      38
      44
      43
      31
      47
      33
      42
      47
      37
      39
      41
      41
      46
      50
      44
      37
      43
      40
      43
      35
      42
      36
      37
      39
      38
      33
      36
      33
      31
      48
      40
      46
      39
      40
      34
      37
      38
      31
      46
      49
      47
      50
      44
      44
      35
      35
      33
      43
      38
      43
      39
      37
      37
      39
      44
      35
      49
      38
      42
      47
      31
      54
      31
      27
      33
      45
      45
      39
      38
      34
      37
      43
      42
      36
      39
      34
      37
      39
      39
      42
      37
      38
      37
      40
      38
      44
      36
      38
      36
      31
      34
      44
      37
      36
      39
      51
      39
      40
      31
      41
      30
      34
      39
      40
      41
      30
      35
      32
      34
      38
      35
      39
      45
      26
      46
      28
      35
      28
      42
      31
      37
      34
      40
      41
      42
      33
      32
      25
      27
      41
      26
      31
      26
      26
      30
      22
      45
      36
      26
      32
      42
      39
      40
      28
      38
      43
      31
      44
      39
      30
      38
      35
      34
      46
      31
      31
      42
      30
      38
      34
      29
      34
      39
      42
      38
      40
      42
      39
      25
      33
      24
      33
      44
      35
      34
      28
      33
      31
      28
      38
      35
      32
      35
      29
      31
      42
      40
      36
      49
      28
      33
      28
      36
      52
      29
      31
      31
      47
      40
      36
      36
      23
      38
      44
      37
      38
      43
      35
      32
      32
      36
      37
      40
      41
      36
      37
      33
      32
      25
      41
      38
      43
      49
      31
      25
      28
      35
      42
      46
      25
      36
      39
      43
      37
      33
      28
      28
      36
      24
      36
      36
      48
      41
      38
      44
      38
      43
      42
      43
      31
      44
      30
      30
      36
      34
      33
      43
      35
      37
      39
      38
      41
      45
      33
      37
      38
      48
      38
      38
      34
      37
      33
      27
      52
      43
      45
      48
      44
      41
      35
      50
      38
      40
      40
      32
      38
      37
      47
      55
      37
      26
      35
      34
      38
      37
      41
      46
      42
      49
      43
      35
      36
      42
      36
      37
      37
      33
      34
      48
      46
      37
      43
      42
      37
      35
      36
      40
      36
      40
      43
      44
      46
      40
      46
      30
      43
      31
      38
      45
      35
      40
      35
      50
      44
      42
      33
      51
      38
      42
      44
      56
      39
      56
      54
      51
      32
      32
      45
      39
      40
      43
      47
      36
      40
      40
      33
      35
      40
      46
      42
      38
      41
      41
      44
      38
      46
      41
      45
      34
      36
      38
      46
      41
      35
      44
      32
      41
      35
      24
      28
      28
      30
      37
      36
      42
      33
      31
      30
      21
      37
      28
      34
      24
      24
      27
      20
      30
      24
      25
      20
      23
      24
      24
      18
      22
      20
      26
      17
      23
      26
      29
      18
      18
      26
      15
      15
      13
      14
      23
      21
      11
      22
      15
      19
      14
      17
      13
      22
      18
      17
       8
      14
      12
      11
      14
      27
       7
      13
      19
      10
      13
      13
      11
      14
      14
       7
      15
      16
       8
      15
      14
       7
      12
      13
      17
       9
      12
       7
       8
       9
      12
      12
       9
      10
      14
      10
      13
       8
       8
       8
      12
       7
      10
       9
      10
       7
      12
       3
      14
       3
       5
       6
       8
       6
       8
       6
      10
       9
      10
       6
       3
       4
       7
       7
       5
      13
       3
       8
       3
       5
      13
       7
       7
      11
       5
       8
       7
       9
       8
       7
       9
       6
       8
       5
       0
       5
       6
       7
       9
       5
       4
       5
       4
       5
       6
       8
       8
       8
       2
       3
       7
       2
       5
       3
       7
       4
       7
       4
       3
       6
       4
       5
       7
       4
       3
       4
       4
       5
       4
       3
       5
       4
       2
       6
       4
       8
       3
       4
       3
       2
       5
       3
       5
       3
       3
       2
       5
       4
       5
       2
       5
       1
       4
       6
       2
       0
       3
       1
       3
       4
       3
       2
       4
       3
       2
       1
       2
       4
       5
       5
       3
       7
       5
       7
       2
       4
       3
       3
       4
       5
       4
       7
       1
       2
       2
       3
       5
       1
       7
       5
       6
       6
       3
       4
       5
       7
       2
       2
       3
       8
       4
       3
       2
       5
       3
       4
       2
       3
       3
       4
       4
       3
       3
       2
       4
       5
       4
       5
       4
       1
       3
       5
       7
       5
       3
       3
       7
       2
       5
       7
       2
       5
       2
       4
       2
       4
       7
       2
       5
       6
       4
       5
       5
       3
       2
       4
       3
       1
       4
       7
       2
       2
       4
       0
       4
       6
       3
       3
       2
       5
       6
       5
       5
       3
       3
       4
       4
       5
       2
       1
       6
       8
       4
       4
       2
       4
       6
       4
       0
       4
       2
       2
       4
       2
       4
       2
       0
       4
       2
       6
       2
       5
       3
       3
       1
       2
       8
       1
       5
       2
       2
       0
       5
       3
       5
       4
      10
       2
       4
       7
       3
       6
       2
       2
       4
       2
       2
       2
       4
       4
       7
       4
       7
       2
       5
       3
       9
       1
       5
       4
       4
       9
       6
       6
       5
       5
       3
       7
       8
       7
       4
       6
       6
      11
       5
      10
       7
      10
       7
       5
      16
       7
      14
      12
       7
      13
      16
      16
      10
      15
       9
      16
      20
      26
      17
      16
      22
      20
      20
      32
      26
      25
      26
      34
      29
      31
      42
      45
      46
      35
      51
      48
      52
      50
      53
      78
      44
      68
      66
      71
      70
      85
      82
      82
     104
      80
      94
     104
     116
     115
     115
     100
     131
     120
     132
     152
     138
     151
     178
     156
     159
     156
     159
     169
     176
     214
     179
     182
     208
     221
     253
     244
     248
     241
     255
     260
     275
     267
     289
     296
     302
     267
     297
     309
     344
     318
     340
     337
     338
     349
     373
     375
     397
     369
     363
     394
     372
     406
     375
     411
     411
     419
     421
     428
     382
     432
     445
     442
     439
     425
     422
     462
     450
     421
     440
     422
     477
     482
     458
     451
     461
     459
     477
     434
     419
     437
     475
     461
     477
     480
     446
     483
     432
     446
     414
     465
     437
     454
     455
     432
     454
     401
     390
     406
     388
     412
     365
     411
     367
     372
     361
     386
     359
     350
     326
     311
     330
     313
     348
     296
     301
     281
     326
     262
     297
     234
     275
     254
     245
     244
     242
     235
     238
     232
     190
     232
     196
     210
     197
     184
     176
     175
     176
     149
     140
     188
     147
     151
     142
     133
     128
     120
     106
     103
      98
      98
      77
      85
      70
      94
      83
      97
      67
      74
      76
      52
      76
      63
      51
      51
      31
      45
      51
      31
      47
      42
      38
      24
      36
      31
      23
      31
      24
      25
      19
      15
      22
      23
      16
      21
      16
      19
      14
       9
      22
      14
      16
       7
       8
       9
      11
      10
      11
       7
       9
       3
       5
       6
       2
       4
       6
       2
       6
       7
      10
       4
       4
       2
       2
       4
       2
       1
       2
       1
       1
       2
       0
       4
       2
       0
       1
       1
       0
       1
       2
       1
       2
       0
       1
       6
       1
       0
       1
       4
       1
       1
       1
       0
       1
       1
       0
       0
       1
       1
       2
       1
       1
       2
       2
       0
       1
       1
       4
       3
       2
       2
       4
       0
       1
       2
       2
       2
       2
       0
       2
       0
       2
       1
       0
       2
       3
       0
       0
       3
       3
       0
       1
       2
       1
       1
       1
       1
       3
       0
       1
       1
       1
       0
       1
       0
       0
       1
       1
       3
       1
       1
       1
       1
       0
       1
       1
       1
       0
       2
       1
       2
       0
       2
       1
       0
       0
       1
       0
       1
       1
       0
       1
       0
       2
       0
       2
       0
       0
       2
       1
       5
       1
       0
       1
       0
       0
       0
       1
       0
       0
       0
       2
       1
       1
       1
       1
       1
       3
       0
       1
       0
       2
       2
       1
       1
       2
       0
       3
       2
       0
       1
       2
       1
       1
       1
       1
       1
       2
       0
       0
       2
       0
       2
       1
       3
       0
       2
       1
       1
       0
       1
       1
       1
       1
       1
       0
       1
       2
       1
       2
       2
       2
       0
       0
       1
       0
       1
       1
       0
       1
       2
       3
       1
       4
       1
       2
       2
       2
       2
       0
       0
       0
       1
       1
       0
       1
       1
       0
       2
       0
       1
       1
       0
       0
       1
       1
       0
       0
       0
       0
       2
       1
       0
       0
       0
       0
       2
       0
       0
       1
       0
       0
       0
       1
       1
       0
       2
       1
       1
       0
       2
       0
       2
       0
       4
       0
       1
       0
       3
       1
       1
       3
       1
       3
       2
       0
       3
       1
       0
       0
       3
       1
       2
       0
       0
       0
       1
       1
       0
       0
       2
       0
       0
       2
       0
       1
       0
       1
       1
       0
       1
       0
       0
       0
       0
       1
       0
       2
       1
       2
       0
       2
       0
       0
       1
       0
       3
       3
       3
       0
       1
       0
       0
       1
       0
       2
       2
       3
       0
       0
       1
       5
       0
       1
       0
       0
       1
       1
       0
       3
       0
       2
       0
       4
       1
       1
       0
       0
       0
       0
       0
       0
       0
       1
       0
       0
       0
       0
       2
       1
       1
       3
       2
       0
       0
       0
       0
       1
       3
       0
       0
       1
       0
       2
       2
       1
       0
       0
       0
       0
       2
       2
       1
       1
       0
       1
       2
       1
       0
       1
       1
       1
       1
       4
       2
       0
       0
       0
       1
       0
       0
       0
       0
       1
       1
       0
       1
       0
       1
       0
       2
       2
       1
       0
       2
       1
       0
       2
       1
       0
       1
       1
       0
       1
       0
       0
       2
       1
       2
       1
       0
       1
       1
       2
       1
       1
       4
       1
       0
       0
       1
       2
       0
       0
       1
       0
       1
       1
       1
       0
       0
       0
       1
       0
       1
       0
       2
       0
       0
       2
       1
       1
       0
       2
       1
       2
       0
       0
       1
       0
       1
       1
       1
       3
       0
       2
       1
       0
       0
       2
       0
       0
       1
       0
       1
       2
       1
       0
       1
       0
       0
       0
       0
       0
       0
       0
       0
       0
       0
       0
       0
       0
       0
       1
       0
       0
       0
       0
       0
       0
       0
       0
       0
       0
       0
$ROI:
3
162 224
345 375
1311 1544
$PRESETS:
Live Time
1200
0
$ENER_FIT:
0.000000 0.359353
$MCA_CAL:
3
0.000000E+000 3.593530E-001 0.000000E+000 keV
$SHAPE_CAL:
3
0.000000E+000 0.000000E+000 0.000000E+000
