$SPEC_ID:
This is sample 064.
$SPEC_REM:
DET# 1
DETDESC# DIP1456 PCI-Trump SN 253
AP# Maestro Version 7.01
$DATE_MEA:
01/25/2025 18:11:51
$MEAS_TIM:
1200 1254
$DATA:
0 2047
       0
       0
       0
       0
       0
       0
       0
       0
       0
       0
       0
       0
       0
       0
       0
       0
       1
       1
       3
       5
       5
      12
       8
      20
      12
      16
      27
      24
      25
      18
      18
      32
      24
      28
      33
      31
      26
      25
      39
      36
      32
      25
      19
      31
      24
      30
      30
      29
      26
      25
      25
      30
      30
      31
      29
      34
      28
      40
      32
      24
      37
      20
      31
      26
      27
      29
      25
      27
      27
      31
      33
      35
      31
      39
      35
      29
      35
      39
      27
      29
      33
      34
      40
      33
      35
      26
      26
      37
      38
      37
      29
      37
      25
      36
      32
      35
      34
      32
      36
      32
      33
      33
      42
      35
      33
      23
      36
      30
      40
      36
      31
      36
      27
      32
      40
      31
      38
      39
      31
      42
      35
      37
      28
      25
      40
      35
      35
      37
      26
      37
      31
      36
      33
      37
      20
      39
      32
      35
      42
      26
      38
      38
      26
      34
      38
      44
      37
      43
      32
      33
      22
      41
      31
      28
      37
      41
      34
      39
      34
      22
      42
      41
      35
      24
      27
      50
      38
      40
      39
      32
      34
      34
      27
      36
      30
      36
      46
      39
      41
      37
      35
      28
      33
      26
      33
      41
      39
      40
      33
      41
      46
      30
      46
      40
      52
      43
      37
      39
      34
      39
      31
      44
      42
      48
      35
      32
      36
      33
      32
      34
      36
      27
      40
      41
      37
      44
      32
      31
      29
      40
      39
      32
      47
      35
      32
      38
      29
      33
      40
      41
      36
      33
      35
      33
      31
      46
      35
      46
      33
      34
      35
      45
      31
      44
      43
      39
      23
      33
      32
      32
      35
      52
      29
      45
      48
      32
      31
      36
      31
      40
      26
      39
      39
      31
      42
      35
      25
      23
      39
      40
      36
      38
      27
      40
      41
      40
      34
      41
      35
      31
      28
      39
      21
      36
      38
      39
      37
      27
      33
      40
      41
      50
      34
      40
      41
      29
      27
      35
      31
      41
      39
      41
      34
      30
      23
      43
      36
      38
      45
      28
      40
      26
      41
      45
      46
      30
      34
      33
      35
      40
      50
      36
      37
      29
      42
      39
      34
      30
      44
      27
      28
      48
      31
      31
      44
      31
      29
      41
      29
      34
      34
      33
      46
      30
      33
      28
      35
      40
      41
      35
      30
      37
      34
      35
      40
      43
      42
      39
      28
      43
      38
      33
      34
      33
      33
      28
      26
      29
      34
      45
      33
      26
      33
      32
      40
      31
      48
      31
      34
      36
      33
      33
      32
      41
      33
      35
      26
      50
      37
      43
      34
      28
      33
      43
      37
      35
      38
      29
      30
      27
      50
      31
      29
      29
      42
      34
      33
      51
      30
      32
      44
      38
      33
      31
      47
      49
      38
      32
      34
      37
      40
      50
      42
      32
      35
      38
      32
      33
      32
      36
      27
      38
      37
      36
      36
      30
      30
      26
      39
      50
      42
      39
      43
      20
      31
      32
      29
      43
      42
      42
      30
      38
      35
      45
      33
      30
      38
      43
      44
      36
      42
      37
      32
      33
      34
      37
      43
      34
      35
      44
      28
      27
      25
      33
      47
      39
      34
      28
      33
      32
      34
      36
      46
      43
      46
      38
      36
      45
      35
      49
      31
      41
      30
      40
      37
      39
      37
      36
      43
      40
      48
      38
      36
      38
      45
      30
      37
      32
      50
      42
      42
      39
      33
      48
      45
      40
      39
      45
      36
      33
      46
      45
      38
      50
      34
      34
      36
      42
      41
      39
      35
      39
      45
      41
      44
      42
      36
      43
      43
      40
      37
      35
      49
      38
      46
      45
      42
      44
      37
      29
      43
      39
      40
      44
      34
      30
      51
      33
      39
      46
      32
      40
      45
      38
      37
      34
      34
      48
      34
      31
      50
      47
      40
      43
      40
      29
      38
      41
      33
      36
      36
      34
      36
      49
      38
      42
      36
      43
      34
      42
      35
      53
      48
      36
      44
      30
      48
      37
      28
      51
      42
      37
      39
      39
      38
      46
      47
      33
      44
      31
      29
      48
      41
      37
      41
      31
      35
      37
      45
      42
      34
      32
      41
      47
      42
      46
      43
      41
      32
      41
      34
      34
      36
      40
      41
      36
      35
      40
      40
      37
      34
      45
      37
      34
      46
      41
      28
      40
      44
      32
      26
      38
      36
      41
      31
      38
      29
      32
      27
      43
      34
      23
      29
      37
      30
      30
      29
      27
      38
      38
      33
      39
      39
      23
      40
      32
      30
      42
      33
      33
      44
      36
      29
      34
      34
      37
      36
      40
      34
      40
      33
      45
      42
      34
      40
      36
      37
      34
      37
      32
      32
      31
      34
      29
      41
      33
      38
      37
      39
      41
      40
      33
      47
      39
      33
      38
      29
      44
      38
      41
      38
      40
      34
      41
      31
      21
      43
      33
      47
      34
      33
      34
      32
      37
      51
      41
      28
      41
      35
      32
      37
      29
      43
      34
      36
      35
      38
      33
      36
      36
      31
      29
      48
      45
      44
      31
      33
      33
      33
      28
      31
      43
      41
      38
      38
      51
      37
      38
      33
      50
      33
      43
      40
      43
      51
      38
      45
      35
      47
      38
      37
      31
      41
      39
      37
      30
      43
      46
      37
      41
      41
      40
      35
      38
      53
      36
      46
      41
      57
      40
      37
      35
      42
      45
      53
      45
      40
      49
      38
      44
      32
      28
      37
      35
      46
      57
      36
      38
      42
      38
      40
      43
      45
      45
      36
      40
      24
      42
      49
      34
      40
      41
      27
      48
      45
      45
      31
      48
      38
      44
      46
      39
      30
      36
      48
      41
      32
      50
      47
      45
      33
      33
      35
      50
      38
      66
      56
      41
      44
      43
      37
      39
      41
      33
      38
      39
      52
      38
      40
      30
      57
      37
      42
      39
      42
      44
      51
      35
      49
      33
      42
      36
      36
      38
      46
      42
      39
      42
      30
      42
      47
      36
      41
      27
      36
      31
      32
      37
      35
      32
      29
      34
      27
      29
      33
      40
      32
      32
      35
      24
      31
      27
      52
      31
      30
      34
      25
      27
      24
      33
      30
      33
      20
      30
      30
      28
      25
      27
      20
      24
      21
      21
      19
      21
      26
      30
      18
      19
      25
      17
      24
      10
      24
      20
      19
      22
      19
      24
      15
      15
      12
      16
      16
      13
      20
      17
      13
       7
      15
      14
      14
      19
      14
      18
      15
      10
      12
      16
      11
      11
      12
       6
      13
      12
       8
      11
      23
      22
      15
      11
       6
      12
       8
      12
      11
       6
      12
      16
      15
      10
       6
       5
       9
      10
      12
       4
       8
       9
       9
      11
      13
      10
       6
       8
       7
       6
      10
      11
      13
      11
       4
       2
      11
       8
       6
       9
      11
      11
       7
      10
       4
      10
       8
       6
       2
       3
       9
       5
      11
       2
       7
       4
      12
       5
      10
       7
       5
       6
       8
       7
       4
      11
       3
       8
       9
       6
       1
       9
       6
       5
       5
       5
      12
       4
       8
       7
       5
       6
       7
       6
       5
       9
       4
       7
       4
       6
      10
       9
       1
       4
       3
       6
       6
       1
       4
       4
       7
       2
       6
       5
       6
       4
       3
       7
       5
       7
       7
       3
       3
       4
       4
       3
       4
       4
       7
       2
       5
       3
       5
       2
       4
       0
       3
       8
       3
       5
       4
       6
       4
       6
       3
       5
       3
       3
       4
       3
       3
       6
       2
       3
       7
       8
       6
       2
       3
       1
       3
       4
       7
       7
       3
       5
       2
       2
       5
       4
       2
       0
       3
       3
       2
       2
       3
       4
       5
       5
       3
       1
       4
       2
       7
       3
       4
       1
       3
       2
       3
       3
       2
       5
       0
       4
       2
       6
       4
       4
       6
       2
       3
       1
       5
       4
       2
       5
       1
       3
       7
       3
       2
       4
       5
       2
       2
       5
       4
       3
       6
       4
       1
       5
       8
       1
       3
       3
       2
       1
       6
       0
       3
       3
       4
       6
       1
       2
       0
       1
       1
       2
       6
       4
       3
       5
       0
       1
       1
       2
       5
       2
       5
       1
       1
       2
       6
       2
       3
       2
       2
       4
       4
       1
       2
       5
       4
       4
       2
       4
       4
       2
       1
       3
       1
       2
       2
       2
       4
       2
       0
       4
       4
       2
       1
       3
       2
       1
       2
       2
       4
       5
       7
       6
       5
       2
       2
       1
       5
       5
       5
       1
       3
       4
       2
       4
       3
       2
       3
       8
       1
       8
       4
       3
       5
       3
       2
       1
       4
       6
       5
       5
       2
       4
       6
       9
       5
       7
       4
       7
       8
       9
       9
       5
       8
       6
      10
      11
       8
      11
      12
       8
      15
      12
      17
      12
      10
      20
      23
      23
      29
      25
      24
      25
      33
      17
      38
      38
      36
      43
      38
      43
      44
      51
      46
      49
      46
      55
      52
      75
      53
      66
      80
      71
      74
      66
      82
     105
     103
      83
     115
     112
      99
     130
     123
     131
     118
     111
     122
     138
     141
     147
     163
     175
     169
     180
     199
     190
     208
     172
     198
     190
     217
     222
     205
     247
     220
     240
     260
     264
     307
     250
     290
     306
     310
     298
     322
     337
     304
     331
     318
     322
     341
     339
     348
     366
     306
     366
     369
     423
     374
     400
     412
     385
     397
     404
     446
     433
     414
     464
     440
     426
     468
     474
     465
     471
     428
     458
     433
     481
     433
     421
     428
     452
     496
     434
     462
     485
     476
     463
     468
     441
     489
     495
     445
     470
     474
     424
     425
     432
     418
     409
     429
     421
     400
     440
     410
     439
     401
     409
     373
     386
     375
     371
     374
     351
     352
     369
     327
     333
     320
     301
     352
     298
     299
     292
     279
     306
     278
     251
     268
     256
     248
     258
     253
     249
     229
     204
     216
     216
     190
     189
     192
     177
     200
     155
     157
     180
     164
     159
     143
     134
     138
     149
     127
     114
      93
     110
      97
     102
      93
      87
      89
      85
      71
      69
      68
      70
      64
      56
      62
      58
      54
      53
      48
      42
      42
      45
      48
      28
      38
      29
      34
      26
      31
      32
      33
      25
      23
      24
      17
      18
      13
      21
      15
       9
      16
      11
       9
      12
      17
       8
       6
      10
       8
      11
       7
       3
       2
      10
       5
       6
       6
       6
       4
       2
       7
       1
       1
       1
       1
       3
       3
       1
       4
       3
       5
       1
       5
       1
       3
       1
       0
       0
       2
       1
       1
       0
       4
       4
       1
       2
       1
       2
       1
       1
       2
       1
       2
       2
       0
       1
       1
       0
       1
       1
       4
       2
       1
       1
       1
       1
       2
       0
       0
       1
       1
       0
       2
       3
       1
       0
       1
       1
       2
       1
       2
       0
       4
       3
       0
       3
       0
       0
       1
       2
       2
       0
       1
       1
       2
       2
       0
       1
       1
       0
       1
       4
       1
       2
       1
       1
       2
       1
       1
       1
       3
       2
       2
       1
       1
       3
       1
       1
       1
       2
       2
       2
       0
       0
       0
       0
       1
       1
       2
       0
       0
       2
       1
       1
       2
       2
       0
       1
       5
       2
       0
       1
       2
       0
       1
       1
       1
       1
       1
       0
       1
       2
       1
       1
       0
       1
       1
       3
       0
       0
       2
       2
       2
       2
       1
       0
       0
       4
       1
       1
       1
       2
       3
       3
       2
       0
       0
       0
       2
       2
       0
       0
       0
       0
       0
       2
       2
       1
       3
       0
       0
       2
       0
       0
       2
       0
       0
       0
       1
       0
       0
       1
       1
       1
       0
       3
       3
       3
       1
       2
       1
       0
       1
       0
       0
       0
       0
       1
       1
       0
       2
       0
       1
       0
       1
       1
       0
       2
       0
       1
       4
       2
       1
       1
       2
       0
       2
       0
       1
       1
       2
       2
       2
       1
       0
       0
       1
       2
       0
       0
       0
       1
       1
       0
       1
       2
       2
       0
       0
       1
       3
       0
       0
       1
       1
       1
       0
       0
       1
       0
       0
       1
       1
       1
       1
       0
       1
       0
       0
       1
       1
       0
       0
       0
       1
       1
       1
       3
       0
       0
       0
       0
       1
       0
       1
       0
       0
       2
       1
       3
       1
       1
       2
       2
       1
       0
       2
       0
       4
       1
       2
       1
       0
       2
       1
       1
       1
       2
       1
       2
       2
       1
       1
       4
       2
       2
       1
       0
       0
       1
       2
       0
       1
       0
       2
       0
       1
       0
       1
       1
       0
       0
       1
       1
       0
       1
       0
       0
       0
       2
       1
       0
       0
       0
       2
       0
       2
       1
       0
       2
       2
       2
       2
       2
       2
       0
       1
       2
       0
       2
       1
       0
       4
       0
       1
       0
       1
       1
       4
       0
       2
       3
       4
       0
       1
       0
       0
       1
       1
       1
       2
       2
       2
       0
       1
       0
       1
       1
       1
       1
       1
       0
       1
       0
       1
       4
       0
       0
       0
       1
       1
       0
       1
       1
       2
       1
       0
       1
       1
       0
       1
       3
       2
       1
       0
       1
       1
       0
       2
       0
       0
       0
       1
       1
       1
       1
       0
       0
       1
       1
       0
       0
       1
       0
       2
       0
       1
       0
       1
       1
       0
       1
       1
       2
       0
       2
       0
       1
       1
       0
       2
       0
       1
       1
       2
       1
       0
       0
       0
       1
       0
       1
       0
       0
       1
       1
       4
       0
       2
       1
       2
       1
       3
       0
       0
       0
       2
       1
       1
       1
       0
       0
       0
       0
       0
       0
       0
       0
       0
       1
       0
       0
       0
       0
       0
       0
       0
       0
       0
       0
       0
       0
       0
       0
       0
       0
$ROI:
3
162 224
345 375
1311 1544
$PRESETS:
Live Time
1200
0
$ENER_FIT:
0.000000 0.359353
$MCA_CAL:
3
0.000000E+000 3.593530E-001 0.000000E+000 keV
$SHAPE_CAL:
3
0.000000E+000 0.000000E+000 0.000000E+000
