$SPEC_ID:
This is sample 307.
$SPEC_REM:
DET# 1
DETDESC# DIP1456 PCI-Trump SN 253
AP# Maestro Version 7.01
$DATE_MEA:
01/29/2025 13:35:43
$MEAS_TIM:
1200 1253
$DATA:
0 2047
       0
       0
       0
       0
       0
       0
       0
       0
       0
       0
       0
       0
       0
       0
       0
       0
       0
       5
       3
       2
       5
       6
       7
      11
      21
      16
      16
      16
      24
      23
      22
      27
      25
      33
      24
      36
      23
      28
      27
      32
      24
      33
      33
      28
      26
      29
      36
      27
      29
      37
      26
      41
      31
      24
      31
      28
      21
      31
      32
      27
      28
      38
      28
      21
      31
      21
      43
      30
      37
      29
      31
      37
      32
      17
      32
      31
      32
      32
      32
      29
      31
      34
      44
      37
      27
      35
      21
      37
      40
      37
      34
      34
      32
      23
      35
      23
      30
      28
      33
      32
      36
      38
      37
      32
      42
      36
      34
      41
      27
      38
      42
      29
      43
      32
      40
      33
      38
      26
      30
      25
      27
      32
      40
      42
      35
      36
      34
      32
      45
      34
      39
      27
      44
      45
      28
      33
      37
      28
      48
      35
      43
      35
      32
      34
      30
      31
      36
      30
      37
      37
      30
      42
      37
      50
      27
      42
      44
      37
      37
      31
      32
      41
      34
      23
      40
      37
      33
      33
      38
      45
      31
      36
      34
      31
      37
      29
      34
      32
      39
      44
      46
      30
      35
      43
      41
      37
      41
      32
      33
      39
      37
      27
      42
      39
      33
      37
      36
      38
      49
      35
      36
      41
      38
      37
      36
      37
      32
      36
      27
      29
      37
      34
      30
      31
      34
      32
      31
      32
      43
      37
      38
      35
      36
      36
      33
      41
      57
      33
      27
      38
      48
      36
      39
      30
      46
      33
      47
      32
      30
      31
      37
      34
      40
      43
      34
      41
      53
      39
      33
      39
      40
      38
      37
      45
      45
      24
      47
      38
      37
      31
      33
      32
      40
      36
      38
      38
      44
      29
      52
      49
      41
      40
      45
      26
      50
      42
      38
      46
      39
      40
      42
      52
      42
      34
      34
      37
      34
      42
      45
      42
      34
      36
      34
      32
      39
      29
      35
      35
      39
      24
      28
      32
      34
      31
      35
      41
      39
      35
      40
      40
      32
      38
      33
      27
      37
      44
      33
      38
      37
      41
      45
      38
      34
      42
      39
      37
      30
      33
      33
      33
      31
      33
      35
      37
      30
      46
      26
      37
      42
      26
      33
      31
      37
      46
      28
      32
      47
      43
      27
      43
      38
      38
      47
      38
      30
      30
      33
      32
      29
      38
      44
      37
      39
      40
      30
      35
      43
      44
      33
      36
      43
      33
      38
      28
      36
      31
      33
      38
      29
      39
      34
      37
      45
      54
      42
      36
      31
      39
      30
      40
      38
      27
      35
      34
      25
      44
      31
      37
      34
      30
      37
      45
      34
      36
      36
      35
      39
      26
      38
      27
      34
      29
      32
      27
      38
      44
      34
      40
      34
      41
      38
      33
      33
      44
      41
      36
      34
      32
      36
      41
      39
      36
      33
      33
      27
      26
      38
      34
      33
      37
      46
      29
      40
      38
      28
      37
      27
      44
      45
      33
      31
      31
      31
      35
      35
      37
      39
      36
      36
      23
      33
      43
      29
      39
      35
      38
      43
      34
      38
      48
      42
      33
      39
      40
      39
      38
      35
      33
      43
      37
      43
      33
      48
      32
      55
      38
      46
      43
      32
      29
      39
      43
      30
      37
      51
      41
      36
      44
      38
      35
      34
      32
      48
      33
      39
      39
      37
      34
      43
      29
      46
      36
      37
      38
      38
      45
      39
      44
      34
      45
      47
      34
      39
      43
      37
      40
      40
      35
      48
      39
      34
      43
      42
      30
      36
      38
      35
      33
      33
      49
      36
      31
      39
      40
      39
      33
      45
      54
      47
      37
      29
      48
      45
      32
      41
      45
      37
      35
      48
      31
      42
      41
      54
      49
      39
      39
      37
      39
      30
      38
      43
      38
      43
      41
      51
      40
      49
      40
      38
      36
      27
      36
      46
      35
      30
      32
      41
      24
      34
      24
      40
      39
      35
      35
      29
      55
      39
      40
      36
      39
      39
      47
      44
      39
      32
      31
      34
      43
      41
      48
      28
      35
      26
      34
      38
      33
      41
      37
      32
      40
      41
      29
      37
      37
      31
      36
      42
      42
      31
      40
      57
      31
      36
      36
      27
      44
      33
      29
      41
      27
      24
      36
      38
      50
      27
      28
      32
      46
      38
      32
      39
      34
      27
      30
      30
      32
      37
      34
      28
      35
      35
      34
      46
      24
      31
      41
      30
      27
      26
      27
      29
      40
      40
      38
      49
      36
      36
      30
      42
      46
      40
      34
      39
      41
      31
      40
      40
      39
      38
      37
      31
      37
      42
      33
      33
      36
      42
      37
      36
      30
      36
      25
      31
      38
      34
      41
      40
      39
      33
      28
      35
      20
      28
      33
      37
      39
      34
      34
      32
      43
      41
      42
      29
      37
      36
      34
      38
      43
      40
      43
      39
      31
      34
      44
      36
      32
      36
      36
      42
      38
      30
      35
      48
      36
      47
      44
      49
      37
      35
      43
      38
      44
      33
      32
      50
      35
      33
      39
      40
      40
      39
      37
      34
      42
      34
      35
      32
      48
      31
      46
      40
      47
      35
      48
      40
      33
      33
      52
      35
      34
      34
      46
      49
      45
      38
      40
      30
      51
      35
      45
      33
      44
      39
      37
      41
      42
      34
      40
      31
      43
      47
      36
      48
      35
      36
      44
      35
      41
      42
      33
      41
      41
      30
      40
      47
      51
      37
      40
      33
      45
      51
      37
      36
      31
      51
      41
      38
      46
      46
      43
      46
      48
      39
      38
      47
      48
      28
      47
      52
      42
      42
      32
      45
      53
      45
      37
      35
      48
      31
      37
      46
      36
      38
      41
      38
      49
      37
      40
      33
      42
      43
      28
      31
      38
      42
      43
      48
      47
      48
      38
      31
      49
      38
      44
      44
      42
      47
      41
      51
      32
      30
      39
      54
      43
      48
      38
      41
      31
      45
      39
      38
      35
      39
      39
      37
      35
      48
      48
      23
      32
      33
      33
      34
      32
      25
      24
      28
      22
      32
      33
      27
      32
      27
      28
      29
      32
      26
      15
      31
      30
      30
      29
      25
      32
      23
      29
      28
      20
      15
      22
      19
      20
      23
      22
      13
      21
      23
      21
      13
      25
      19
      21
      12
      18
      16
      24
      16
      21
      17
      14
      16
      12
      16
      22
      10
      17
      17
      15
       9
      20
      11
      12
      16
      17
      23
      13
      12
      11
      11
      12
       5
      13
      15
      10
      11
      10
       8
      16
       5
      13
       9
      10
      12
       8
      14
       9
       9
       6
      13
       7
      10
      13
      14
       9
      11
      10
       7
      10
       6
      14
       3
      10
      12
       5
      12
       9
       8
       5
       3
      10
       7
       6
      12
       6
       8
       5
       5
      11
       9
       8
       7
       7
       9
       4
       5
       8
       9
       8
       5
      11
       6
       8
       7
      11
       4
       3
       3
       7
       4
      10
       8
       1
       3
       5
       5
       5
      10
       7
       4
       2
       8
       7
       5
       7
       7
       7
       5
       2
       4
       6
       7
       6
       7
       6
       3
       8
       3
       6
       4
       6
       5
       8
       4
       3
       1
       5
       2
       3
       1
       4
       6
       8
       2
       7
       4
       6
       3
       7
       6
       4
       2
       2
       2
       2
       4
       1
       4
       7
       2
       5
       4
       2
       4
       6
       1
       2
       3
       3
       4
       6
       6
       5
       5
       4
       8
       4
       4
       4
       0
       2
       1
       6
       7
       7
       2
       3
       5
       3
       1
       6
       4
       4
       2
       5
       6
       6
       4
       3
       3
       4
       4
       0
       2
       2
       5
       1
       5
       6
       3
       2
       2
       4
       1
       7
       6
       4
       3
       2
       1
       5
       6
       2
       9
       4
       2
       4
       2
      11
       0
       4
       3
       4
       5
       4
       5
       3
       4
       6
       3
       3
       1
       3
       3
       5
       4
       3
       1
       2
       3
       1
       5
       2
       4
       5
       7
       1
       2
       2
       3
       4
       1
       3
       2
       5
       2
       6
       2
       4
       6
       2
       6
       5
       3
       4
       2
       1
       2
       0
       3
       4
       0
       7
       2
       3
       4
       6
       1
       2
       4
       3
       3
       5
       1
       1
       3
       3
       4
       1
       3
       4
       2
       2
       1
       4
       4
       3
       2
       4
       1
       3
       4
       3
       3
       5
       4
       5
       6
       1
       2
       2
       2
       4
       1
       3
       4
       3
       4
       6
       2
       0
       4
       4
       4
       3
       3
       4
       3
       3
       7
       5
       5
       4
       9
       4
       1
       9
      10
       5
      10
       9
       7
       7
       6
       6
       7
      11
      13
      22
       8
      12
       8
      13
      16
      16
      18
      13
      13
      16
      17
      30
      26
      20
      25
      30
      15
      28
      33
      40
      30
      32
      41
      39
      46
      55
      54
      46
      54
      59
      52
      62
      49
      69
      70
      66
      63
      60
      83
      90
      87
     114
     111
      88
     114
     125
     125
     135
     110
     122
     110
     151
     147
     176
     159
     148
     158
     176
     161
     203
     186
     177
     184
     246
     215
     199
     230
     225
     240
     237
     282
     258
     254
     274
     278
     313
     276
     305
     301
     345
     288
     312
     328
     345
     332
     333
     361
     345
     367
     347
     379
     387
     367
     350
     404
     393
     445
     417
     423
     428
     449
     411
     443
     431
     480
     413
     495
     450
     454
     455
     464
     455
     469
     466
     485
     469
     459
     436
     474
     479
     471
     481
     438
     425
     463
     451
     457
     425
     420
     407
     431
     414
     414
     426
     409
     429
     440
     413
     425
     401
     386
     404
     402
     377
     405
     346
     410
     337
     367
     367
     335
     338
     306
     325
     320
     326
     303
     329
     292
     308
     267
     273
     254
     243
     240
     230
     265
     226
     180
     236
     234
     221
     209
     182
     174
     189
     159
     173
     143
     148
     153
     148
     139
     140
     124
     104
     120
     114
     107
      99
      96
     102
      95
      87
      84
      95
      69
      59
      76
      72
      62
      59
      56
      55
      53
      38
      57
      54
      50
      44
      31
      36
      29
      37
      38
      28
      23
      28
      22
      26
      30
      22
      25
      28
      12
      23
      13
      16
      13
      20
      14
      15
       7
      14
       7
      12
       8
       4
       5
       8
       7
       4
       6
       4
       5
       6
       7
       5
       2
       2
       6
       5
       5
       3
       4
       1
       1
       7
       3
       0
       3
       2
       0
       1
       1
       0
       2
       6
       1
       3
       2
       0
       0
       1
       2
       2
       0
       3
       1
       1
       3
       0
       3
       2
       0
       0
       1
       2
       1
       2
       0
       0
       1
       2
       0
       1
       0
       2
       0
       0
       0
       0
       0
       2
       2
       2
       0
       0
       1
       1
       0
       2
       2
       0
       1
       0
       0
       0
       2
       2
       3
       1
       1
       1
       1
       3
       3
       2
       2
       1
       1
       3
       1
       1
       1
       2
       1
       0
       1
       2
       3
       2
       1
       3
       0
       1
       0
       0
       0
       0
       1
       3
       3
       2
       1
       3
       0
       1
       1
       2
       1
       0
       0
       0
       5
       0
       1
       0
       1
       1
       0
       3
       1
       1
       0
       0
       3
       1
       1
       1
       0
       2
       0
       0
       2
       2
       0
       0
       1
       0
       0
       2
       1
       0
       0
       1
       0
       1
       1
       3
       0
       1
       2
       0
       1
       0
       0
       0
       2
       1
       1
       0
       1
       0
       0
       1
       0
       2
       2
       0
       1
       1
       1
       0
       0
       0
       0
       1
       2
       1
       0
       2
       2
       0
       1
       0
       3
       0
       2
       2
       0
       2
       0
       1
       2
       1
       1
       1
       0
       0
       0
       0
       0
       0
       1
       0
       1
       1
       0
       2
       2
       3
       1
       0
       0
       0
       0
       1
       3
       3
       0
       2
       2
       1
       1
       0
       1
       0
       1
       0
       0
       3
       3
       2
       0
       0
       2
       1
       0
       1
       0
       2
       0
       0
       1
       2
       0
       2
       3
       0
       1
       1
       2
       0
       3
       2
       1
       1
       1
       2
       1
       0
       0
       2
       0
       1
       2
       1
       1
       2
       1
       0
       1
       0
       1
       0
       2
       1
       1
       2
       0
       2
       2
       1
       0
       0
       1
       0
       1
       0
       1
       0
       1
       1
       2
       2
       0
       1
       0
       3
       0
       0
       1
       1
       0
       1
       1
       2
       3
       0
       0
       1
       1
       1
       0
       1
       0
       1
       0
       2
       1
       2
       0
       0
       0
       0
       1
       1
       1
       1
       0
       4
       1
       3
       4
       0
       2
       1
       0
       0
       3
       0
       0
       2
       1
       0
       1
       0
       0
       2
       3
       2
       1
       0
       0
       0
       0
       0
       1
       0
       1
       1
       0
       1
       0
       1
       2
       1
       1
       0
       1
       1
       0
       2
       1
       0
       1
       1
       2
       0
       2
       1
       0
       1
       0
       0
       1
       2
       1
       2
       1
       1
       1
       0
       0
       0
       3
       0
       0
       3
       1
       0
       0
       1
       0
       0
       2
       1
       1
       1
       0
       1
       3
       0
       1
       0
       2
       0
       0
       0
       1
       2
       0
       0
       0
       2
       1
       1
       1
       2
       0
       0
       2
       0
       0
       0
       0
       0
       0
       2
       0
       2
       3
       1
       0
       2
       0
       1
       1
       1
       0
       0
       2
       3
       0
       3
       1
       0
       2
       4
       3
       1
       0
       0
       0
       0
       2
       1
       0
       1
       0
       1
       1
       0
       1
       0
       1
       1
       0
       0
       0
       1
       0
       0
       0
       0
       0
       0
       0
       0
       0
       0
       0
       0
       0
       0
       0
       0
       0
       0
$ROI:
3
162 224
345 375
1311 1544
$PRESETS:
Live Time
1200
0
$ENER_FIT:
0.000000 0.359353
$MCA_CAL:
3
0.000000E+000 3.593530E-001 0.000000E+000 keV
$SHAPE_CAL:
3
0.000000E+000 0.000000E+000 0.000000E+000
