$SPEC_ID:
This is sample 008.
$SPEC_REM:
DET# 1
DETDESC# DIP1456 PCI-Trump SN 253
AP# Maestro Version 7.01
$DATE_MEA:
06/03/2025 14:30:23
$MEAS_TIM:
43000 43272
$DATA:
0 2047
       0
       0
       0
       0
       0
       0
       0
       0
       0
       0
       0
       0
       0
       0
       0
       0
       0
       0
       0
       0
       1
       1
       0
       0
       2
       0
       0
       0
       0
       0
       0
       0
       1
       1
       0
       0
       0
       0
       0
       0
       1
       0
       0
       0
       1
       0
       0
       0
       0
       1
       0
       0
       0
       0
       2
       0
       0
       0
       1
       0
       1
       1
       0
       0
       1
       0
       1
       0
       0
       0
       0
       0
       1
       0
       0
       1
       0
       0
       0
       1
       3
       3
       0
       1
       2
       0
       1
       0
       2
       1
       1
       2
       0
       0
       3
       3
       0
       0
       0
       0
       0
       1
       1
       0
       1
       0
       1
       0
       2
       0
       2
       0
       0
       2
       2
       2
       2
       2
       1
       1
       1
       2
       1
       1
       0
       0
       1
       0
       1
       0
       1
       0
       1
       1
       3
       2
       0
       0
       1
       1
       0
       0
       0
       0
       2
       1
       1
       1
       0
       1
       3
       0
       0
       1
       1
       1
       2
       0
       0
       1
       2
       4
       0
       1
       2
       2
       3
       1
       4
       1
       1
       0
       0
       1
       1
       1
       2
       2
       2
       3
       2
       0
       0
       0
       2
       1
       2
       2
       2
       2
       1
       1
       2
       1
       0
       0
       1
       0
       1
       2
       0
       2
       0
       1
       2
       3
       1
       4
       3
       1
       2
       7
       2
       2
       3
       5
       2
       1
       1
       4
       3
       1
       3
       2
       0
       2
       3
       3
       1
       4
       1
       2
       3
       2
       1
       1
       1
       1
       2
       1
       5
       5
       2
       4
       2
       2
       5
       4
       4
       2
       2
       7
       9
       2
       1
       3
       4
       3
       4
       1
       0
       4
       4
       2
       0
       3
       4
       3
       5
       2
       3
       5
       1
       3
       9
       4
       1
       5
       1
       2
       2
       4
       4
       3
       6
       3
       2
       4
       3
       1
       5
       3
       0
       3
       5
       1
       1
       4
       1
       4
       4
       4
       3
       3
       4
       2
       5
       5
       1
       2
       2
       3
       4
       3
       2
       2
       0
       4
       1
       3
       2
       4
       6
       0
       4
       3
       4
       2
       1
       4
       6
       5
       2
       5
       4
       3
       3
       5
       5
       3
       5
       4
       4
       4
       4
       8
       2
       5
       8
       6
       3
       1
       4
       4
       6
       5
       2
       6
       4
       3
       5
       3
       6
       2
       1
       4
       3
       9
       3
       2
       2
       7
       1
       4
       3
       4
       5
       5
       4
       6
       6
       3
       5
       2
       3
       4
       2
       3
       4
       3
       5
      10
       7
       4
       4
       1
       5
       2
       2
       6
       1
       5
       7
       4
       4
       2
       6
       4
       6
       3
       4
       6
       6
       4
       3
       4
       5
       4
       6
       5
       4
       7
       6
       3
       6
       3
       7
       5
       5
       4
       6
       4
       4
       5
       7
       4
       2
       3
       6
       6
       6
       6
       5
       1
       7
       3
       2
       8
       2
       6
       3
       4
       3
       6
       4
       2
       1
       2
      11
       2
       1
       3
       4
       9
       2
       4
       2
       1
       3
       5
       3
       4
       6
       8
       4
       2
       4
       6
       7
       2
       8
       2
       7
       5
       2
       4
       1
       3
       3
       2
       5
       2
       8
       1
       7
       6
       5
       4
       3
       3
       2
       3
       4
       5
       2
       4
       4
      10
       4
       2
       6
       3
       6
       9
       5
       7
       3
       5
       3
       6
       3
       3
       8
       7
       2
       3
       1
       6
       3
       3
       5
       4
       4
       4
       4
       7
       4
       2
       5
       5
       3
       6
       3
       1
      10
       5
       5
       3
       4
       8
       2
       4
       6
       3
       4
       2
       1
       3
       1
       8
       3
       4
       4
       5
       2
       3
       3
       3
       2
       6
       2
       7
       2
       0
       4
       4
       5
       3
       5
       1
       5
       2
       5
       4
       3
       4
       5
       1
       2
       4
       1
       0
       3
       5
       3
       6
       4
       5
       3
       4
       2
       4
       6
       5
       2
       3
       3
       3
       0
       4
       2
       1
       0
       1
       2
       3
       6
       1
       4
       6
       6
       3
       2
       2
       2
       2
       2
       2
       8
       2
       2
       1
       1
       4
       2
       2
       4
       0
       4
       2
       3
       3
       5
       4
       2
       3
       4
       2
       4
       4
       2
       3
       6
       2
       3
       3
       2
       3
       3
       1
       3
       2
       4
       1
       4
       1
       3
       4
       6
       3
       8
       6
       7
       2
       7
       6
       4
       7
       2
       8
       4
       2
       5
      12
       5
       3
       3
       3
       5
       4
       5
       4
       3
       2
       8
       1
       2
       2
       4
       3
       1
       5
       3
       5
       2
       2
       4
       2
       5
       2
       5
       2
       8
       6
       8
       5
       3
       4
       5
       5
       4
       3
       5
       5
       5
       5
       6
       4
       7
       4
      10
       6
       9
       8
       4
       8
       6
       9
      10
       6
       6
       8
      11
       4
       5
       8
       7
       6
       8
       8
       7
       7
       7
      10
       5
      18
       6
       9
       7
       8
       9
       4
       7
       7
       8
       9
       8
       7
       6
       5
      11
       5
      14
       8
       7
       8
       8
       6
       6
       8
       7
      11
       4
      11
       7
      11
       9
       6
       4
       7
       4
       6
       2
       6
       8
       3
      13
       6
       6
       4
       7
       3
       9
       7
       9
       8
       5
       6
       4
       8
       7
       2
       4
       3
       5
       3
       5
       4
       5
       1
       5
       2
       4
       2
       5
       2
       4
       4
       1
       4
       2
       8
       5
       2
       7
       0
       2
       3
       3
       3
       5
       3
       1
       4
       2
       4
       4
       1
       2
       0
       1
       0
       1
       1
       0
       1
       1
       2
       1
       1
       2
       2
       0
       0
       0
       1
       2
       1
       2
       0
       2
       2
       0
       2
       3
       1
       1
       1
       1
       1
       1
       1
       0
       1
       2
       0
       1
       0
       2
       2
       1
       1
       1
       3
       1
       0
       1
       3
       2
       2
       1
       0
       1
       1
       1
       0
       2
       1
       2
       0
       2
       2
       0
       3
       0
       1
       3
       1
       1
       3
       1
       1
       0
       5
       0
       0
       0
       1
       0
       0
       0
       1
       2
       2
       0
       0
       0
       2
       0
       0
       1
       3
       1
       0
       0
       0
       1
       0
       1
       0
       2
       0
       0
       0
       0
       1
       3
       1
       0
       2
       0
       2
       0
       1
       0
       1
       1
       0
       1
       1
       0
       2
       0
       0
       0
       1
       0
       1
       0
       1
       0
       2
       0
       0
       0
       0
       0
       0
       0
       1
       1
       1
       0
       0
       1
       0
       1
       0
       1
       1
       0
       0
       0
       0
       0
       0
       1
       0
       0
       0
       0
       0
       0
       0
       1
       1
       0
       0
       0
       0
       1
       0
       0
       0
       0
       0
       0
       1
       1
       1
       1
       0
       1
       0
       0
       1
       0
       0
       0
       0
       0
       0
       0
       0
       0
       0
       0
       1
       0
       0
       0
       1
       1
       1
       0
       0
       0
       0
       0
       1
       0
       2
       0
       0
       0
       0
       0
       0
       0
       0
       0
       0
       0
       1
       0
       0
       0
       0
       1
       0
       0
       0
       0
       0
       0
       0
       1
       0
       0
       0
       1
       0
       0
       2
       1
       0
       0
       0
       0
       2
       0
       0
       0
       0
       0
       0
       0
       0
       0
       1
       2
       1
       0
       1
       0
       0
       1
       1
       0
       0
       0
       0
       0
       1
       0
       0
       0
       1
       0
       0
       1
       0
       0
       0
       0
       0
       1
       0
       0
       1
       0
       0
       0
       0
       0
       0
       0
       0
       1
       0
       0
       0
       0
       1
       0
       0
       0
       0
       1
       0
       0
       0
       0
       0
       0
       0
       0
       0
       0
       0
       0
       0
       1
       0
       0
       0
       0
       0
       0
       0
       1
       0
       0
       0
       0
       0
       0
       0
       0
       1
       0
       0
       0
       0
       0
       1
       0
       1
       0
       0
       0
       0
       0
       0
       0
       1
       0
       0
       0
       1
       0
       0
       0
       0
       0
       1
       0
       0
       0
       0
       1
       1
       0
       0
       0
       0
       0
       0
       0
       0
       1
       0
       0
       0
       0
       0
       0
       0
       0
       0
       0
       0
       0
       0
       0
       0
       0
       0
       0
       0
       1
       0
       0
       0
       1
       1
       0
       1
       1
       0
       0
       0
       0
       0
       0
       0
       0
       0
       0
       0
       0
       0
       0
       0
       0
       0
       0
       0
       0
       0
       1
       1
       1
       0
       1
       0
       1
       0
       0
       0
       0
       1
       0
       0
       1
       0
       0
       0
       0
       0
       0
       0
       0
       0
       0
       0
       0
       0
       0
       0
       0
       0
       0
       0
       0
       0
       0
       0
       0
       1
       0
       0
       0
       1
       0
       0
       1
       0
       0
       0
       0
       0
       0
       0
       1
       0
       1
       0
       0
       0
       0
       0
       0
       0
       0
       0
       0
       0
       1
       0
       1
       0
       1
       0
       0
       0
       0
       0
       0
       0
       1
       0
       0
       0
       0
       0
       0
       0
       0
       0
       0
       0
       0
       0
       0
       0
       0
       0
       0
       0
       0
       0
       0
       0
       0
       1
       0
       0
       1
       0
       0
       0
       0
       0
       0
       0
       0
       0
       0
       0
       0
       0
       1
       0
       0
       0
       2
       0
       0
       0
       1
       0
       2
       0
       0
       1
       0
       0
       0
       0
       0
       0
       1
       0
       0
       0
       1
       0
       2
       2
       0
       0
       0
       2
       0
       0
       0
       0
       0
       1
       0
       0
       0
       0
       0
       1
       0
       0
       0
       0
       1
       0
       0
       1
       0
       1
       0
       0
       1
       0
       0
       1
       0
       0
       0
       0
       2
       0
       1
       0
       1
       0
       0
       0
       0
       1
       0
       2
       3
       1
       0
       1
       1
       2
       0
       0
       3
       2
       0
       0
       0
       0
       0
       0
       1
       2
       1
       3
       1
       1
       2
       1
       0
       1
       1
       1
       1
       1
       1
       1
       1
       1
       0
       0
       2
       2
       0
       1
       0
       2
       3
       0
       1
       1
       0
       0
       0
       1
       0
       1
       1
       0
       2
       0
       0
       0
       1
       1
       1
       0
       0
       1
       0
       0
       0
       0
       0
       1
       0
       0
       1
       3
       1
       0
       0
       1
       0
       2
       0
       0
       3
       0
       2
       0
       1
       0
       2
       0
       0
       0
       0
       0
       0
       0
       0
       0
       0
       0
       0
       0
       0
       0
       0
       0
       0
       0
       0
       0
       0
       0
       0
       0
       0
       0
       0
       0
       0
       0
       0
       0
       0
       0
       0
       0
       1
       0
       0
       0
       0
       0
       0
       0
       0
       0
       0
       0
       0
       0
       1
       0
       0
       0
       0
       0
       0
       0
       0
       0
       0
       0
       1
       0
       0
       0
       0
       1
       0
       0
       0
       0
       0
       1
       0
       0
       0
       0
       0
       0
       0
       0
       0
       0
       1
       0
       0
       0
       0
       0
       0
       0
       0
       0
       0
       0
       0
       0
       0
       0
       0
       0
       0
       0
       0
       0
       0
       0
       0
       0
       0
       0
       0
       0
       0
       0
       0
       0
       0
       0
       0
       0
       0
       0
       0
       0
       0
       0
       0
       0
       0
       0
       0
       0
       0
       0
       0
       0
       0
       0
       0
       0
       1
       0
       0
       0
       0
       0
       0
       0
       0
       0
       0
       0
       0
       0
       0
       0
       1
       0
       0
       0
       0
       0
       0
       0
       0
       0
       0
       0
       0
       0
       0
       0
       0
       0
       0
       0
       0
       0
       0
       0
       0
       0
       0
       0
       0
       0
       1
       0
       0
       0
       0
       0
       0
       0
       0
       0
       0
       0
       0
       0
       0
       0
       0
       0
       0
       0
       0
       0
       0
       0
       0
       0
       1
       0
       0
       0
       0
       0
       0
       0
       0
       0
       0
       0
       0
       0
       0
       0
       0
       0
       0
       0
       0
       0
       0
       0
       0
       0
       0
       0
       1
       0
       1
       0
       0
       0
       0
       0
       0
       0
       0
       0
       0
       0
       0
       0
       0
       0
       0
       0
       0
       0
       0
       0
       0
       1
       0
       0
       0
       0
       0
       0
       0
       0
       0
       0
       0
       0
       0
       0
       0
       0
       0
       0
       0
       0
       0
       0
       0
       0
       0
       2
       0
       0
       0
       0
       0
       0
       0
       0
       0
       0
       0
       0
       0
       0
       0
       0
       0
       0
       0
       0
       0
       0
       0
       1
       0
       2
       0
       0
       0
       0
       0
       0
       1
       0
       0
       0
       0
       0
       0
       0
       0
       0
       0
       0
       0
       0
       1
       0
       0
       0
       1
       0
       0
       1
       0
       0
       0
       0
       0
       0
       0
       0
       0
       0
       0
       0
       0
       0
       0
       0
       0
       0
       0
       0
       0
       0
       0
       0
       0
       0
       0
       0
       0
       0
       0
       0
       0
       0
       0
       0
       0
       0
       0
       0
       0
       0
       0
       0
       0
       0
       0
       0
       0
       0
       0
       0
       2
       0
       0
       0
       0
       0
       0
       0
       0
       0
       0
       0
       0
       0
       0
       0
       0
       0
       0
       0
       0
       0
       0
       0
       0
       0
       0
       0
       0
       0
       0
       0
       1
       0
       0
       0
       0
       0
       1
       1
       0
       0
       0
       0
       0
       0
       0
       0
       0
       0
       0
       0
       0
       0
       0
       0
       0
       0
       0
       0
       0
       0
       0
       0
       0
       0
       0
       0
       0
       0
       0
       0
       0
       0
       0
       0
       0
       0
       0
       0
$ROI:
1
663 868
$PRESETS:
Live Time
43000
0
$ENER_FIT:
-11.011522 0.363344
$MCA_CAL:
3
-1.101152E+001 3.633436E-001 3.226449E-006 keV
$SHAPE_CAL:
3
0.000000E+000 0.000000E+000 0.000000E+000
