$SPEC_ID:
This is sample 072.
$SPEC_REM:
DET# 1
DETDESC# DIP1456 PCI-Trump SN 253
AP# Maestro Version 7.01
$DATE_MEA:
01/16/2025 20:56:25
$MEAS_TIM:
1200 1235
$DATA:
0 2047
       0
       0
       0
       0
       0
       0
       0
       0
       0
       0
       0
       0
       0
       0
       0
       0
       0
       0
       0
       0
       0
       0
       0
       0
       0
       0
       0
       0
       0
       0
       0
       0
       0
       0
       0
       0
       0
       0
       0
       0
       0
       0
       0
       0
       0
       0
       0
       0
       0
       0
       0
       0
       0
       2
      25
      26
      33
      19
      33
      27
      21
      32
      22
      20
      21
      21
      25
      23
      20
      28
      22
      33
      26
      25
      27
      24
      25
      28
      30
      21
      34
      25
      24
      18
      25
      30
      25
      26
      30
      26
      30
      24
      29
      21
      27
      32
      26
      34
      36
      26
      24
      24
      32
      19
      30
      20
      28
      27
      19
      24
      22
      28
      25
      32
      31
      25
      33
      37
      38
      35
      26
      32
      28
      23
      21
      32
      38
      36
      23
      31
      24
      26
      33
      31
      28
      25
      18
      30
      31
      28
      24
      30
      28
      39
      28
      24
      23
      36
      28
      33
      42
      26
      22
      35
      38
      26
      17
      36
      31
      27
      35
      20
      37
      25
      31
      29
      34
      27
      30
      22
      19
      28
      32
      37
      26
      20
      34
      26
      31
      32
      31
      23
      35
      38
      32
      31
      32
      33
      25
      20
      34
      34
      36
      36
      26
      36
      33
      28
      26
      24
      29
      24
      24
      24
      29
      30
      14
      28
      24
      35
      26
      25
      25
      26
      21
      40
      26
      26
      27
      23
      16
      42
      29
      26
      21
      31
      32
      41
      29
      35
      29
      27
      24
      24
      34
      27
      27
      34
      28
      36
      33
      27
      19
      23
      13
      29
      34
      28
      26
      29
      25
      33
      27
      24
      29
      35
      30
      35
      25
      31
      29
      26
      32
      29
      31
      34
      30
      34
      32
      28
      28
      23
      28
      31
      35
      34
      31
      35
      23
      38
      30
      36
      31
      31
      32
      35
      22
      35
      20
      27
      29
      36
      21
      26
      28
      31
      30
      28
      28
      36
      32
      22
      32
      40
      31
      27
      38
      22
      21
      22
      38
      35
      31
      34
      21
      45
      22
      37
      28
      25
      32
      35
      31
      26
      27
      21
      16
      31
      31
      19
      22
      31
      27
      28
      30
      35
      32
      29
      23
      27
      24
      37
      26
      30
      32
      33
      39
      41
      38
      35
      27
      29
      39
      32
      33
      29
      28
      38
      19
      34
      27
      33
      27
      25
      27
      22
      30
      30
      27
      40
      35
      27
      29
      38
      37
      29
      30
      15
      32
      30
      24
      23
      32
      37
      31
      37
      31
      24
      33
      25
      31
      38
      33
      29
      32
      37
      36
      34
      28
      30
      24
      33
      27
      24
      37
      27
      34
      27
      41
      26
      19
      28
      29
      40
      31
      32
      30
      34
      27
      35
      40
      32
      22
      32
      38
      36
      20
      34
      27
      29
      25
      35
      26
      28
      34
      22
      17
      26
      33
      28
      27
      21
      35
      26
      39
      23
      34
      26
      36
      24
      24
      31
      29
      21
      35
      32
      29
      24
      32
      24
      30
      30
      33
      22
      20
      32
      33
      35
      33
      33
      32
      32
      36
      39
      25
      25
      30
      29
      30
      32
      32
      32
      26
      35
      41
      33
      19
      37
      29
      23
      40
      26
      37
      28
      30
      36
      37
      40
      40
      26
      37
      40
      30
      48
      33
      25
      29
      28
      26
      37
      30
      30
      34
      31
      32
      44
      30
      42
      24
      38
      40
      34
      23
      32
      25
      34
      45
      31
      35
      25
      39
      24
      33
      34
      25
      36
      17
      29
      37
      38
      38
      31
      29
      36
      28
      24
      48
      30
      36
      30
      37
      38
      44
      42
      36
      33
      37
      25
      16
      33
      35
      33
      28
      31
      29
      40
      35
      46
      23
      35
      28
      27
      31
      34
      27
      31
      21
      36
      34
      38
      19
      32
      33
      32
      35
      32
      24
      48
      30
      16
      39
      23
      38
      20
      37
      35
      26
      32
      31
      34
      38
      24
      42
      30
      27
      29
      29
      26
      31
      41
      27
      26
      26
      28
      21
      39
      30
      31
      33
      36
      36
      29
      33
      36
      29
      27
      31
      29
      27
      29
      30
      41
      29
      26
      27
      24
      17
      39
      25
      23
      22
      30
      29
      30
      29
      29
      28
      25
      27
      28
      30
      32
      41
      33
      38
      37
      36
      30
      27
      37
      32
      27
      43
      28
      30
      30
      17
      29
      21
      31
      33
      32
      30
      30
      25
      34
      33
      30
      27
      25
      26
      28
      30
      31
      23
      36
      22
      42
      25
      28
      42
      23
      31
      25
      29
      25
      33
      23
      24
      24
      30
      44
      37
      19
      25
      36
      36
      33
      25
      39
      32
      35
      31
      32
      32
      39
      31
      35
      22
      25
      33
      32
      28
      23
      24
      34
      25
      38
      32
      41
      27
      30
      32
      26
      37
      25
      25
      28
      25
      30
      34
      31
      31
      31
      27
      32
      34
      17
      22
      28
      35
      33
      26
      33
      33
      28
      30
      29
      23
      26
      30
      30
      39
      30
      20
      25
      34
      30
      31
      24
      28
      37
      27
      31
      16
      31
      24
      35
      26
      32
      24
      36
      42
      29
      33
      36
      29
      33
      35
      31
      33
      35
      33
      24
      22
      30
      32
      25
      29
      26
      27
      40
      30
      25
      29
      35
      42
      15
      30
      32
      22
      27
      33
      31
      30
      40
      29
      44
      28
      28
      39
      35
      30
      40
      37
      33
      37
      26
      28
      29
      41
      37
      41
      28
      29
      35
      24
      41
      30
      26
      26
      42
      34
      43
      39
      29
      37
      30
      39
      35
      35
      25
      30
      34
      33
      34
      47
      27
      30
      41
      31
      28
      37
      34
      33
      32
      37
      27
      42
      27
      39
      30
      37
      33
      41
      41
      41
      35
      31
      38
      33
      50
      34
      30
      28
      42
      31
      26
      24
      39
      23
      29
      39
      28
      33
      29
      38
      20
      24
      34
      28
      26
      30
      24
      29
      26
      31
      30
      29
      41
      36
      33
      32
      20
      38
      33
      28
      33
      20
      35
      26
      25
      32
      23
      33
      29
      29
      24
      29
      24
      19
      24
      33
      25
      15
      23
      16
      33
      31
      13
      31
      21
      15
      13
      22
      17
      14
      17
      18
      16
      16
      20
      17
      18
      19
      20
      16
      18
      14
       7
      20
      10
      14
      11
      11
      20
      13
      11
       8
      11
      19
      12
      17
      12
       9
      12
      11
      13
      11
      11
       9
      11
       8
      10
      13
      10
      10
      10
      17
       7
      13
      12
       8
      14
       5
      13
      10
       8
       6
       6
       7
      11
      10
       5
       6
       9
       8
      11
       6
      11
       1
       6
      10
       8
       9
       8
       7
       8
       6
       7
       7
       3
       4
      10
       9
       7
       9
       9
       6
       5
      13
      10
       5
       4
       5
      10
       8
       6
       4
       8
       9
       3
       5
       7
       5
       5
       9
       4
       5
       6
       2
       6
       4
       2
       6
       3
       6
       2
       3
       7
       7
       7
       3
       5
       4
       6
       3
       4
       4
       2
       5
       4
      10
       3
       1
       9
       3
       4
       1
       5
       3
       1
       2
       5
       6
       3
       5
       3
       3
       4
       3
       3
       2
       4
       2
       3
       2
       1
       4
       3
       5
       4
       4
       3
       1
       5
       2
       5
       1
       4
       3
       3
       2
       2
       3
       4
       4
       4
       2
       4
       2
       6
       4
       4
       2
       4
       4
       1
       2
       3
       4
       7
       5
       6
       2
       1
       4
       2
       0
       2
       3
       6
       7
       6
       2
       3
       0
       2
       1
       1
       2
       1
       3
       4
       2
       6
       3
       0
       2
       0
       2
       3
       7
       7
       4
       2
       3
       2
       3
       0
       2
       3
       1
       3
       3
       2
       1
       4
       1
       3
       2
       3
       2
       2
       0
       0
       5
       3
       1
       2
       2
       5
       4
       2
       3
       2
       3
       2
       3
       0
       2
       3
       4
       4
       3
       3
       3
       4
       2
       1
       1
       6
       1
       0
       3
       1
       3
       3
       1
       3
       5
       3
       4
       0
       0
       3
       3
       3
       4
       3
       1
       4
       1
       6
       1
       6
       4
       1
       3
       3
       1
       1
       1
       3
       1
       3
       3
       2
       6
       3
       4
       2
       3
       2
       2
       1
       0
       3
       2
       2
       2
       5
       3
       5
       1
       6
       4
       3
       6
       5
       3
       3
       2
       5
       2
       2
       2
       0
       3
       2
       3
       3
       3
       2
       3
       4
       1
       6
       5
       4
       2
       1
       3
       2
       4
       2
       2
       4
       3
       3
       3
       5
       2
       9
       4
       1
       5
       5
       5
       4
       6
       4
       2
       6
       5
       5
       9
       6
       6
      12
       8
       5
      11
       8
       7
       5
       9
      15
       7
      16
       7
       8
      15
      12
      17
      18
      19
      18
      16
      19
      17
      22
      21
      23
      19
      23
      34
      37
      30
      27
      35
      41
      38
      51
      53
      49
      54
      56
      58
      58
      77
      62
      64
      74
      67
      56
      73
      94
      71
      83
      94
      91
     108
     105
     109
     118
     111
     116
     121
     119
     135
     135
     161
     124
     148
     174
     158
     166
     176
     176
     206
     178
     198
     184
     201
     210
     220
     206
     222
     250
     217
     224
     235
     246
     250
     256
     278
     279
     269
     260
     274
     257
     300
     279
     279
     322
     310
     301
     310
     325
     343
     365
     329
     309
     348
     324
     347
     367
     349
     351
     363
     367
     364
     351
     364
     383
     354
     368
     363
     399
     362
     379
     402
     378
     370
     382
     384
     417
     362
     349
     382
     390
     339
     342
     354
     364
     382
     378
     331
     382
     366
     336
     370
     309
     378
     353
     306
     324
     295
     328
     338
     322
     318
     320
     267
     277
     278
     266
     274
     277
     275
     261
     252
     249
     234
     258
     210
     218
     202
     188
     203
     167
     199
     196
     189
     187
     164
     182
     186
     165
     141
     143
     139
     133
     123
     137
     145
     115
     131
     124
      94
     112
     108
      91
      90
      88
      93
      81
      71
      72
      75
      66
      70
      56
      54
      64
      49
      56
      50
      53
      49
      42
      39
      43
      40
      33
      30
      31
      24
      30
      26
      29
      36
      15
      20
      13
      17
      23
      25
      14
      12
      10
      14
      19
       5
       8
      16
      12
       4
       4
       6
      12
       6
       2
       3
       6
       7
       5
       6
       5
       4
       3
       3
       2
       7
       8
       7
       3
       3
       2
       7
       3
       3
       4
       1
       1
       2
       2
       0
       2
       1
       1
       1
       2
       2
       2
       0
       1
       0
       2
       1
       1
       1
       1
       0
       1
       1
       1
       3
       0
       1
       0
       1
       2
       1
       0
       2
       0
       1
       0
       0
       0
       2
       0
       0
       0
       0
       2
       1
       0
       1
       0
       0
       1
       0
       0
       1
       0
       1
       0
       1
       0
       0
       0
       2
       0
       0
       1
       1
       2
       0
       4
       1
       0
       1
       0
       2
       0
       1
       2
       0
       1
       1
       0
       4
       1
       0
       2
       0
       3
       1
       2
       1
       0
       0
       3
       1
       0
       0
       3
       0
       0
       1
       0
       1
       1
       1
       0
       0
       3
       1
       1
       2
       2
       1
       2
       1
       1
       1
       0
       1
       1
       1
       0
       1
       0
       1
       1
       1
       1
       0
       1
       1
       2
       0
       1
       1
       0
       1
       0
       1
       0
       1
       1
       0
       0
       2
       0
       0
       0
       1
       2
       0
       0
       1
       1
       1
       1
       0
       0
       1
       2
       1
       0
       1
       0
       2
       0
       0
       1
       1
       1
       0
       1
       0
       2
       1
       0
       1
       1
       0
       1
       0
       1
       0
       0
       0
       0
       0
       0
       0
       1
       0
       2
       0
       0
       2
       2
       0
       1
       3
       0
       2
       0
       0
       0
       0
       1
       1
       0
       1
       2
       1
       0
       1
       2
       1
       0
       0
       0
       1
       0
       1
       0
       3
       0
       2
       0
       0
       0
       0
       0
       0
       0
       4
       2
       1
       0
       1
       2
       0
       0
       1
       1
       0
       0
       1
       1
       0
       0
       0
       0
       1
       0
       0
       0
       2
       1
       1
       0
       0
       1
       1
       0
       0
       0
       0
       1
       0
       2
       1
       1
       2
       1
       0
       1
       0
       0
       0
       1
       1
       0
       1
       1
       1
       0
       1
       0
       1
       1
       0
       0
       0
       0
       1
       1
       1
       0
       0
       0
       1
       1
       1
       1
       0
       1
       1
       0
       1
       0
       0
       1
       2
       0
       2
       0
       1
       0
       1
       1
       1
       0
       0
       1
       1
       1
       2
       0
       0
       0
       1
       1
       0
       0
       0
       0
       0
       0
       1
       1
       0
       0
       2
       1
       1
       0
       2
       1
       1
       0
       0
       1
       1
       0
       0
       1
       1
       1
       0
       0
       0
       0
       0
       1
       0
       0
       1
       0
       0
       0
       2
       1
       0
       1
       0
       0
       0
       1
       0
       0
       0
       0
       2
       0
       2
       4
       1
       2
       3
       1
       2
       1
       1
       1
       1
       0
       0
       0
       0
       0
       1
       0
       0
       0
       1
       0
       2
       0
       0
       0
       2
       0
       0
       0
       0
       0
       0
       0
       0
       1
       0
       1
       2
       1
       3
       1
       0
       2
       0
       1
       2
       0
       0
       0
       2
       0
       0
       0
       1
       1
       1
       1
       1
       1
       1
       2
       0
       0
       1
       1
       0
       1
       0
       0
       0
       0
       1
       0
       0
       0
       0
       0
       0
       1
       0
       0
       0
       0
$ROI:
1
258 327
$PRESETS:
Live Time
1200
0
$ENER_FIT:
-37.406231 1.986979
$MCA_CAL:
3
-3.740623E+001 1.986979E+000 0.000000E+000 keV
$SHAPE_CAL:
3
0.000000E+000 0.000000E+000 0.000000E+000
