$SPEC_ID:
This is sample 020.
$SPEC_REM:
DET# 1
DETDESC# DIP1456 PCI-Trump SN 253
AP# Maestro Version 7.01
$DATE_MEA:
01/16/2025 01:39:21
$MEAS_TIM:
1200 1235
$DATA:
0 2047
       0
       0
       0
       0
       0
       0
       0
       0
       0
       0
       0
       0
       0
       0
       0
       0
       0
       0
       0
       0
       0
       0
       0
       0
       0
       0
       0
       0
       0
       0
       0
       0
       0
       0
       0
       0
       0
       0
       0
       0
       0
       0
       0
       0
       0
       0
       0
       0
       0
       0
       0
       0
       0
       4
      21
      30
      27
      30
      23
      22
      20
      35
      15
      22
      37
      28
      31
      21
      20
      24
      17
      31
      28
      19
      29
      26
      32
      25
      32
      21
      30
      27
      21
      38
      35
      26
      34
      28
      26
      20
      25
      24
      34
      26
      26
      21
      38
      28
      29
      23
      23
      28
      34
      27
      29
      19
      28
      23
      39
      26
      20
      18
      32
      32
      39
      30
      22
      30
      19
      26
      31
      29
      23
      19
      27
      20
      28
      27
      30
      30
      23
      29
      29
      32
      34
      23
      29
      23
      21
      22
      21
      22
      33
      30
      35
      36
      28
      23
      30
      32
      24
      30
      36
      24
      25
      37
      26
      26
      28
      25
      21
      27
      33
      29
      24
      26
      26
      28
      31
      27
      24
      24
      19
      31
      35
      39
      26
      39
      31
      35
      36
      29
      32
      23
      28
      23
      32
      29
      28
      29
      43
      44
      26
      30
      34
      25
      30
      38
      33
      23
      27
      33
      33
      25
      27
      27
      40
      29
      34
      29
      24
      32
      28
      29
      26
      34
      24
      31
      33
      36
      22
      27
      29
      30
      22
      26
      29
      41
      25
      23
      27
      19
      35
      26
      32
      39
      34
      24
      35
      33
      34
      25
      43
      20
      32
      25
      34
      28
      27
      33
      35
      40
      34
      30
      29
      33
      37
      32
      25
      27
      27
      18
      28
      38
      31
      30
      23
      32
      33
      33
      26
      23
      28
      18
      27
      24
      40
      33
      24
      27
      33
      29
      24
      37
      30
      35
      26
      24
      21
      29
      27
      34
      23
      38
      24
      32
      33
      30
      24
      30
      40
      35
      35
      27
      33
      24
      40
      26
      27
      20
      28
      37
      45
      21
      25
      22
      28
      28
      20
      27
      32
      21
      35
      32
      40
      24
      39
      30
      38
      27
      33
      26
      18
      30
      26
      23
      37
      39
      27
      27
      29
      26
      29
      24
      37
      26
      40
      34
      29
      34
      27
      34
      36
      26
      28
      32
      31
      38
      39
      37
      21
      24
      29
      21
      38
      22
      32
      32
      32
      32
      34
      37
      15
      22
      33
      33
      35
      36
      34
      28
      32
      39
      26
      33
      29
      26
      34
      30
      29
      33
      28
      27
      22
      35
      27
      27
      23
      39
      29
      32
      21
      30
      29
      31
      34
      23
      22
      31
      24
      30
      31
      31
      31
      28
      26
      32
      24
      25
      23
      37
      32
      28
      29
      30
      26
      31
      22
      26
      25
      28
      29
      39
      35
      22
      30
      30
      41
      33
      22
      25
      37
      27
      40
      37
      31
      33
      31
      26
      47
      22
      34
      31
      23
      21
      32
      38
      25
      34
      32
      21
      35
      21
      38
      34
      35
      29
      23
      19
      31
      19
      32
      35
      33
      27
      25
      27
      36
      34
      28
      19
      33
      26
      21
      17
      40
      26
      27
      34
      35
      28
      29
      33
      35
      34
      33
      40
      29
      39
      25
      30
      27
      36
      29
      27
      33
      32
      40
      22
      20
      43
      27
      34
      34
      27
      35
      27
      33
      36
      33
      27
      30
      35
      28
      32
      37
      33
      21
      40
      23
      40
      26
      32
      37
      27
      30
      34
      25
      37
      42
      33
      36
      32
      28
      34
      31
      38
      36
      30
      34
      26
      30
      30
      32
      46
      33
      42
      32
      27
      30
      34
      43
      25
      26
      42
      35
      32
      33
      30
      36
      25
      32
      40
      38
      31
      31
      28
      22
      44
      29
      34
      30
      34
      29
      27
      28
      21
      35
      30
      26
      27
      33
      28
      39
      27
      32
      25
      30
      31
      38
      42
      38
      34
      35
      33
      31
      29
      32
      45
      33
      28
      21
      39
      27
      33
      24
      28
      18
      23
      24
      32
      40
      31
      33
      33
      28
      26
      28
      28
      24
      29
      24
      29
      37
      35
      23
      35
      25
      35
      26
      32
      38
      36
      23
      35
      25
      26
      26
      40
      34
      20
      29
      31
      26
      28
      29
      29
      26
      28
      31
      27
      29
      35
      23
      19
      26
      25
      27
      35
      33
      34
      39
      23
      40
      29
      31
      25
      18
      21
      27
      29
      34
      30
      18
      31
      21
      25
      38
      31
      18
      33
      31
      28
      27
      21
      26
      22
      24
      24
      20
      26
      29
      31
      31
      30
      27
      21
      29
      37
      28
      28
      28
      25
      35
      31
      29
      30
      23
      26
      23
      31
      32
      35
      28
      26
      23
      19
      36
      28
      25
      22
      35
      29
      31
      30
      40
      29
      37
      22
      35
      24
      30
      30
      34
      31
      22
      28
      24
      23
      28
      33
      30
      40
      31
      34
      35
      25
      27
      40
      28
      23
      33
      23
      38
      33
      33
      39
      33
      30
      42
      27
      36
      32
      29
      33
      35
      35
      20
      33
      32
      26
      29
      26
      26
      30
      28
      36
      25
      23
      27
      23
      32
      31
      22
      23
      34
      36
      27
      40
      31
      36
      37
      32
      26
      35
      37
      30
      37
      28
      39
      39
      26
      27
      24
      30
      30
      31
      35
      38
      25
      35
      32
      34
      27
      34
      27
      33
      32
      33
      36
      38
      42
      37
      32
      24
      43
      36
      30
      38
      40
      38
      25
      25
      32
      29
      33
      29
      42
      28
      32
      30
      32
      33
      33
      43
      31
      30
      28
      41
      35
      36
      35
      37
      41
      33
      32
      34
      36
      32
      44
      44
      31
      33
      32
      45
      35
      36
      43
      27
      42
      33
      46
      38
      32
      28
      31
      35
      26
      20
      39
      36
      39
      27
      33
      27
      28
      40
      31
      30
      32
      36
      25
      40
      32
      27
      30
      19
      20
      29
      35
      33
      24
      31
      26
      30
      34
      28
      29
      44
      18
      28
      23
      34
      21
      27
      31
      23
      25
      33
      36
      24
      27
      41
      33
      18
      40
      21
      17
      24
      25
      19
      19
      20
      22
      18
      16
      17
      19
      16
      24
      18
      24
      23
      25
      15
      16
      20
      15
      17
      18
      17
      14
      16
      17
      17
      11
      16
      13
      12
      16
      16
      14
      11
      15
      10
       8
      15
      10
       4
      13
       8
      12
       9
       7
      10
       4
      13
       8
       7
       9
      10
      11
      10
      12
       6
       8
      12
       8
       8
       6
      15
      13
      10
       9
      14
      11
       5
       8
       4
       4
       5
       7
      11
       7
       7
      14
       8
       7
       2
       6
       4
       3
      12
       8
       8
       7
       4
       3
       4
       6
       4
       5
       5
       7
       5
       2
       6
      10
       7
       4
       5
       7
       1
       7
       5
       6
       9
       9
       7
       5
       3
       8
       2
       6
       7
       2
       7
       7
       7
       4
       3
       9
       6
       2
       3
      10
       6
       6
       4
       4
       4
       4
       5
       5
       6
       6
       4
       6
       5
       2
       9
       8
       5
       1
       3
       3
       6
       3
       8
       1
       0
       5
       3
       5
       2
       7
       4
       3
       0
       1
       2
       4
       3
       2
       4
       5
       5
       1
       3
      10
       2
       4
       2
       2
       4
       4
       3
       5
       5
       9
       6
       2
       5
       6
       1
       4
       3
       6
       2
       7
       5
       3
       3
       1
       3
       4
       1
       5
       6
       2
       2
       3
       4
       5
       1
       4
       5
       2
       4
       2
       1
       3
       1
       1
       0
       2
       6
       4
       3
       2
       3
       1
       3
       4
       3
       3
       3
       4
       0
       1
       2
       1
       1
       1
       1
       2
       3
       2
       6
       0
       1
       3
       0
       3
       4
       2
       3
       3
       2
       1
       4
       2
       5
       5
       1
       3
       2
       1
       2
       1
       2
       2
       1
       1
       3
       3
       5
       2
       2
       0
       2
       2
       2
       3
       4
       4
       2
       2
       2
       2
       4
       0
       0
       4
       5
       1
       4
       2
       3
       4
       4
       0
       4
       1
       2
       3
       2
       2
       1
       1
       5
       1
       3
       5
       4
       2
       5
       2
       4
       1
       2
       3
       4
       4
       1
       4
       2
       3
       2
       1
       3
       5
       2
       3
       2
       2
       8
       5
       3
       2
       2
       0
       1
       3
       7
       1
       1
       1
       2
       1
       3
       2
       2
       3
       3
       2
       4
       9
       4
       7
       3
       1
       4
       2
       5
       4
       3
       6
       3
       7
       4
       4
       3
       3
       2
       1
       5
       2
       3
       9
       2
       6
       4
       9
       1
       4
       3
       5
       2
       1
       7
       5
      10
       6
       5
       7
      10
       7
      10
       8
       9
      11
       9
       7
      17
      18
      12
      12
       7
      17
      16
      21
      17
      25
      16
      23
      20
      27
      33
      26
      32
      25
      25
      26
      31
      37
      34
      44
      44
      52
      38
      50
      46
      61
      48
      70
      59
      57
      81
      47
      77
      93
      80
      86
      74
      87
     104
     117
      73
     113
     115
     110
     126
     118
     108
     119
     118
     117
     143
     157
     143
     152
     171
     149
     172
     155
     193
     168
     189
     188
     178
     203
     225
     226
     225
     214
     248
     215
     256
     251
     227
     238
     263
     293
     278
     293
     266
     276
     251
     304
     265
     298
     288
     332
     304
     303
     311
     370
     330
     338
     328
     319
     345
     364
     359
     343
     331
     350
     378
     408
     375
     377
     359
     364
     392
     344
     374
     366
     371
     352
     378
     370
     403
     423
     373
     418
     371
     387
     338
     365
     334
     344
     319
     351
     347
     364
     335
     335
     352
     339
     333
     321
     294
     319
     309
     293
     253
     301
     276
     280
     281
     260
     285
     287
     252
     252
     245
     246
     265
     236
     232
     217
     221
     197
     204
     221
     216
     206
     188
     222
     183
     182
     180
     148
     142
     141
     149
     152
     141
     150
     161
     124
     145
     130
     117
     124
     130
     111
     106
      82
      97
      86
      86
      73
      70
      85
      70
      57
      63
      60
      61
      61
      55
      46
      46
      38
      53
      41
      39
      38
      32
      27
      27
      32
      24
      32
      27
      29
      23
      24
      19
      21
      16
      15
      23
      13
      13
       8
      11
      12
       9
      11
      12
      13
       6
       2
       9
      11
      10
       4
       6
       8
      10
       3
      11
       4
       7
       6
       5
       8
       8
       7
       4
       2
       3
       0
       3
       2
       1
       0
       2
       0
       1
       1
       1
       2
       2
       0
       1
       1
       3
       1
       0
       0
       1
       1
       0
       0
       1
       2
       1
       0
       1
       1
       2
       1
       0
       1
       1
       1
       1
       5
       1
       3
       3
       0
       2
       1
       2
       1
       1
       0
       1
       0
       1
       3
       0
       0
       4
       0
       0
       1
       2
       0
       0
       0
       1
       0
       1
       0
       1
       0
       0
       1
       1
       0
       0
       2
       0
       2
       1
       0
       1
       1
       0
       1
       0
       2
       0
       1
       1
       1
       0
       1
       1
       0
       1
       3
       0
       0
       0
       0
       0
       1
       0
       1
       0
       0
       1
       0
       1
       1
       0
       1
       1
       1
       1
       0
       0
       2
       0
       0
       0
       1
       0
       0
       0
       0
       4
       1
       0
       2
       0
       0
       1
       2
       0
       0
       1
       1
       0
       0
       2
       0
       0
       0
       1
       0
       0
       1
       3
       1
       1
       0
       1
       2
       0
       0
       0
       0
       1
       2
       0
       1
       0
       1
       0
       0
       1
       1
       0
       0
       1
       0
       0
       0
       0
       0
       0
       1
       0
       0
       0
       1
       1
       2
       0
       0
       0
       1
       0
       0
       1
       1
       0
       1
       0
       1
       0
       0
       2
       0
       0
       0
       2
       2
       0
       1
       0
       0
       0
       3
       0
       1
       0
       0
       0
       0
       1
       0
       1
       1
       0
       2
       2
       1
       1
       0
       2
       1
       0
       2
       0
       1
       0
       0
       0
       1
       2
       0
       1
       1
       0
       0
       0
       0
       3
       0
       0
       1
       0
       1
       1
       3
       0
       0
       1
       0
       1
       0
       0
       1
       1
       0
       0
       1
       0
       2
       0
       0
       0
       0
       1
       1
       1
       0
       0
       0
       0
       1
       1
       0
       0
       0
       0
       0
       0
       1
       1
       0
       1
       0
       0
       0
       1
       0
       0
       0
       1
       1
       0
       0
       0
       0
       1
       0
       0
       0
       1
       0
       0
       0
       1
       0
       0
       2
       0
       1
       0
       0
       1
       0
       2
       0
       0
       0
       0
       1
       1
       0
       1
       0
       1
       0
       1
       0
       0
       1
       0
       0
       2
       0
       0
       0
       0
       1
       2
       0
       1
       0
       0
       0
       0
       1
       3
       0
       2
       0
       1
       2
       1
       0
       0
       2
       0
       1
       1
       0
       0
       3
       1
       0
       0
       2
       0
       0
       1
       0
       2
       0
       0
       2
       2
       1
       0
       1
       0
       0
       0
       2
       1
       0
       0
       0
       0
       3
       1
       1
       2
       1
       0
       0
       0
       0
       0
       0
       0
       1
       0
       1
       1
       0
       0
       0
       0
       1
       0
       1
       0
       0
       0
       1
       0
       0
       2
       0
       0
       2
       0
       0
       0
       0
       0
       1
       1
       2
       1
       0
       1
       0
       0
       0
       0
       0
       2
       0
       0
       1
       1
       1
       0
       1
       0
       1
       0
       1
       1
       0
       0
       0
       0
       0
       0
       0
       0
       0
       0
       0
       0
$ROI:
1
258 327
$PRESETS:
Live Time
1200
0
$ENER_FIT:
-37.406231 1.986979
$MCA_CAL:
3
-3.740623E+001 1.986979E+000 0.000000E+000 keV
$SHAPE_CAL:
3
0.000000E+000 0.000000E+000 0.000000E+000
