$SPEC_ID:
This is sample 106.
$SPEC_REM:
DET# 1
DETDESC# DIP1456 PCI-Trump SN 253
AP# Maestro Version 7.01
$DATE_MEA:
01/17/2025 09:32:56
$MEAS_TIM:
1200 1235
$DATA:
0 2047
       0
       0
       0
       0
       0
       0
       0
       0
       0
       0
       0
       0
       0
       0
       0
       0
       0
       0
       0
       0
       0
       0
       0
       0
       0
       0
       0
       0
       0
       0
       0
       0
       0
       0
       0
       0
       0
       0
       0
       0
       0
       0
       0
       0
       0
       0
       0
       0
       0
       0
       0
       0
       0
       4
      17
      22
      16
      31
      24
      24
      21
      29
      25
      22
      31
      25
      24
      24
      30
      30
      20
      33
      21
      34
      22
      30
      29
      30
      25
      26
      27
      22
      25
      28
      28
      26
      28
      22
      25
      29
      27
      33
      27
      19
      30
      24
      26
      22
      28
      28
      28
      27
      22
      22
      23
      29
      22
      18
      29
      35
      27
      31
      30
      30
      26
      35
      34
      27
      32
      38
      26
      25
      31
      34
      22
      28
      31
      30
      28
      29
      35
      28
      31
      26
      33
      31
      38
      32
      21
      25
      43
      36
      28
      33
      26
      27
      26
      23
      29
      27
      38
      29
      23
      31
      30
      14
      25
      39
      20
      36
      32
      22
      23
      35
      29
      30
      28
      27
      33
      29
      26
      35
      41
      22
      34
      28
      27
      25
      29
      28
      28
      31
      22
      32
      20
      23
      27
      29
      24
      40
      30
      35
      24
      35
      36
      32
      25
      27
      40
      35
      24
      38
      35
      22
      28
      24
      30
      36
      23
      32
      34
      35
      30
      25
      35
      20
      33
      32
      30
      23
      28
      27
      20
      33
      31
      30
      34
      30
      26
      25
      34
      32
      28
      30
      25
      39
      25
      31
      25
      33
      25
      32
      31
      26
      30
      34
      29
      28
      29
      35
      32
      31
      19
      26
      41
      24
      32
      36
      27
      30
      29
      25
      24
      42
      14
      30
      18
      26
      28
      31
      29
      17
      26
      31
      28
      25
      16
      20
      35
      22
      30
      29
      23
      23
      26
      27
      28
      24
      31
      23
      30
      29
      22
      37
      38
      36
      37
      27
      37
      31
      37
      31
      25
      27
      35
      19
      33
      43
      34
      26
      27
      20
      37
      33
      31
      32
      31
      23
      28
      29
      26
      28
      30
      22
      20
      30
      29
      27
      43
      21
      29
      31
      27
      30
      26
      26
      21
      34
      25
      39
      31
      36
      27
      20
      23
      27
      32
      15
      30
      41
      26
      25
      22
      30
      23
      28
      33
      32
      28
      36
      40
      21
      39
      25
      26
      27
      30
      38
      24
      35
      27
      32
      21
      35
      34
      33
      27
      36
      32
      34
      30
      24
      27
      25
      33
      31
      29
      15
      27
      27
      29
      24
      22
      29
      20
      25
      20
      30
      40
      32
      23
      30
      29
      32
      40
      22
      26
      26
      40
      26
      29
      25
      32
      24
      31
      19
      37
      31
      35
      23
      29
      34
      30
      31
      25
      20
      35
      27
      40
      38
      32
      29
      32
      29
      24
      36
      28
      28
      34
      27
      22
      31
      37
      23
      28
      22
      24
      30
      26
      21
      28
      22
      26
      35
      23
      30
      21
      33
      27
      25
      29
      20
      32
      24
      26
      36
      37
      44
      32
      32
      36
      27
      32
      20
      29
      39
      28
      41
      22
      27
      27
      32
      25
      33
      25
      21
      23
      30
      47
      31
      43
      34
      39
      36
      30
      27
      41
      31
      33
      24
      26
      32
      30
      36
      32
      32
      34
      40
      32
      23
      33
      37
      24
      44
      24
      40
      39
      34
      33
      29
      33
      32
      26
      38
      29
      28
      36
      34
      23
      31
      36
      26
      35
      35
      33
      27
      34
      40
      36
      38
      41
      36
      34
      48
      34
      34
      29
      32
      30
      36
      34
      36
      44
      27
      27
      39
      39
      32
      37
      27
      28
      23
      42
      35
      44
      38
      29
      46
      30
      37
      30
      29
      30
      25
      32
      39
      28
      29
      33
      40
      26
      27
      29
      28
      30
      30
      16
      36
      26
      27
      29
      23
      33
      33
      33
      30
      35
      29
      22
      31
      22
      27
      27
      31
      39
      27
      30
      30
      33
      35
      28
      33
      30
      33
      33
      36
      32
      33
      30
      32
      31
      37
      37
      31
      26
      36
      29
      25
      29
      30
      33
      33
      20
      37
      32
      24
      29
      28
      28
      26
      25
      20
      26
      26
      30
      31
      28
      23
      26
      22
      30
      29
      25
      28
      34
      36
      31
      37
      34
      34
      30
      34
      32
      29
      28
      29
      40
      42
      25
      27
      30
      39
      26
      24
      31
      31
      30
      26
      37
      38
      25
      34
      32
      19
      29
      31
      28
      25
      26
      32
      31
      23
      23
      30
      41
      28
      29
      22
      32
      26
      39
      30
      29
      26
      24
      24
      30
      27
      36
      27
      30
      23
      31
      25
      35
      29
      24
      30
      29
      28
      31
      28
      35
      30
      28
      25
      38
      26
      37
      36
      32
      28
      33
      30
      34
      32
      17
      32
      29
      24
      27
      31
      36
      27
      39
      30
      29
      44
      22
      23
      33
      28
      36
      32
      40
      37
      32
      35
      25
      30
      21
      33
      40
      20
      34
      31
      29
      22
      30
      32
      30
      28
      32
      33
      33
      30
      34
      31
      35
      23
      26
      31
      48
      31
      34
      24
      34
      28
      23
      37
      29
      34
      35
      24
      30
      34
      31
      28
      20
      24
      26
      26
      31
      42
      32
      38
      20
      29
      28
      40
      30
      24
      40
      30
      29
      25
      36
      29
      27
      38
      33
      21
      27
      31
      18
      38
      38
      41
      32
      34
      39
      27
      40
      52
      32
      25
      33
      42
      28
      37
      23
      43
      34
      36
      27
      34
      33
      30
      32
      21
      38
      24
      39
      43
      41
      31
      25
      36
      32
      27
      28
      24
      41
      33
      29
      35
      42
      36
      38
      28
      32
      31
      31
      42
      27
      28
      27
      27
      40
      24
      41
      40
      36
      35
      43
      25
      33
      25
      38
      37
      23
      29
      27
      26
      44
      29
      28
      25
      39
      39
      34
      43
      30
      21
      40
      32
      34
      24
      31
      35
      28
      35
      22
      31
      44
      31
      32
      30
      23
      29
      30
      28
      25
      24
      22
      29
      35
      35
      29
      23
      19
      28
      17
      26
      29
      27
      16
      18
      31
      30
      21
      34
      21
      26
      24
      20
      22
      14
      22
      11
      11
      22
      10
      24
      26
      13
      13
      17
      28
      19
      17
      22
      15
      15
      14
      11
      23
      15
      15
      17
      13
      12
      13
      12
      14
       7
      12
      13
      24
      15
      21
      12
      10
      15
      12
      11
      13
      10
      10
       8
      12
       9
       9
       7
       5
       7
      11
      12
       5
       7
       6
      11
      12
       7
      12
       7
       6
       9
      13
       9
       3
       8
      12
       4
       5
      11
       7
       1
       5
       6
       7
       8
       4
       6
       4
      13
       4
      10
       5
       5
       7
       9
       5
       7
       4
       4
       7
       4
       5
       6
      11
      10
       3
       7
       5
       6
       4
       7
       6
       8
       7
       3
       6
       7
       2
       7
       5
       6
       8
       7
       6
       8
      10
       1
       7
       3
       3
       5
       4
       4
       2
       4
       3
       6
       5
       1
       4
       7
       5
       5
       3
       5
       5
       3
       7
       7
       4
       7
       2
       3
       6
       1
       4
       4
       4
       3
       2
       3
       4
       2
       5
       2
       5
       2
       1
       2
       4
       7
       4
       4
       3
       2
       1
       3
       3
       3
       3
       4
      11
       4
       1
       1
       3
       4
       4
       3
       2
       3
       4
       5
       2
       7
       3
       2
       4
       1
       3
       2
       2
       2
       2
       3
       1
       2
       2
       4
       3
       6
       2
       2
       2
       0
       0
       4
       2
       5
       2
       2
       2
       2
       3
       3
       4
       5
       5
       4
       2
       2
       2
       1
       2
       1
       4
       4
       0
       3
       2
       1
       2
       1
       4
       2
       1
       2
       0
       5
       3
       3
       2
       2
       3
       1
       1
       3
       3
       3
       5
       1
       7
       1
       1
       2
       1
       0
       4
       1
       6
       2
       1
       3
       1
       3
       4
       3
       2
       2
       4
       2
       2
       2
       2
       3
       3
       1
       0
       5
       1
       1
       2
       2
       0
       1
       4
       2
       6
       3
       3
       2
       2
       2
       1
       3
       0
       3
       6
       2
       3
       4
       2
       5
       3
       0
       6
       3
       3
       1
       3
       1
       2
       5
       3
       2
       3
       2
       4
       3
       1
       0
       2
       0
       3
       3
       0
       2
       6
       5
       3
       2
       4
       2
       2
       2
       5
       5
       1
       3
       3
       1
       2
       1
       2
       3
       6
       4
       3
       9
       4
       4
       2
       1
       7
       2
       1
       1
       1
       0
       1
       9
       2
       1
       6
       8
       4
       8
       3
       7
      11
       6
       2
       7
       6
      10
       9
       4
      10
       5
       6
       6
      14
      18
      10
      11
      16
      11
       4
       8
      15
      13
      23
      21
      24
      29
      25
      23
      18
      25
      27
      24
      32
      31
      37
      37
      32
      39
      41
      41
      50
      51
      60
      56
      55
      49
      59
      51
      69
      51
      60
      84
      83
      78
      91
      74
      84
     122
      99
     107
      89
     120
      97
     107
     117
     120
     147
     126
     133
     135
     150
     153
     164
     135
     176
     178
     176
     169
     203
     177
     211
     186
     195
     193
     212
     191
     215
     251
     204
     231
     231
     268
     268
     245
     266
     259
     280
     288
     279
     275
     274
     311
     324
     326
     328
     340
     331
     326
     321
     336
     316
     354
     326
     341
     339
     332
     356
     384
     369
     347
     391
     375
     367
     363
     361
     405
     404
     404
     389
     399
     398
     388
     392
     379
     373
     370
     380
     392
     403
     373
     350
     336
     361
     393
     366
     326
     374
     385
     336
     336
     354
     327
     311
     356
     345
     307
     320
     314
     303
     314
     297
     270
     288
     271
     313
     270
     245
     287
     240
     241
     220
     235
     216
     212
     228
     216
     198
     208
     195
     203
     178
     178
     177
     159
     161
     159
     149
     156
     122
     146
     144
     125
     133
     131
     148
     136
     105
     102
      97
      82
     108
      87
      85
      78
      74
      81
      83
      67
      63
      53
      63
      56
      56
      55
      53
      54
      46
      38
      40
      40
      37
      42
      31
      24
      23
      29
      25
      29
      26
      19
      21
      26
      15
      24
      14
      15
      14
      19
       8
      18
      13
      15
      14
       8
      10
      13
       8
       5
       5
       8
      14
       8
       4
       7
       3
       3
       8
       4
       3
       5
       5
       2
       5
       2
       1
       2
       3
       1
       3
       2
       5
       2
       5
       0
       0
       1
       2
       1
       3
       2
       3
       3
       0
       1
       1
       3
       1
       1
       0
       2
       1
       0
       2
       1
       0
       0
       1
       1
       0
       2
       2
       0
       0
       1
       0
       2
       0
       1
       2
       1
       1
       2
       0
       1
       0
       0
       3
       2
       2
       1
       1
       1
       1
       2
       0
       1
       4
       1
       0
       0
       2
       1
       0
       1
       1
       0
       0
       0
       0
       1
       0
       2
       1
       2
       1
       1
       1
       0
       0
       1
       0
       1
       2
       0
       0
       0
       1
       0
       0
       0
       1
       1
       2
       2
       1
       1
       0
       0
       1
       0
       0
       0
       0
       0
       1
       1
       0
       0
       1
       0
       1
       2
       0
       0
       3
       1
       1
       1
       0
       1
       0
       1
       0
       0
       1
       0
       0
       1
       1
       0
       0
       1
       1
       0
       0
       3
       0
       2
       1
       1
       0
       0
       0
       1
       0
       1
       1
       0
       0
       1
       1
       0
       1
       0
       0
       0
       0
       1
       1
       1
       0
       2
       1
       2
       1
       0
       1
       1
       0
       2
       0
       0
       1
       2
       0
       1
       0
       0
       1
       0
       1
       1
       0
       0
       0
       0
       0
       1
       0
       1
       0
       1
       1
       0
       0
       0
       0
       3
       0
       1
       0
       0
       1
       1
       0
       2
       1
       1
       0
       2
       1
       1
       1
       1
       1
       0
       0
       1
       0
       0
       1
       0
       2
       0
       1
       1
       0
       0
       0
       2
       0
       1
       1
       0
       0
       0
       2
       0
       1
       0
       1
       1
       1
       0
       0
       1
       0
       2
       0
       1
       0
       0
       0
       0
       0
       2
       0
       0
       1
       0
       0
       1
       0
       0
       2
       0
       1
       0
       1
       1
       0
       0
       0
       0
       1
       0
       1
       0
       0
       1
       1
       0
       0
       1
       0
       0
       1
       0
       0
       2
       1
       0
       2
       3
       0
       2
       0
       0
       0
       1
       2
       1
       0
       2
       0
       0
       1
       0
       2
       1
       0
       0
       0
       2
       0
       0
       0
       1
       0
       0
       1
       1
       4
       1
       0
       0
       2
       0
       1
       1
       1
       1
       0
       1
       2
       1
       0
       1
       1
       1
       1
       0
       1
       2
       0
       2
       1
       0
       1
       0
       1
       0
       0
       0
       1
       0
       0
       2
       0
       2
       0
       1
       0
       0
       0
       1
       2
       1
       1
       1
       0
       1
       0
       1
       1
       1
       1
       0
       0
       1
       0
       0
       1
       0
       0
       0
       2
       1
       0
       1
       0
       2
       0
       1
       1
       0
       1
       0
       1
       0
       2
       0
       1
       1
       2
       1
       0
       1
       0
       1
       2
       1
       0
       1
       0
       0
       2
       1
       1
       0
       1
       2
       1
       1
       2
       1
       2
       0
       2
       0
       0
       0
       0
       0
       0
       1
       0
       0
       1
       0
       0
       1
       0
       1
       0
       0
       0
       0
       0
       0
       1
       1
       0
       0
       0
       0
       0
       0
       1
       0
       0
       0
$ROI:
1
258 327
$PRESETS:
Live Time
1200
0
$ENER_FIT:
-37.406231 1.986979
$MCA_CAL:
3
-3.740623E+001 1.986979E+000 0.000000E+000 keV
$SHAPE_CAL:
3
0.000000E+000 0.000000E+000 0.000000E+000
