$SPEC_ID:
This is sample 116.
$SPEC_REM:
DET# 1
DETDESC# DIP1456 PCI-Trump SN 253
AP# Maestro Version 7.01
$DATE_MEA:
01/17/2025 13:15:26
$MEAS_TIM:
1200 1235
$DATA:
0 2047
       0
       0
       0
       0
       0
       0
       0
       0
       0
       0
       0
       0
       0
       0
       0
       0
       0
       0
       0
       0
       0
       0
       0
       0
       0
       0
       0
       0
       0
       0
       0
       0
       0
       0
       0
       0
       0
       0
       0
       0
       0
       0
       0
       0
       0
       0
       0
       0
       0
       0
       0
       0
       0
       1
      25
      34
      28
      31
      28
      15
      29
      22
      22
      32
      21
      19
      34
      19
      27
      18
      34
      23
      20
      29
      18
      33
      32
      21
      43
      38
      33
      28
      28
      13
      27
      23
      23
      23
      23
      25
      35
      31
      26
      41
      26
      34
      30
      22
      33
      29
      23
      32
      31
      25
      28
      28
      27
      27
      36
      27
      38
      23
      30
      29
      27
      28
      31
      25
      28
      28
      26
      30
      23
      30
      19
      29
      31
      29
      42
      27
      25
      28
      27
      27
      20
      31
      23
      35
      29
      23
      25
      28
      23
      25
      34
      33
      29
      24
      38
      20
      35
      38
      29
      38
      28
      31
      25
      26
      25
      25
      23
      30
      24
      30
      35
      38
      27
      37
      39
      25
      33
      27
      37
      19
      21
      28
      23
      37
      33
      33
      20
      31
      38
      33
      30
      34
      38
      32
      23
      34
      25
      35
      23
      28
      17
      21
      27
      38
      33
      31
      23
      22
      25
      51
      30
      31
      18
      33
      30
      27
      27
      32
      33
      43
      36
      20
      31
      24
      17
      23
      27
      33
      29
      36
      34
      37
      33
      25
      30
      25
      26
      29
      24
      27
      25
      31
      27
      32
      31
      19
      28
      27
      24
      35
      26
      28
      24
      33
      31
      30
      26
      35
      28
      35
      29
      25
      39
      39
      26
      31
      23
      21
      43
      35
      30
      23
      35
      37
      38
      40
      27
      35
      30
      40
      32
      29
      34
      27
      29
      25
      31
      28
      33
      28
      35
      37
      28
      32
      31
      36
      20
      30
      30
      33
      30
      25
      34
      29
      31
      25
      37
      31
      25
      22
      35
      24
      26
      25
      36
      28
      34
      31
      24
      28
      36
      23
      40
      38
      26
      26
      29
      20
      23
      36
      29
      21
      28
      25
      31
      31
      29
      27
      23
      28
      29
      24
      41
      31
      27
      31
      35
      30
      25
      27
      26
      24
      35
      29
      32
      30
      18
      34
      38
      28
      33
      30
      34
      32
      28
      23
      31
      25
      28
      30
      28
      36
      32
      39
      29
      24
      29
      39
      30
      35
      20
      28
      26
      32
      32
      37
      35
      26
      27
      29
      35
      33
      24
      35
      24
      27
      27
      21
      25
      24
      32
      40
      37
      38
      32
      29
      30
      27
      37
      32
      33
      33
      32
      24
      25
      26
      33
      35
      32
      30
      23
      20
      31
      35
      37
      31
      35
      36
      37
      38
      36
      29
      25
      38
      36
      31
      39
      35
      22
      34
      28
      27
      25
      26
      26
      26
      31
      31
      31
      34
      31
      33
      44
      29
      27
      34
      33
      31
      39
      42
      29
      26
      28
      33
      29
      40
      39
      42
      33
      28
      22
      28
      27
      30
      33
      32
      34
      28
      29
      34
      37
      20
      28
      39
      31
      32
      26
      40
      30
      35
      31
      39
      33
      27
      33
      29
      28
      31
      39
      31
      26
      24
      36
      31
      26
      39
      29
      32
      26
      38
      34
      39
      28
      33
      33
      30
      31
      35
      25
      28
      31
      31
      38
      37
      29
      29
      42
      27
      37
      31
      33
      42
      32
      29
      40
      28
      43
      41
      36
      25
      50
      26
      21
      36
      27
      22
      42
      35
      32
      38
      28
      34
      31
      32
      41
      37
      33
      37
      30
      30
      35
      28
      30
      34
      29
      34
      36
      36
      35
      32
      25
      28
      26
      27
      35
      42
      33
      34
      32
      28
      30
      28
      32
      39
      32
      35
      26
      35
      29
      22
      35
      33
      28
      33
      32
      32
      33
      24
      28
      42
      41
      28
      28
      28
      26
      34
      38
      26
      39
      26
      37
      30
      31
      31
      42
      29
      24
      30
      30
      37
      35
      36
      32
      35
      28
      31
      33
      33
      23
      23
      30
      24
      33
      23
      38
      29
      23
      29
      36
      25
      26
      27
      39
      26
      34
      27
      30
      23
      36
      33
      26
      32
      25
      27
      26
      33
      28
      30
      31
      28
      25
      29
      17
      24
      37
      27
      34
      50
      36
      27
      33
      32
      31
      30
      34
      33
      41
      34
      31
      37
      32
      33
      35
      32
      27
      33
      31
      28
      31
      26
      27
      32
      36
      33
      27
      28
      27
      22
      32
      32
      34
      32
      41
      23
      33
      24
      29
      25
      31
      39
      21
      23
      30
      25
      31
      40
      36
      43
      38
      34
      24
      26
      19
      34
      26
      33
      34
      33
      32
      30
      35
      36
      34
      30
      32
      21
      34
      18
      36
      33
      28
      28
      27
      33
      27
      23
      29
      34
      28
      31
      24
      34
      30
      37
      28
      28
      28
      26
      41
      26
      29
      29
      30
      26
      27
      29
      32
      32
      30
      35
      40
      29
      39
      27
      37
      24
      23
      30
      33
      35
      26
      21
      37
      30
      30
      26
      45
      33
      21
      29
      27
      30
      27
      35
      31
      37
      26
      34
      31
      34
      20
      34
      35
      40
      45
      33
      30
      31
      39
      31
      30
      29
      35
      22
      41
      33
      30
      29
      45
      28
      39
      42
      34
      27
      32
      42
      28
      35
      31
      30
      36
      36
      31
      33
      35
      33
      32
      26
      45
      32
      23
      37
      40
      33
      39
      32
      26
      33
      29
      32
      22
      34
      33
      30
      27
      26
      25
      26
      29
      38
      34
      38
      29
      29
      36
      23
      37
      40
      29
      33
      42
      28
      33
      37
      45
      36
      34
      27
      40
      35
      27
      33
      27
      50
      35
      31
      32
      28
      36
      32
      36
      37
      38
      30
      28
      28
      35
      28
      28
      26
      30
      39
      28
      26
      34
      33
      38
      25
      31
      33
      31
      34
      28
      29
      25
      27
      23
      38
      36
      22
      18
      25
      28
      34
      30
      31
      31
      25
      36
      32
      24
      24
      33
      19
      28
      28
      32
      26
      23
      25
      35
      28
      15
      18
      24
      26
      14
      16
      22
      16
      19
      14
      20
      21
      17
      16
      21
      16
      23
      11
      14
      15
      20
      12
      24
      12
      14
      19
      19
      17
      13
      12
      12
      17
      18
      19
      11
      12
      10
      11
      10
      12
      14
      12
      22
      12
      20
      11
      11
       7
       9
      13
      11
       9
       7
       9
       8
      11
       8
       7
       8
       7
      12
      10
       8
       7
       4
       6
       5
       8
       9
       4
       3
       9
       7
       9
       4
       8
       8
       5
       8
       8
      13
       5
       2
       7
      12
       8
       5
       7
       7
       9
      12
       6
       8
      10
       9
       9
       4
       3
       6
       6
       5
       7
       5
       8
       5
      10
       7
       5
       5
       4
       6
       6
       2
       5
       3
       5
       6
       8
       2
       9
       7
       4
       4
       5
       6
       8
       0
       4
       3
       4
       5
       3
       3
       9
       6
       4
       8
       6
       5
       7
       2
       5
       6
       6
       3
       8
       4
       3
       4
       2
       3
       2
       1
       5
       2
       7
       3
       4
       5
       2
       5
       7
       4
       3
       5
       3
       3
       1
       7
       5
       6
       5
       3
       4
       6
       2
       5
       6
       5
       5
       1
       3
       4
       8
       6
       4
       1
       6
       1
       3
       6
       2
       4
       1
       1
       3
       5
       4
       4
       5
       2
       2
       3
       8
       5
       2
       1
       4
       1
       3
       0
       4
       1
       2
       6
       1
       1
       3
       1
       4
       5
       4
       3
       2
       2
       2
       5
       3
       2
       0
       0
       4
       2
       4
       1
       4
       2
       4
       5
       4
       2
       4
       1
       2
       2
       1
       5
       3
       2
       3
       4
       1
       5
       6
       2
       1
       4
       4
       4
       6
       1
       0
       4
       8
       3
       3
       2
       2
       3
       3
       2
       6
       3
       4
       5
       0
       4
       2
       6
       1
       1
       5
       7
       1
       2
       2
       2
       3
       7
       3
       4
       1
       1
       3
       5
       1
       1
       1
       4
       1
       2
       4
       3
       4
       2
       0
       5
       1
       1
       2
       3
       2
       4
       2
       5
       2
       2
       2
       5
       4
       1
       1
       3
       1
       3
       3
       2
       4
       2
       3
       4
       8
       1
       1
       2
       5
       3
       2
       2
       5
       5
       2
       4
       4
       2
       6
       5
       0
       3
       3
       1
       1
       1
       9
       5
       3
       3
       3
       4
       6
       1
       2
       4
       3
       2
       4
       2
       0
       6
       5
       3
       3
       3
       8
       5
       5
       2
      10
       5
       3
      13
       3
       7
       7
       7
      11
      12
      11
      10
      12
      11
      12
      15
       8
      13
      12
      15
      25
      10
      16
      12
      20
      17
      15
      22
      27
      40
      28
      34
      32
      39
      32
      41
      32
      36
      35
      45
      54
      37
      59
      56
      61
      51
      64
      66
      53
      80
      99
      75
      88
      82
      85
      85
      92
      91
     118
     100
     103
     104
     117
     104
     111
     142
     161
     140
     148
     146
     158
     151
     139
     159
     141
     163
     165
     164
     178
     217
     204
     208
     206
     195
     206
     257
     223
     254
     246
     254
     241
     245
     248
     236
     274
     275
     262
     294
     306
     281
     301
     285
     302
     302
     308
     313
     327
     316
     363
     346
     342
     373
     331
     349
     348
     360
     376
     361
     368
     385
     376
     375
     350
     404
     373
     373
     354
     388
     339
     374
     349
     335
     364
     392
     394
     360
     327
     369
     400
     339
     389
     397
     387
     387
     367
     365
     311
     342
     338
     348
     355
     354
     326
     320
     304
     306
     287
     323
     305
     288
     315
     265
     283
     274
     296
     288
     251
     255
     247
     263
     270
     217
     229
     229
     229
     251
     229
     174
     216
     201
     215
     178
     161
     179
     176
     155
     155
     138
     146
     139
     138
     138
     121
     123
     107
     123
     105
      98
     105
      98
      92
      89
      82
      78
      75
      76
      70
      86
      65
      59
      54
      65
      56
      56
      44
      54
      47
      39
      40
      39
      46
      37
      44
      27
      36
      32
      24
      26
      22
      24
      25
      12
      20
      11
      18
      18
      19
      19
       9
      19
       8
      12
       9
       7
      10
       5
       7
       8
       7
       4
       9
       9
       7
       3
       4
       8
       5
       9
       2
       5
       3
       4
       2
       4
       3
       4
       3
       2
       4
       0
       3
       4
       1
       1
       2
       1
       1
       0
       2
       3
       1
       0
       0
       1
       3
       1
       0
       2
       1
       0
       2
       1
       1
       1
       1
       0
       0
       2
       1
       1
       1
       0
       0
       1
       2
       0
       2
       1
       2
       1
       0
       1
       0
       1
       1
       0
       0
       2
       0
       1
       2
       0
       1
       0
       0
       0
       2
       0
       0
       1
       1
       1
       1
       0
       1
       1
       0
       2
       1
       2
       3
       4
       0
       0
       1
       1
       3
       0
       0
       1
       0
       2
       0
       1
       0
       0
       1
       0
       0
       0
       0
       2
       1
       1
       0
       0
       0
       1
       0
       0
       0
       0
       0
       0
       0
       1
       1
       0
       0
       0
       0
       0
       0
       0
       1
       0
       1
       0
       1
       0
       2
       0
       1
       0
       0
       0
       1
       0
       0
       0
       2
       2
       1
       0
       1
       2
       3
       1
       1
       0
       2
       2
       2
       1
       0
       0
       1
       0
       0
       0
       0
       1
       0
       1
       0
       2
       0
       0
       0
       1
       1
       0
       1
       0
       1
       0
       2
       3
       0
       0
       0
       0
       1
       1
       0
       2
       2
       1
       1
       0
       1
       0
       0
       0
       2
       0
       1
       0
       0
       1
       0
       1
       1
       2
       1
       2
       0
       0
       0
       0
       0
       0
       0
       0
       0
       0
       0
       0
       0
       0
       0
       2
       1
       0
       2
       0
       1
       2
       0
       0
       1
       1
       0
       2
       2
       1
       0
       1
       0
       2
       1
       2
       2
       0
       1
       1
       2
       0
       0
       0
       0
       2
       0
       0
       2
       1
       0
       0
       0
       1
       0
       1
       0
       0
       1
       0
       1
       1
       0
       2
       0
       1
       1
       1
       1
       1
       1
       2
       0
       0
       0
       2
       0
       0
       1
       2
       0
       0
       1
       0
       0
       0
       1
       2
       0
       0
       1
       0
       1
       1
       1
       0
       1
       2
       1
       1
       0
       0
       0
       0
       0
       1
       1
       1
       0
       2
       0
       0
       0
       0
       2
       0
       2
       3
       1
       0
       0
       3
       1
       2
       0
       1
       2
       0
       0
       0
       0
       0
       2
       0
       1
       0
       0
       1
       0
       1
       0
       0
       1
       0
       0
       1
       1
       0
       0
       1
       1
       2
       1
       1
       0
       0
       2
       0
       0
       0
       0
       1
       1
       0
       0
       0
       0
       0
       0
       0
       0
       0
       0
       0
       1
       1
       1
       0
       1
       2
       1
       0
       1
       0
       1
       0
       0
       0
       0
       0
       0
       0
       0
       1
       1
       0
       0
       0
       1
       1
       0
       3
       0
       0
       1
       0
       1
       0
       0
       0
       0
       2
       1
       1
       0
       0
       1
       1
       0
       2
       0
       0
       1
       0
       0
       1
       1
       0
       1
       0
       2
       3
       2
       1
       2
       0
       1
       1
       0
       1
       0
       0
       0
       1
       0
       0
       1
       0
       1
       0
       0
       0
       0
       0
       0
       0
       0
       0
       0
       0
       0
       0
       0
       0
       0
       0
       0
       0
       0
$ROI:
1
258 327
$PRESETS:
Live Time
1200
0
$ENER_FIT:
-37.406231 1.986979
$MCA_CAL:
3
-3.740623E+001 1.986979E+000 0.000000E+000 keV
$SHAPE_CAL:
3
0.000000E+000 0.000000E+000 0.000000E+000
