$SPEC_ID:
This is sample 111.
$SPEC_REM:
DET# 1
DETDESC# DIP1456 PCI-Trump SN 253
AP# Maestro Version 7.01
$DATE_MEA:
01/17/2025 11:24:11
$MEAS_TIM:
1200 1235
$DATA:
0 2047
       0
       0
       0
       0
       0
       0
       0
       0
       0
       0
       0
       0
       0
       0
       0
       0
       0
       0
       0
       0
       0
       0
       0
       0
       0
       0
       0
       0
       0
       0
       0
       0
       0
       0
       0
       0
       0
       0
       0
       0
       0
       0
       0
       0
       0
       0
       0
       0
       0
       0
       0
       0
       0
       1
      21
      27
      30
      19
      26
      19
      28
      26
      24
      25
      23
      26
      19
      26
      27
      24
      28
      27
      30
      32
      30
      34
      21
      30
      19
      32
      31
      25
      34
      26
      24
      18
      26
      27
      27
      19
      32
      27
      26
      27
      27
      37
      32
      25
      35
      29
      27
      23
      21
      23
      35
      33
      23
      32
      29
      30
      27
      28
      30
      30
      28
      33
      21
      20
      22
      29
      36
      28
      22
      22
      26
      28
      29
      24
      27
      31
      31
      26
      36
      21
      20
      30
      26
      27
      32
      38
      30
      27
      28
      17
      32
      28
      27
      32
      34
      23
      23
      33
      28
      27
      22
      23
      28
      28
      37
      19
      27
      26
      25
      21
      25
      19
      30
      28
      28
      27
      29
      27
      27
      21
      29
      32
      27
      34
      28
      28
      28
      27
      34
      22
      27
      28
      29
      29
      25
      30
      32
      27
      31
      25
      24
      25
      31
      31
      32
      34
      32
      25
      32
      35
      41
      39
      34
      36
      29
      33
      25
      21
      23
      35
      31
      27
      24
      29
      25
      31
      28
      32
      32
      29
      29
      35
      30
      30
      35
      33
      42
      27
      23
      30
      30
      22
      30
      31
      18
      27
      20
      29
      40
      27
      31
      29
      36
      34
      31
      27
      33
      22
      28
      34
      31
      33
      27
      36
      29
      31
      24
      26
      26
      27
      34
      33
      40
      33
      28
      35
      25
      31
      23
      40
      30
      41
      29
      34
      20
      33
      25
      34
      34
      30
      24
      28
      33
      28
      32
      23
      30
      27
      18
      32
      40
      30
      33
      27
      36
      38
      26
      29
      24
      29
      32
      28
      35
      37
      29
      33
      35
      29
      32
      25
      26
      35
      34
      32
      33
      26
      31
      31
      31
      24
      33
      37
      31
      34
      31
      28
      29
      37
      32
      40
      24
      27
      39
      22
      21
      22
      25
      32
      43
      25
      31
      19
      36
      23
      39
      25
      25
      27
      26
      28
      36
      26
      28
      34
      30
      19
      31
      32
      23
      37
      29
      38
      30
      44
      24
      30
      42
      37
      28
      37
      24
      29
      37
      33
      31
      25
      25
      32
      27
      24
      26
      27
      28
      24
      23
      29
      39
      43
      31
      29
      39
      24
      30
      24
      36
      33
      39
      39
      29
      30
      28
      34
      32
      29
      32
      36
      30
      28
      23
      27
      40
      38
      32
      24
      33
      29
      26
      22
      28
      28
      35
      35
      30
      27
      29
      34
      32
      35
      32
      21
      27
      25
      37
      31
      32
      26
      24
      30
      26
      25
      30
      35
      28
      35
      31
      32
      34
      31
      35
      23
      24
      31
      22
      23
      27
      28
      27
      25
      30
      33
      27
      32
      25
      32
      28
      25
      27
      36
      34
      28
      20
      37
      32
      33
      26
      22
      27
      31
      20
      35
      28
      27
      32
      31
      29
      41
      36
      32
      24
      41
      26
      32
      35
      27
      33
      28
      18
      36
      27
      36
      32
      28
      25
      35
      48
      32
      34
      34
      32
      19
      29
      25
      43
      32
      28
      26
      23
      31
      45
      27
      38
      37
      26
      27
      37
      31
      35
      25
      40
      31
      28
      44
      29
      25
      35
      31
      28
      34
      33
      36
      32
      36
      32
      34
      45
      31
      44
      35
      40
      33
      34
      27
      30
      33
      35
      27
      25
      33
      35
      25
      35
      25
      28
      38
      28
      34
      40
      33
      31
      34
      38
      34
      32
      24
      33
      30
      34
      29
      27
      29
      29
      38
      33
      33
      25
      30
      30
      33
      28
      42
      26
      26
      34
      30
      38
      36
      20
      28
      30
      30
      32
      29
      35
      29
      35
      28
      30
      31
      29
      33
      29
      23
      20
      27
      34
      35
      31
      30
      36
      23
      33
      22
      46
      34
      24
      37
      27
      33
      28
      35
      29
      21
      42
      28
      42
      27
      32
      34
      29
      31
      28
      23
      25
      25
      35
      39
      28
      29
      42
      37
      33
      38
      28
      35
      19
      32
      27
      31
      21
      30
      27
      22
      25
      26
      20
      21
      28
      24
      35
      30
      37
      34
      37
      25
      27
      29
      30
      26
      30
      25
      34
      33
      30
      33
      37
      26
      30
      25
      26
      28
      30
      23
      27
      30
      32
      23
      32
      27
      37
      31
      30
      36
      37
      30
      21
      24
      24
      39
      21
      42
      38
      30
      20
      31
      28
      24
      29
      35
      39
      23
      30
      27
      38
      34
      34
      29
      27
      22
      30
      30
      28
      35
      35
      25
      30
      35
      21
      27
      26
      15
      32
      22
      31
      33
      34
      29
      35
      29
      30
      28
      29
      39
      33
      33
      25
      40
      20
      30
      35
      28
      31
      36
      41
      28
      28
      25
      31
      34
      28
      23
      29
      26
      47
      26
      31
      35
      29
      29
      25
      22
      29
      30
      25
      30
      28
      28
      30
      34
      33
      30
      43
      34
      40
      35
      28
      46
      27
      28
      33
      26
      26
      28
      29
      30
      40
      42
      36
      36
      29
      30
      30
      25
      29
      31
      31
      31
      27
      28
      38
      30
      31
      28
      31
      43
      26
      29
      27
      35
      26
      24
      32
      25
      29
      33
      22
      31
      33
      38
      25
      26
      35
      30
      33
      27
      28
      36
      34
      33
      28
      29
      24
      30
      31
      30
      40
      37
      31
      38
      33
      47
      29
      38
      25
      32
      34
      36
      39
      38
      40
      38
      32
      36
      34
      37
      36
      35
      39
      28
      34
      33
      42
      30
      29
      42
      33
      45
      35
      50
      40
      39
      37
      31
      36
      26
      31
      25
      28
      38
      28
      32
      30
      38
      32
      26
      36
      24
      26
      25
      26
      29
      19
      37
      20
      29
      39
      25
      26
      33
      30
      24
      33
      27
      21
      23
      23
      22
      26
      27
      26
      25
      32
      17
      24
      21
      27
      24
      29
      22
      25
      34
      16
      30
      14
      16
      22
      25
      24
      30
      12
      19
      12
      19
      17
      19
       9
      22
      17
      11
      15
      13
      15
      20
       6
      20
      16
      17
       7
      14
      19
      10
      16
      18
      14
      11
       7
      12
       8
      12
      15
      19
       8
       9
       4
       5
       9
      10
      14
      14
       8
       8
       8
      11
       6
      13
      10
       4
      14
       9
       7
       6
       5
       7
       8
       8
       9
       4
       6
      12
       8
       8
       8
       5
       5
       6
      11
       7
      13
       5
       4
       6
       9
       5
       9
       9
       3
       4
       7
      11
       8
       9
       6
       8
      10
       5
       4
       3
       3
       3
       4
       3
       6
       6
       8
       8
       5
       5
       7
       8
       6
       6
       6
       4
       6
       7
       5
       5
       4
       7
       6
       6
       5
       7
       8
       3
       3
       5
       4
       2
       2
       3
       3
       7
       6
       2
       4
       8
       4
       4
       6
       4
       2
       7
       6
       6
       4
       4
       7
       1
       0
       3
       4
       0
       4
       6
       3
       3
       3
       4
       3
       6
       6
       4
       3
       9
       5
       4
       3
       3
       5
       6
       3
       3
       4
       4
       5
       3
       4
       0
       3
       5
       6
       2
       7
       3
       2
       3
       6
       1
       2
       5
       4
       3
       1
       3
       3
       1
       5
       3
       5
       1
       1
       5
       2
       0
       5
       7
       6
       5
       3
       1
       4
       5
       3
       4
       2
       7
       2
       3
       3
       1
       3
       1
       4
       3
       2
       2
       5
       2
       1
       3
       1
       0
       6
       1
       3
       3
       1
       5
       4
       1
       5
       1
       3
       3
       2
       1
       0
       4
       3
       2
       1
       2
       5
       1
       2
       4
       1
       7
       0
       2
       2
       0
       6
       1
       4
       5
       1
       3
       1
       1
       2
       2
       2
       3
       3
       0
       0
       0
       1
       1
       4
       3
       2
       2
       5
       1
       3
       2
       4
       6
       1
       8
       3
       4
       1
       1
       2
       3
      10
       2
       2
       2
       1
       2
       4
       3
       0
       7
       2
       4
       4
       2
       1
       0
       7
       2
       4
       2
       1
       0
       1
       1
       4
       1
       0
       1
       0
       3
       0
       1
       2
       3
       2
       3
       4
       4
       4
       1
       1
       4
       6
       4
       3
       2
       2
       2
       2
       5
       2
       3
       4
       4
       4
       2
       7
       5
       3
       4
       2
       5
       2
       8
       2
       7
       5
       2
       7
       6
       7
      12
       4
       7
       9
       4
       4
       8
      10
       8
       5
      12
       9
      12
      12
      10
       7
       6
      16
      13
      16
      12
      13
      17
      15
      24
      13
      19
      27
      24
      12
      26
      25
      23
      32
      26
      39
      33
      44
      32
      39
      47
      42
      45
      35
      51
      54
      50
      53
      58
      82
      65
      68
      62
      98
      83
      68
      67
      86
      70
      93
      99
     111
     101
     117
     120
     133
     138
     118
     110
     147
     132
     123
     141
     150
     161
     157
     166
     177
     191
     172
     199
     219
     228
     212
     201
     212
     189
     198
     224
     250
     279
     233
     250
     255
     245
     258
     295
     244
     296
     290
     302
     275
     285
     319
     326
     298
     319
     349
     350
     328
     383
     353
     319
     345
     362
     334
     379
     384
     383
     374
     361
     364
     355
     325
     380
     384
     400
     391
     365
     382
     415
     400
     385
     368
     373
     375
     389
     382
     365
     381
     384
     369
     348
     380
     360
     394
     397
     360
     366
     348
     327
     315
     326
     330
     308
     308
     332
     307
     334
     293
     292
     315
     308
     284
     312
     256
     276
     278
     249
     242
     242
     257
     228
     230
     203
     242
     218
     238
     218
     217
     206
     166
     188
     191
     172
     152
     157
     159
     164
     162
     167
     135
     121
     137
     111
     119
     133
      94
      91
      99
      91
      99
      86
      90
      72
      98
      75
      72
      71
      59
      76
      55
      68
      52
      48
      69
      37
      38
      45
      37
      58
      50
      32
      37
      29
      34
      26
      30
      32
      27
      32
      29
      20
      28
      19
      16
      17
      20
      14
       9
      15
      13
      21
      10
      18
      14
      10
       7
       5
       8
       9
       4
       3
       7
       7
      12
       4
       4
       3
       3
       6
       2
       8
       8
       3
       7
       2
       3
       2
       2
       5
       6
       1
       3
       1
       3
       1
       2
       2
       2
       0
       2
       3
       0
       0
       3
       3
       1
       1
       0
       1
       1
       0
       1
       2
       1
       2
       2
       1
       4
       0
       0
       0
       2
       0
       2
       0
       0
       0
       2
       1
       0
       1
       1
       1
       0
       1
       4
       0
       0
       1
       0
       1
       0
       1
       1
       0
       3
       1
       0
       2
       1
       0
       2
       2
       0
       2
       2
       0
       0
       0
       0
       1
       1
       0
       0
       0
       1
       2
       0
       1
       1
       0
       0
       0
       2
       2
       0
       0
       2
       4
       0
       1
       0
       0
       0
       2
       1
       1
       2
       0
       0
       3
       0
       0
       3
       0
       0
       1
       1
       0
       0
       1
       1
       0
       0
       2
       2
       0
       0
       0
       2
       1
       1
       2
       0
       0
       1
       1
       1
       1
       0
       0
       1
       1
       0
       1
       2
       0
       0
       1
       0
       2
       1
       0
       0
       0
       0
       0
       1
       1
       0
       0
       0
       0
       0
       0
       4
       0
       1
       1
       3
       0
       0
       0
       2
       0
       2
       1
       0
       1
       0
       1
       0
       2
       0
       0
       4
       0
       3
       0
       2
       0
       0
       1
       1
       0
       2
       0
       1
       0
       0
       0
       2
       0
       0
       0
       2
       0
       2
       1
       1
       2
       4
       0
       1
       2
       0
       1
       2
       2
       0
       0
       0
       0
       0
       1
       0
       1
       0
       0
       3
       0
       1
       0
       0
       0
       0
       0
       1
       1
       1
       0
       0
       0
       0
       1
       1
       1
       0
       1
       2
       2
       1
       1
       1
       0
       1
       0
       0
       0
       0
       0
       1
       1
       1
       0
       1
       1
       4
       1
       0
       1
       1
       3
       0
       1
       1
       2
       0
       1
       0
       1
       1
       1
       1
       0
       1
       0
       2
       0
       1
       2
       1
       1
       1
       1
       0
       1
       1
       0
       0
       1
       0
       0
       1
       1
       1
       1
       2
       2
       1
       3
       1
       1
       1
       0
       2
       0
       0
       1
       2
       0
       1
       0
       1
       1
       0
       0
       0
       1
       0
       0
       1
       0
       1
       0
       0
       1
       0
       0
       0
       1
       2
       0
       1
       0
       1
       2
       0
       0
       1
       0
       0
       3
       0
       0
       1
       0
       2
       0
       0
       0
       1
       0
       1
       1
       1
       2
       0
       1
       2
       0
       0
       0
       2
       1
       1
       0
       1
       0
       0
       0
       1
       0
       2
       2
       2
       1
       1
       0
       0
       1
       0
       0
       1
       1
       0
       0
       1
       0
       0
       0
       0
       0
       0
       0
       1
       0
       1
       0
       0
       1
       0
       1
       0
       0
       1
       0
       0
       0
       1
       0
       0
       0
       0
       0
       3
       1
       2
       1
       1
       1
       1
       1
       1
       0
       0
       0
       1
       0
       1
       2
       0
       1
       0
       0
       0
       0
       1
       0
       0
       0
       0
       0
       0
       0
       0
       1
       0
       0
       0
       0
       0
       0
       0
       0
       0
       0
       0
       0
       0
       0
       0
       0
$ROI:
1
258 327
$PRESETS:
Live Time
1200
0
$ENER_FIT:
-37.406231 1.986979
$MCA_CAL:
3
-3.740623E+001 1.986979E+000 0.000000E+000 keV
$SHAPE_CAL:
3
0.000000E+000 0.000000E+000 0.000000E+000
