$SPEC_ID:
This is sample 047.
$SPEC_REM:
DET# 1
DETDESC# DIP1456 PCI-Trump SN 253
AP# Maestro Version 7.01
$DATE_MEA:
11/08/2024 15:33:56
$MEAS_TIM:
109 111
$DATA:
0 2047
       0
       0
       0
       0
       0
       0
       0
       0
       0
       0
       0
       0
       0
       0
       0
       0
       0
       0
       0
       0
       0
       0
       0
       0
       0
       0
       0
       0
       0
       0
       0
       0
       0
       0
       0
       0
       0
       0
       0
       0
       0
       0
       0
       0
       0
       0
       0
       0
       3
      26
      23
      29
      25
      31
      23
      22
      23
      24
      27
      23
      24
      26
      25
      23
      22
      24
      38
      28
      22
      19
      24
      45
      26
      20
      27
      28
      24
      26
      26
      31
      28
      30
      22
      21
      30
      21
      23
      25
      24
      28
      23
      25
      23
      30
      29
      28
      25
      26
      25
      25
      28
      34
      26
      22
      28
      28
      28
      27
      33
      28
      20
      32
      31
      37
      26
      34
      32
      30
      30
      35
      23
      26
      31
      29
      37
      35
      28
      27
      30
      25
      37
      35
      20
      29
      35
      28
      26
      32
      27
      23
      29
      22
      32
      32
      31
      28
      24
      24
      24
      26
      31
      28
      25
      29
      30
      30
      28
      38
      38
      30
      33
      18
      38
      36
      40
      26
      22
      28
      23
      27
      26
      33
      27
      22
      22
      34
      26
      27
      26
      31
      33
      31
      33
      29
      32
      28
      34
      34
      40
      36
      28
      31
      32
      33
      43
      31
      28
      33
      28
      27
      38
      27
      32
      30
      42
      32
      31
      34
      30
      28
      26
      43
      33
      34
      32
      27
      36
      34
      29
      32
      27
      28
      19
      36
      36
      31
      38
      39
      28
      39
      40
      45
      33
      37
      28
      35
      30
      34
      35
      40
      33
      36
      41
      29
      21
      39
      34
      39
      24
      43
      23
      38
      27
      31
      36
      37
      32
      38
      40
      37
      39
      37
      32
      38
      35
      43
      37
      35
      37
      30
      40
      33
      36
      39
      33
      37
      28
      39
      41
      43
      41
      41
      41
      44
      39
      36
      42
      41
      41
      43
      26
      33
      39
      23
      32
      38
      39
      40
      45
      39
      41
      51
      46
      31
      36
      38
      40
      34
      37
      46
      42
      34
      40
      43
      44
      32
      45
      46
      48
      59
      42
      48
      34
      36
      36
      42
      42
      33
      42
      42
      47
      45
      47
      42
      45
      40
      34
      51
      47
      33
      42
      43
      38
      52
      40
      41
      39
      45
      42
      35
      54
      34
      37
      46
      38
      39
      31
      40
      36
      44
      37
      51
      27
      51
      43
      40
      47
      36
      32
      41
      41
      42
      34
      50
      49
      39
      49
      42
      45
      43
      56
      38
      39
      42
      47
      42
      49
      56
      39
      38
      41
      41
      45
      45
      36
      40
      42
      49
      40
      45
      39
      46
      34
      45
      52
      53
      49
      56
      49
      43
      43
      38
      36
      49
      41
      41
      38
      43
      48
      32
      46
      51
      38
      40
      45
      35
      44
      36
      55
      42
      50
      42
      37
      41
      37
      49
      34
      35
      41
      44
      44
      50
      40
      43
      48
      52
      39
      58
      46
      52
      45
      40
      41
      54
      41
      51
      59
      46
      54
      58
      43
      41
      38
      39
      61
      51
      37
      40
      44
      49
      41
      40
      52
      42
      45
      36
      48
      41
      48
      46
      32
      45
      43
      50
      43
      39
      46
      47
      53
      49
      40
      39
      38
      34
      45
      48
      42
      49
      33
      60
      46
      56
      59
      40
      39
      43
      41
      50
      34
      33
      55
      51
      38
      43
      37
      36
      38
      52
      46
      55
      49
      43
      43
      41
      41
      46
      38
      45
      44
      52
      59
      46
      45
      49
      57
      49
      48
      44
      57
      46
      55
      55
      40
      47
      47
      51
      40
      33
      51
      54
      54
      47
      53
      47
      60
      40
      45
      44
      42
      49
      48
      50
      42
      57
      54
      53
      41
      40
      47
      50
      44
      44
      50
      48
      55
      46
      58
      62
      42
      68
      42
      42
      46
      51
      49
      70
      54
      37
      51
      44
      49
      45
      47
      54
      52
      61
      45
      59
      60
      44
      52
      57
      67
      45
      61
      71
      56
      59
      50
      44
      50
      70
      60
      69
      69
      66
      56
      63
      47
      53
      48
      50
      68
      52
      57
      51
      63
      57
      45
      61
      60
      58
      54
      55
      49
      52
      72
      53
      60
      36
      56
      61
      65
      72
      48
      54
      63
      45
      50
      50
      50
      61
      45
      64
      56
      51
      60
      47
      57
      51
      51
      58
      66
      44
      61
      43
      51
      43
      52
      46
      50
      47
      53
      43
      52
      57
      57
      39
      44
      56
      58
      46
      51
      54
      68
      58
      68
      44
      49
      55
      76
      51
      52
      47
      46
      61
      41
      55
      43
      52
      49
      45
      44
      51
      53
      41
      39
      38
      39
      53
      46
      37
      40
      58
      49
      53
      54
      46
      49
      41
      43
      51
      55
      41
      41
      45
      38
      46
      40
      59
      45
      41
      42
      44
      47
      41
      54
      37
      35
      43
      41
      36
      47
      51
      47
      52
      37
      47
      39
      42
      59
      44
      39
      32
      58
      52
      37
      50
      34
      39
      40
      56
      39
      43
      49
      49
      35
      53
      35
      46
      34
      48
      36
      40
      48
      43
      47
      38
      45
      34
      40
      45
      39
      43
      36
      43
      38
      41
      37
      52
      41
      42
      40
      56
      36
      40
      36
      41
      33
      51
      42
      63
      35
      24
      49
      37
      34
      31
      32
      49
      43
      41
      37
      44
      43
      43
      42
      35
      46
      44
      28
      40
      36
      37
      44
      31
      29
      45
      36
      45
      42
      44
      37
      30
      44
      37
      36
      41
      39
      37
      26
      34
      38
      35
      32
      35
      39
      37
      35
      35
      39
      35
      35
      32
      28
      42
      42
      30
      39
      37
      34
      36
      25
      37
      38
      32
      25
      31
      29
      31
      30
      32
      37
      32
      27
      24
      41
      30
      21
      29
      34
      30
      22
      44
      33
      23
      25
      40
      34
      38
      30
      39
      28
      27
      32
      23
      21
      31
      36
      27
      41
      31
      32
      24
      34
      34
      28
      26
      25
      34
      33
      27
      33
      35
      29
      32
      28
      18
      27
      26
      20
      28
      20
      33
      26
      26
      31
      28
      33
      22
      22
      27
      29
      32
      23
      20
      26
      25
      26
      35
      34
      30
      37
      32
      20
      31
      37
      26
      26
      28
      26
      18
      30
      21
      30
      33
      28
      38
      34
      25
      20
      27
      23
      26
      29
      35
      28
      25
      29
      31
      27
      32
      26
      21
      23
      24
      34
      25
      32
      22
      25
      23
      28
      23
      31
      25
      23
      26
      27
      18
      17
      28
      27
      23
      35
      23
      31
      36
      27
      24
      20
      30
      27
      30
      22
      20
      39
      31
      25
      32
      25
      23
      16
      26
      21
      27
      30
      26
      27
      30
      25
      21
      21
      33
      35
      22
      20
      21
      17
      32
      34
      25
      17
      19
      25
      25
      35
      19
      28
      26
      21
      23
      24
      25
      15
      27
      37
      25
      23
      22
      14
      27
      26
      26
      17
      18
      12
      18
      24
      23
      29
      28
      21
      23
      26
      13
      23
      19
      22
      21
      24
      19
      32
      31
      20
      24
      26
      22
      22
      28
      14
      23
      14
      18
      18
      16
      29
      20
      15
      24
      23
      15
      29
      22
      17
      25
      20
      15
      29
      20
      14
      20
      21
      14
      13
      18
      16
      28
      21
      17
      20
      20
      18
      12
      20
       9
      18
      22
      16
      16
      17
      19
      16
      12
      20
      17
      20
      21
      21
      19
      16
      20
      17
      20
      18
      19
      16
      21
      17
      16
      16
      11
      12
      14
      16
      11
      16
      13
       9
      16
      10
      11
      21
      14
      14
      16
      16
       8
      14
       7
      13
      14
      14
      15
      10
      19
       9
      13
      22
       9
      10
      15
      13
      15
      12
       4
      10
       5
       9
      12
       4
      19
      12
      10
       7
      10
       9
      12
      10
      11
      14
      12
      13
      13
       9
      12
      12
       6
      14
      10
      14
      10
      11
       7
      12
      10
      10
       5
      10
      12
       9
      11
      15
      12
      11
       7
       8
       6
       5
       4
      12
       8
      13
      13
       6
      14
       9
      10
       7
      18
       9
       7
      10
       3
       8
      11
      13
       7
      11
      12
      11
       8
      10
      16
       7
      10
      12
      13
      10
       6
      14
       7
       6
      10
       9
      12
       5
       8
       3
       8
       4
       6
       8
       5
      10
       5
       9
       7
       8
      17
       8
      10
       7
       8
       8
       7
      15
      10
       9
       9
      15
      10
       8
       8
       6
       8
       8
       6
       7
       9
       9
       8
      11
       6
       4
       7
      10
       8
       6
      10
       8
      10
       9
       5
       4
      10
      11
       6
       6
      14
      11
       4
       9
      10
       7
       9
       6
       9
       9
      13
      11
       8
       4
      12
       4
      11
       7
       7
       7
       6
       9
      12
      13
       6
       3
       8
       5
       9
       7
      11
       6
      10
       6
       4
       4
      10
       9
       5
       3
       4
       6
       8
       7
       6
       4
       6
       4
       8
       9
       7
      12
       7
       7
       3
       4
       9
       8
       7
       6
      10
      10
       6
       9
       6
       7
      12
       7
      11
       6
      10
       9
      10
       9
       8
       8
       6
       8
       9
       4
       9
       9
       7
      11
       7
       2
       8
       6
       8
       7
       7
       3
       8
       9
       6
      11
       8
       3
       8
       7
       5
       4
       8
      12
       6
      11
       7
       4
       5
       8
       6
       4
       3
       9
       4
       5
       6
       6
       8
       4
      10
       8
       8
       8
       6
       7
       8
       7
       2
       5
      10
       8
      10
       4
       9
       4
       4
       7
       7
       6
       4
       3
       4
       8
       6
       8
       5
       5
       9
       8
       9
       7
       7
      11
       8
       7
       8
       4
       6
      11
       7
       8
       8
       4
       9
      10
       7
       9
       3
       3
       3
      13
       9
       7
      10
       9
      10
      10
      10
       7
       9
       8
       5
       9
       6
       6
       6
       9
       7
       8
      10
       8
       9
       8
      11
       5
      11
      11
      14
       5
      11
       8
      15
       9
      15
      13
      10
       8
       8
      11
      15
      11
       6
       7
      10
      12
      14
      13
      14
       8
      12
      19
      12
      11
      14
       8
      16
       9
      13
      15
      22
      14
      19
      10
      18
      12
      23
      12
      22
      10
      24
      20
      16
      18
      16
      10
      20
      20
      14
      20
      16
      25
      24
      25
      17
      16
      26
      19
      20
      15
      22
      32
      26
      36
      28
      23
      18
      26
      30
      30
      23
      22
      26
      25
      35
      27
      28
      25
      34
      35
      23
      30
      34
      38
      32
      31
      41
      32
      38
      37
      28
      42
      35
      47
      40
      47
      49
      47
      44
      33
      48
      54
      49
      47
      42
      50
      58
      53
      59
      53
      55
      56
      35
      34
      58
      45
      55
      49
      65
      61
      45
      65
      58
      56
      61
      52
      67
      56
      59
      64
      73
      64
      68
      71
      51
      61
      49
      60
      70
      68
      75
      67
      56
      73
      63
      71
      41
      75
      67
      72
      68
      85
      82
      82
      75
      74
      86
      72
      70
      71
      72
      72
      70
      64
      74
      67
      73
      73
      70
      88
      78
      79
      61
      52
      62
      69
      80
      74
      56
      42
      69
      76
      67
      68
      75
      65
      66
      76
      64
      74
      73
      76
      72
      61
      55
      64
      69
      77
      79
      51
      48
      45
      69
      71
      67
      75
      75
      58
      54
      58
      58
      50
      48
      58
      69
      48
      45
      48
      52
      49
      45
      46
      46
      45
      50
      56
      30
      50
      48
      34
      68
      42
      45
      30
      51
      40
      33
      41
      55
      24
      36
      34
      41
      41
      23
      44
      33
      38
      27
      31
      30
      34
      27
      20
      34
      37
      28
      25
      26
      25
      22
      23
      34
      26
      25
      27
      16
      20
      18
      27
      17
      18
      18
      13
      18
      19
      13
      13
      12
      22
      23
      22
      14
      24
      15
      20
      14
      19
      15
      24
      16
      14
      18
      24
       9
      16
      18
      11
       8
      10
       7
       8
       9
       7
       8
       7
      11
       8
      11
       5
       7
      10
       8
       9
       5
       7
       6
       9
       9
      12
       6
       6
       5
       3
       3
       8
       3
       8
       8
       9
       3
       2
       7
       5
       5
       8
       7
       8
       4
       7
       6
       5
       3
       3
       4
       4
       5
       2
       3
       6
       7
       2
       6
       3
       5
       2
       3
       0
       4
       6
       8
       5
       6
       1
       0
       2
       4
       2
       1
       2
       2
       3
       1
       2
       3
       5
       0
       5
       5
       4
       4
       2
       2
       1
       5
       0
       6
       4
       4
       0
       5
       2
       2
       4
       4
       6
       5
       5
       6
       2
       4
       8
       2
       6
       3
       0
       4
       3
       4
       1
       3
       2
       4
       6
       3
       1
       7
       5
       2
       4
       1
       2
       3
       1
       2
       3
       3
       1
       0
       3
       5
       4
       6
       6
       1
       1
       3
       4
       0
       5
       2
       1
       1
       4
       0
       3
       4
       3
       7
       2
       2
       4
       3
       4
       0
       0
       2
       3
       2
       1
       4
       7
       3
       3
       4
       8
       2
       3
       3
       1
       3
       2
       8
       3
       6
       1
       2
       3
       1
       7
       4
       1
       5
       7
       4
       3
       1
       2
       6
       1
       5
       1
       2
      12
      15
       9
       9
      18
      18
      12
      10
      12
       8
      13
      15
       9
       6
      14
       6
      20
      10
      11
      14
      17
      11
      12
      15
      13
      15
       8
      10
       9
      10
       6
      12
      10
      11
       9
       7
      10
      10
       4
       8
       5
       9
      12
       8
       9
       8
$ROI:
1
1441 1888
$PRESETS:
Live Time
1036800
0
$ENER_FIT:
-37.406231 1.986979
$MCA_CAL:
3
-3.740623E+001 1.986979E+000 0.000000E+000 keV
$SHAPE_CAL:
3
0.000000E+000 0.000000E+000 0.000000E+000
