Number of photons that left the target: 792027
Number of photons that interacted with the target: 713273
Number of photons that interacted with the target (2nd): 394668
Number of photons that interacted with the target (3rd): 203945
Number of photons that interacted with the target (4th): 92647
Number of photoelectric interactions: 32750
Number of photoelectric interactions (2nd): 66267
Number of photoelectric interactions (3rd): 66047
Number of photoelectric interactions (4th): 42909
Number of Compton interactions: 680523
Number of Compton interactions (2nd): 328401
Number of Compton interactions (3rd): 137898
Number of Compton interactions (4th): 49738
Number of photons that reached the detector: 781
Detected Energies:
320.5118149266579
310.1691742110082
308.0312130426213
314.22816163557604
197.75423934172792
253.85465214779276
308.8533030451963
324.2768467378067
253.24401700871374
320.849436159895
314.88640279386635
307.20959485174814
305.61047776290184
200.11857585496412
129.00501096538554
317.49200473644424
143.5333977168653
325.20856815595
311.11530386524254
315.80122267212494
185.67030273842568
292.81009167335054
141.40547205543507
301.7708757292199
300.86787040945364
232.82044397123613
306.1640900179255
297.54753105509
255.53406083810899
306.9705997965032
301.50067077140545
310.93329628166896
140.7281080762406
321.05328720866675
309.61594917626434
212.96345638350923
215.16305972326157
312.71562097599815
265.98071910231624
122.76049279160691
316.36955015898786
310.1936257419852
247.26060335892137
321.07657754888953
303.28550989686624
311.19282068085226
306.4620426800962
307.79937741421935
306.14681409144544
143.67495763827966
103.01070720029578
301.6031573488754
229.948362466558
142.23188802995512
315.4506090186112
299.1855166392882
301.22112798236714
298.4622901138017
307.0897743528224
312.29905169812133
129.99177847557283
302.15016286997667
323.54914424296624
322.4575653482913
298.34270896484475
91.64158948276281
324.35810521368717
301.67251333463474
322.0668876653491
303.29352713961146
317.1177139736282
319.70762392070986
311.9045760571369
301.32807082826923
308.1126020544683
149.84383527690716
310.7923862606833
296.57905028051954
272.7317865461186
316.18759064221297
192.89598993454527
310.47691734827947
246.55026196272644
147.29113156965647
307.6184753177236
203.24110592360185
295.12225707665016
317.47360527509653
304.17508922751125
298.0997757297993
284.9983553169726
314.86666877187133
321.50634037062366
304.12368726939235
302.92701169337226
207.96530850153485
312.08593365940027
314.54126390937245
136.30359488032306
292.846428919666
278.97690858566256
299.40395091442156
312.3519293414585
316.10339657483826
214.5986676603769
311.41643313132033
305.52961867181136
298.43431606418716
138.90481902480408
293.0360971223444
319.72855694966717
296.4624395068705
319.18925987546305
196.30345900861187
302.1997610657147
275.08401725600385
305.2074405789507
314.56544244582795
311.97930338098485
322.52113560678646
314.3963862335393
323.8729938647105
296.44768060180525
293.6564515642454
309.7638507421275
305.37610628334386
308.12458603283307
283.2396977608032
309.16497928022926
315.4728122769071
299.05096885876964
262.55653839226494
312.21362062830656
129.13235154862141
260.48059501152625
324.03620263359613
237.4437150507805
323.03289169285983
305.1713759439526
311.4943647272046
294.9112099303994
310.6777204087302
139.88908827403807
321.3665208650494
279.37699862288895
159.99661445190227
308.90661939158576
179.46669960088673
241.99267103526674
143.77426688040381
303.2565911098587
225.8609364870288
301.0347245301082
305.50400628524073
306.5374674315782
296.26981000819586
299.5556620825929
299.2713099941947
310.33765550941496
321.0153207182102
308.6218819584465
276.6425118110115
305.3436259667096
315.4829581207347
301.30732949458644
279.88336789410283
301.98722037661884
312.0598261682187
303.5836358108726
314.7890633471822
312.81339587010444
321.88012282898586
308.99766654657486
131.5161100840605
308.53057796183265
316.238939402244
183.1284981729179
320.4051411188097
298.95702542087076
161.7993654906406
267.45416102026405
313.4580313724307
193.6167611384706
318.93032478063174
304.0222967430052
316.0624156212057
218.15177892838076
321.9881366669639
266.18533566462384
169.97293123085208
307.014736161824
324.06050599886663
320.4815867166111
312.2917815245513
310.11597290031824
264.04519779478767
308.27102419355776
320.09636884606164
153.19009482307823
297.8521325595105
302.0680753232966
303.82226750252
312.472058888708
293.32868909623346
164.34507481065364
312.3247148995916
306.5114232430482
321.0509106358263
280.6263013178767
300.7405212677115
314.19919517688936
130.74245960872616
304.1644889714444
310.14056978440595
267.6856186888304
293.2610524406073
315.32355010495917
276.67309823931623
270.4549492408175
313.72936049728474
320.4450191429333
212.63685248896397
312.8335105457236
297.03847791494223
270.0532373838103
314.1121545368728
302.59803387136935
166.23497165987104
236.69076830512594
312.23596039799395
303.16561488161403
187.00937781905625
291.94757706144486
301.64254590973485
295.46772174078706
145.32638764972077
232.33089541904556
314.5882435860159
296.50664636891867
310.528601698377
283.9081541829951
318.3508559588372
316.5266853765454
306.1945391228617
140.05698149232086
201.73848490594193
137.28972181633932
298.05805103912746
269.71242477918145
278.3818885076627
323.54274871742723
322.4651608375747
313.9268279977914
316.50472677445345
227.02743686435397
267.9876636889028
321.67050212457224
294.44234391582745
315.7116209269479
140.6028955692703
299.58171161101245
290.68408721057295
234.8405331435855
296.9136485694828
295.8430549373033
231.84829236625885
210.87312318557431
153.70617439653316
315.8730046191328
302.09232531701394
300.0183460225659
312.57021139107866
299.9584781883739
315.1562547812915
317.7991739151106
310.16137293762085
104.64990421043898
313.21123752468395
300.532117549324
261.97734074260774
233.43525868274014
232.4974860350744
307.0489582307039
240.52036134435718
283.47732063913253
320.41657317308983
311.40029657999924
298.4964146433132
200.96852989196853
314.5926958390539
321.0118508051341
296.1673955009194
176.42588519248022
299.5889699504583
311.759173060867
310.0646733925892
319.88693513230226
314.25218223233605
304.3170988723832
305.24782666441973
254.1292671011202
74.69807771424246
147.85764963817874
305.6434800193522
138.87475478431264
321.97066655173495
302.7158057003914
214.0236908816694
300.98332070483457
298.2138084603905
205.4579686991182
315.9434533896645
145.11573560276295
304.2927138418518
129.9273281959753
310.1829848483483
191.74451043827233
293.07880982059635
314.3770013167731
302.81282589878674
315.75306164785763
315.0967035971653
308.52676226972403
302.3218803572165
295.52201697696654
300.98535506499695
310.30562397381186
300.0343693045716
305.3595611724153
220.81226322234613
321.4028512230775
311.0876498145991
224.42420094203501
310.2943570927237
296.37717741622924
304.7151558837754
276.4354134660084
311.4188050072339
294.6983649921122
323.3209391998929
309.06922933288496
301.014403025816
315.6053841757787
128.60444906465162
312.34164993152706
305.53648571703417
319.3174432122865
144.4560020889118
284.179717250047
303.56202325032876
298.0438435546783
215.29345535605427
309.6492392561346
305.77900622867685
310.9106343515379
320.6741075527198
301.5610722874822
302.02467037789575
326.0851029425462
312.27435290669507
315.0823653617563
313.31654414068566
265.99985734247065
304.2755289519959
313.46733625363635
318.68349388393716
108.08092918821346
309.01232915455876
308.37936755119074
305.5923460323584
316.52100695232554
310.84292559485306
226.1885005019212
136.7537701408297
315.5854556917421
312.5487902462258
305.7256550681237
310.13881220298134
318.3750283539403
221.1064192623638
303.3516601376421
154.5473030808751
322.0935457301773
304.89264489896624
303.6953072076293
281.04881390600644
210.62233558445126
309.40024651247484
320.78467209209396
304.6765068847515
322.49884594141105
305.2098168012522
314.231488923562
317.9396747678615
300.9146128996832
297.8737415705245
307.0701172011639
293.982364306178
240.7880084613267
291.2888242527354
316.82846506638344
315.1776717233016
312.2015146016654
299.9484292888737
318.58894135913334
303.2431088009174
307.2117890195836
312.6319167379061
309.8888638580444
319.15789543584253
145.21803108964878
303.5927991830277
308.53318863305907
318.44178402909967
157.4293539165033
142.17010176149572
307.60587854248433
235.4620237697836
300.93106067161983
136.6419070675938
317.85292568319346
201.28760337182865
307.95188589888807
310.3655806277698
308.00018568329654
174.03073405384413
109.61285508290398
316.0816884445412
302.9445187453022
308.2801003378643
230.36986158895468
312.3343228641755
303.02897146746676
312.5203627506569
310.91836280124096
320.23411226910264
300.07838054496966
140.48618122685545
305.8936530421179
312.25949654487675
298.54874377516006
303.0443774179522
316.2512314171931
310.59102025958583
314.70864495811065
167.63031584757897
303.9191003312136
214.62923141433762
318.71537552309667
309.60777930593053
283.77550277775856
148.4524792876993
239.546640807682
164.268799792285
306.76181017713066
302.1127996418929
320.3757098754678
162.21810577118248
316.1932317628062
276.58601074111476
157.9404021978638
175.3814140752975
248.76224497083692
310.85546587656165
308.1428026994687
315.9007041623415
307.22272625195956
313.0261819130407
311.0564048928723
279.8827907068467
309.92347653321815
309.8971595741111
243.41702750202208
309.6753970379608
311.6723809376055
294.984569118583
267.2347338931137
286.4027147129666
257.06943016808424
312.4287150944419
317.3064817193427
84.25454982279854
290.56859727304567
310.0922701802954
302.1720262448774
145.83254565540707
108.68267175867388
300.3287839274941
256.63190616465727
315.6135902574872
316.8032778125842
314.8094599716444
308.6499648080971
298.90793108980506
253.50469954246276
307.07714533394613
185.68257707559636
252.8094289810012
310.3588432752473
314.8184380040687
304.2607467558982
156.41012584849108
322.6620548462126
311.09455926168727
302.03657680645915
301.49620561336246
298.67199795405355
318.56504043185186
300.33509525788486
299.4800949108285
315.6396724125065
315.26875791494024
289.763860786724
310.53318963313495
105.50672311519551
297.7062405247466
169.6133927673028
260.73170945036253
307.29200054906795
295.7616933357782
251.6033899533878
277.15475320259867
214.71752742229003
308.39310992230804
320.42623203936466
164.23709467391654
310.3458736379559
307.35903364968203
309.8958449877807
305.30568182702564
311.2703669619179
158.15601859800788
271.2327056314393
298.1948551387428
309.6388642324079
91.0355155369799
196.46115839931824
183.0979347010689
281.3728681409433
300.5105540043499
318.15533979919024
314.2259590760741
208.87810498623577
315.070510259836
131.9458105053478
306.41138540585047
307.7444927427356
239.59323648902028
309.9613607914374
320.6090234276974
318.5801683800505
282.35192327115993
321.3834992329528
308.4033965281762
302.3880604593122
265.5353763082175
299.59657299698057
305.4772605433964
310.597854695371
314.5305053267798
295.7961139128094
192.50317381013875
267.0988683943744
309.13518982546935
303.7202124364403
281.14118009393144
250.94471560825045
140.36177453253907
322.6377315474111
295.1455839379194
323.4012650705652
308.8346759499171
289.7380381116191
319.53872643205995
305.1131517085076
297.75811776625403
318.8934189055178
194.68275549636493
123.49762971424951
252.21502839600396
318.2982571716353
308.4682648356349
309.18617240073405
289.138299006254
279.5325300961367
315.8239547150103
304.26884332582625
296.40787980475193
311.45860119255144
305.3202262884709
323.78814708861336
323.3070740538261
300.10769328807186
308.2826845737208
321.70831802952824
154.20906572419258
305.4907308256674
170.25717549663696
296.19781893435334
301.9345878033205
316.4870836664998
310.9417908704496
296.3175839952553
321.39106851966926
253.97947162962438
324.8027632668351
302.99837870854435
227.85601126947077
179.24876845311863
308.00149832862417
302.5863522818717
316.33537314636243
277.8485803137445
303.44893163960205
314.7168733767959
247.1044526287543
304.9292909106274
294.649513412785
318.69647680359117
290.80727929769125
240.4523729993618
298.5016404026722
209.06002740548035
301.599988036466
110.72889313100612
303.42724989840764
319.8097525233812
266.02719032042694
321.8134842644011
317.9987841305187
323.67140778778577
251.87030250031796
201.12067525036304
302.96937669812246
205.807973492051
304.592206723011
305.59456669624444
309.14909529413444
304.75365508109087
321.2419742366997
132.0852382348147
300.20550786446614
316.02903593584006
317.87290985811836
274.2406892984385
130.11534998938612
323.8187607032761
216.27995606377146
316.6066422797005
142.51168550999685
313.67878761228724
135.70282133777698
134.46796578348224
182.97567313243226
307.0200450472783
317.8460280533947
320.29780686704544
302.49912134897215
308.5512450352769
321.26101246187716
314.11862099674073
241.1439427164897
314.10650928734805
271.56317205434596
310.4883884086886
314.89692418075373
309.4415003803579
310.76588395027017
317.2431752951372
281.420407236066
153.95964153497147
304.08736333790347
171.24865363122558
150.56626007803038
156.77125938683363
315.01055821240163
293.40752233669
229.91822013147447
126.50128818789449
308.0807572532024
309.6043619194572
324.9245123461284
318.61110482504347
321.97564657414733
299.4268820312483
304.51081015052637
320.5297927457794
320.7060361113446
158.42764934888197
