Number of photons that left the target: 789870
Number of photons that interacted with the target: 714579
Number of photons that interacted with the target (2nd): 396648
Number of photons that interacted with the target (3rd): 204948
Number of photons that interacted with the target (4th): 92834
Number of photoelectric interactions: 33250
Number of photoelectric interactions (2nd): 67117
Number of photoelectric interactions (3rd): 66685
Number of photoelectric interactions (4th): 43078
Number of Compton interactions: 681329
Number of Compton interactions (2nd): 329531
Number of Compton interactions (3rd): 138263
Number of Compton interactions (4th): 49756
Number of photons that reached the detector: 799
Detected Energies:
274.92057311588934
309.1685123963173
298.278347075094
312.28824887475105
170.09675320205795
303.10532615412455
239.28549932405852
308.85703164994175
308.22300378866834
144.82795935355412
320.74843489385404
137.74813490318743
300.3509888125977
293.8959426964776
297.8196772653214
307.977276460694
195.19367180705177
177.58773578156587
301.9700797756242
294.77420415464337
303.6361819141232
313.5606146767082
322.68626852423233
247.93499781054823
313.98543787484283
306.85801799080866
310.50232418352493
307.5619333504986
312.6230831559748
301.6853172685453
173.87019138378002
305.89743300005654
114.07610777415525
311.75443472691063
296.89345631656766
316.29022598989496
302.7740347776787
111.45540256097405
313.51106954022623
307.56222042280467
303.2949255718082
307.87422603572765
308.31656336806634
307.98272582823387
246.3337112958247
311.76116251025513
291.27554669996715
310.2760968306884
310.30781408604065
306.6803493955046
295.4447827229287
308.2717671185587
298.8861321496428
316.4248671416183
298.0592704300182
286.1537591103265
294.5541026996709
286.08626395239315
299.6254376026866
300.8638118862257
236.36972477754193
256.0001001001178
312.04828379879604
298.02662621744884
317.60545572394864
300.09967145005976
306.3682813846525
304.0069155868183
187.287747766772
169.17193314804078
294.95972967279823
310.3183220310041
304.1531421488087
315.7008808901459
180.85723198942827
324.8377615117501
323.2825390131477
301.14076119662866
318.6655130644921
305.3391824866122
297.9106674069538
254.80262536075978
315.7742362569445
299.62143448169667
208.6472992664552
310.18752267967716
321.6254527173657
315.9898526872696
310.67267293354246
309.0968590877914
322.78151079798545
296.8957809991932
315.56283306775185
310.07344564774587
259.9206218483228
232.25445934795434
280.95775957994874
143.34678874183666
316.0328433311258
310.4295041297585
227.3716245869072
307.3218839973907
228.17320844549423
312.7392373481676
319.4855389420011
284.85950958789715
314.0251244660105
242.98783326791013
289.6284156539128
137.26192133424735
297.4318543642106
323.79541312530694
131.7119467997234
302.47251875244166
299.877404869871
312.25512831910294
298.95451800609794
298.0045629961385
228.68781388602093
281.01398401185145
254.3971688012667
311.51815241695687
315.35770893924894
313.73315432955565
304.88211329692285
304.3704908426252
223.98296853002566
313.90018289752425
307.7268610719751
125.8504505019548
310.72306032404134
273.717531208922
316.7182583958886
306.9768672678406
309.3993404197677
304.8238380594135
307.09291672429174
295.7160975760646
312.55331111386295
287.6611797409747
315.0448779446197
146.8833419492682
138.82530978053524
303.2137343684448
319.25335241843993
316.3237486016945
297.4374462722495
323.9174736577162
308.62942322779304
299.8894088148787
301.5668521681287
305.7795479972638
292.67024905354236
111.07482803505822
297.98828646404024
309.0304027525226
306.3296536231865
308.11365394619133
312.8966236539169
300.14420781512774
315.58955300890676
318.91275234715795
295.8846751651778
234.6893426781218
313.3667058635922
317.2547965156587
140.36420654704816
318.1047437466535
318.66406352905125
321.7078616176345
254.80179672433812
299.80052845017445
304.8223449326402
300.4698399739822
315.3070915942682
300.34114684846213
310.4608877206183
257.2990506238299
295.6044986068288
315.61644739671
305.3199723462697
120.1588320214891
314.2828090360451
311.95354734339907
254.05573990753413
318.72732361698843
321.80605570934307
300.8658088761178
263.6681381584091
317.7625447735367
302.1506961345435
317.2777322237162
320.3304903736854
319.31277387337775
325.98104511859674
173.83279936993904
302.7025115418839
308.50396281471615
139.64141857275865
313.97609286572674
303.38185161384195
316.1666130999909
319.2285511566453
322.60909462021584
138.5747273310447
315.9998868290173
318.18556974865925
137.76710034137653
173.2204753362632
306.9794391564554
305.7708162096038
319.7009816367425
249.8442423986927
319.7028570833017
196.95445291570758
154.4152610156917
308.81325131632275
323.7466608797337
123.90596980357152
301.3071570986061
319.5102741337271
322.8509070735113
296.95576113435544
313.723924623087
301.1878185332082
295.43203508211366
314.278466580576
186.4664804074972
324.02835290310145
279.2470221140204
289.7809380336989
309.1079986525022
300.3496609562069
324.53927032575683
295.45706583080243
143.70597132082372
308.2481246643279
297.00707246782986
210.9821496560662
304.08601678503135
310.0315861418202
311.9189742989405
176.55923658497827
299.93863410989394
154.88530821839254
296.48722725453194
317.8521987966681
221.14653756153487
299.6415465310327
301.2942379327722
303.0921418340704
312.739987513088
319.7422105510873
299.68349722697
298.4612435989713
302.78560454741256
305.32967914781085
312.17061218021314
311.0541857028542
315.1607863354888
305.999445013067
301.1486405654403
146.33389350089664
317.2287302948418
305.172135668946
311.2231813078709
307.8136402388171
234.85068224802234
256.5672164660738
310.0722425068035
297.87236471455367
299.396098363998
303.05225128339134
302.7240975846136
137.99856750044628
321.18892391264643
322.3475066193313
261.5568198930849
320.0746959685969
306.5750024888753
303.3689667320473
238.7864860273755
282.3461824473935
158.6847031631251
285.3703371363182
315.5440377977453
306.3307956132685
306.2456263891294
270.6518524355673
293.71219198091677
312.03602802086186
153.34220658259025
224.6263748083796
316.09212252743566
244.33258109492454
305.33487815869233
326.2863360757971
234.87010718270216
214.22185951557196
248.61701022497505
237.21190834847042
294.95580499137424
303.56520974681627
197.0222734696602
304.1633819369869
216.9334480897787
280.92375367247143
315.53203477819915
317.7142289204067
312.03417836995806
200.77291902795463
322.2764503731743
295.1515681062186
264.22904583867955
293.58462792877805
312.24661751539895
301.03919564079774
319.3342933242181
307.5635513222234
322.49758535873315
212.92025352351462
318.5035750274233
224.16938344217655
311.7649077038931
304.03092790231153
310.9130760091189
315.7064723170956
293.97727620305164
309.5237488148585
191.87306694914903
314.6796712550513
301.2247226071481
179.6560190870473
285.2127932424892
324.04632235315
134.2969474007227
225.24344026194538
311.24342721224434
318.3403541781966
135.72106486494891
320.6722705347598
278.4051732696448
307.5299433580119
319.9789194646589
301.5318022491066
324.0280930324571
298.4418606286922
310.0644137062888
303.81818791160725
193.47974766801696
145.18953043406057
312.8555527326261
232.8319501195515
150.51775147892954
306.9683824925346
318.8879909013435
312.07908863794415
325.73483484363925
310.50969742872337
314.02579749131706
247.57824652847356
301.4449977158708
223.05061193350298
307.241232081772
306.76731380396905
317.982236369607
307.761895205695
320.549211032695
286.9893920909008
305.21374857379203
194.92205932554586
304.34145212033616
295.75452933100195
242.9066092772079
310.2705547537551
305.0010083952743
174.1535185991512
318.87361692375856
210.24519137031973
307.27439583509425
320.24953820529885
319.3587729216454
312.2077202837319
306.6794476372978
251.10989355872985
216.80747400239875
312.0192916456202
312.94250750131386
305.7774641465285
319.6415348430278
310.28496701142524
249.64476954694132
303.5502008358577
285.74407042692815
315.054632243327
324.196078397638
298.0250716419701
311.8279492509703
270.7820526101848
300.1753725095908
307.0861327648187
311.15287295833497
294.97830774777947
292.6985391501767
294.5712919580052
321.59689296752805
270.214163590024
308.0000728909614
136.4325970491641
318.7197747637031
151.10863015588927
143.49205175065464
120.6078701105621
162.03650001547973
307.24393602262097
323.74954058218634
224.8504381526065
316.1806135902493
231.7516913482446
200.17628955382602
310.3402308811661
322.9851112354561
296.06462549297737
215.26065042347173
303.3850317721785
302.25349582079804
319.2825180007059
295.8306563694271
318.8404996732976
269.04908399853133
297.9605011178435
309.51598595937685
312.74717657974475
315.56055032842744
306.3156315600841
318.032452733329
321.01148638548045
267.01590777014235
313.6121424202146
318.9391673083005
305.08900278975483
300.79604354575497
308.7911523459918
299.58119875300326
297.57579225617184
299.2511609984418
317.85919747898583
138.6331563323327
304.6308254234783
303.6884376584121
305.512753850272
295.7205887571844
315.9879576486667
164.86599283501246
302.68332648161413
176.53878787709783
303.31860847547574
131.69872447766417
303.3605181061939
318.8381414272707
264.9869474026424
309.41938532295455
289.6632599634265
296.1425967136614
307.7157856722779
146.676859099354
151.24694295416955
318.23171653422696
309.1055681641441
315.38999859399433
227.42680381636052
314.41595613605926
110.8561144924924
165.34357177833832
293.5913394775727
148.30737517924354
302.31274303816514
306.25113827367625
314.9865185348457
318.03569795474226
223.15919728357375
306.0608453944017
299.7373218455964
250.9516780395515
316.8512573550431
306.714632404846
232.7214919742921
306.500297149773
173.03661102489772
318.4833379801953
245.44032410144547
323.827295347579
159.4129777511616
142.89047443135485
218.85437863413912
300.57249502343797
298.7234319755826
140.14689348440248
315.6839097782851
322.62915680432053
294.06948778024474
308.4835489291277
302.25339308716485
299.68666797561616
318.9855938988253
313.6818266400472
186.92030343280294
315.57201427250016
307.9703605001679
300.5508928717208
312.0074266748857
325.88849554818336
197.77087322532302
304.71424926679197
309.83067199952393
302.3300092040232
322.3602994932442
295.72257601945915
120.15304933817526
176.66218237310795
301.65282101505613
296.0000158880172
317.27315054821133
283.75847195878447
184.07375546349647
170.14926366561008
317.5894878904684
312.976202854188
152.7908871983379
310.01780461812325
315.24107836624995
294.4692939260748
300.5130557020415
310.8026923139997
313.4883823420629
297.7342290297668
306.3080344744198
310.33835934779415
317.0579562675549
189.743011132953
309.00276649648436
300.364256877984
265.2008309967826
250.7266563991053
314.1181264921692
309.62722491700936
296.35952974267514
299.4665109661612
306.9257690115421
303.82456071354585
143.50390583363534
198.151612837936
203.2585758096812
309.8999199210632
294.8457266436646
305.0172863823645
312.63034967879935
314.18424578743304
305.6296869232657
320.33011391411196
304.253178348363
279.0939221595927
308.99972310358714
262.45830007493294
290.8224965160915
310.03084659957943
291.0329889796447
306.3971131530506
315.1273495975741
305.15019178762356
309.4216416232438
321.367335795253
301.2926918636898
311.80334933189874
225.9372921240369
309.96723830102525
306.04429460610805
295.89454996317653
258.5414521427308
241.59124396912716
292.5051667311985
315.7086306286993
320.19940989618914
295.6591976172915
324.60916480187245
313.92933473130466
316.33695513090515
181.69006140313712
314.85281944238153
159.3721392553648
310.761945523796
294.23915030282484
263.2631625501314
296.0411295687379
299.22168382051916
212.3954633107238
294.51626382592696
309.7241250939276
304.21322099845725
276.0085677472433
313.0158863740078
315.58766318526153
302.81774420632047
318.8212575567431
304.6320353594903
311.225598620847
318.80800368768786
295.44829691637904
272.16954760510464
298.3025474286944
311.80202758951947
274.12114860794384
295.4141980285297
305.67356754653406
189.7967882933204
142.73500232357475
309.8899725514901
301.2969139811295
323.4484052670257
289.72268210795187
302.6338783382305
309.86627114029216
316.70677258639836
303.8027692969175
169.4401401507485
295.23478787028
322.0946497748925
271.50060984355207
159.78587440615354
297.39684781347296
309.4468875492368
303.32723805920995
300.6680049615424
288.3172084273584
309.1843684306108
311.03057229983125
301.066567167385
314.4223771988916
293.8437968081396
93.02549500529923
306.8989558141297
307.504978711141
252.26952417373874
299.82150277699867
314.14984714549337
309.7670885325989
259.87607911951125
301.96376575774616
174.37279946944653
303.3482526138098
138.22085420369442
285.5523284060895
320.88266139970295
315.3948756199343
312.01047501199935
262.69730498131185
314.6620662732662
306.69600398214664
262.8749814972062
117.41475782868125
318.0129814357172
311.0781970305364
322.4021380273096
295.8052941481483
234.3687856118548
301.79174559396887
318.56895511984095
121.92753121947733
298.60103603572855
305.62218051373105
310.89861596220084
314.8990674433513
300.26846795669275
300.53417032201185
