$SPEC_ID:
This is sample 047.
$SPEC_REM:
DET# 1
DETDESC# DIP1456 PCI-Trump SN 253
AP# Maestro Version 7.01
$DATE_MEA:
11/06/2024 17:43:43
$MEAS_TIM:
24 25
$DATA:
0 2047
       0
       0
       0
       0
       0
       0
       0
       0
       0
       0
       0
       0
       0
       0
       0
       0
       0
       0
       0
       0
       0
       0
       0
       0
       0
       0
       0
       0
       0
       0
       0
       0
       0
       0
       0
       0
       0
       0
       0
       0
       0
       0
       0
       0
       0
       0
       0
       0
       0
       0
       0
       0
       0
       0
       0
       0
       0
       0
       0
       0
       0
       0
       0
       0
       0
       0
       0
       0
       0
       0
       0
       0
       0
       0
       0
       0
       0
       0
       0
       0
       0
       0
       0
       0
       0
       0
       0
       0
       0
       0
       0
       0
       0
       0
      48
     209
     225
     212
     228
     232
     257
     239
     253
     233
     227
     255
     242
     221
     257
     240
     260
     280
     250
     250
     268
     258
     281
     271
     313
     296
     294
     298
     328
     289
     307
     286
     305
     295
     293
     271
     292
     259
     275
     271
     282
     265
     258
     276
     279
     265
     257
     247
     242
     269
     244
     231
     239
     236
     237
     257
     221
     220
     251
     241
     215
     233
     251
     195
     261
     206
     200
     221
     191
     238
     205
     197
     218
     213
     185
     183
     189
     188
     198
     150
     180
     176
     179
     175
     186
     168
     165
     211
     181
     149
     180
     172
     184
     176
     185
     146
     168
     173
     190
     162
     163
     169
     159
     169
     167
     178
     178
     169
     159
     155
     157
     134
     163
     165
     160
     140
     121
     138
     105
     121
     113
     119
     108
     121
      95
     101
      95
     105
      76
      84
      77
      67
      96
      85
      75
      80
      72
      84
      92
      71
      67
      71
      74
      91
      65
      64
      74
      77
      71
      73
      54
      77
      56
      61
      74
      72
      54
      64
      55
      60
      51
      64
      71
      59
      71
      56
      64
      58
      58
      68
      56
      61
      53
      56
      53
      44
      47
      58
      53
      60
      41
      39
      44
      50
      44
      38
      37
      52
      54
      45
      50
      52
      49
      45
      39
      52
      43
      35
      27
      47
      42
      40
      52
      48
      51
      85
      80
      96
      84
     123
     136
     158
     192
     212
     276
     287
     310
     381
     451
     473
     512
     581
     673
     665
     674
     838
     837
     835
     898
     876
     901
     961
     904
     826
     839
     828
     795
     706
     685
     616
     575
     515
     422
     407
     351
     323
     249
     228
     229
     175
     162
     136
     107
     102
     102
      81
      54
      54
      62
      36
      37
      30
      38
      26
      33
      28
      27
      22
      31
      23
      30
      22
      21
      21
      24
      28
      16
      26
      22
      11
      29
      22
      31
      29
      24
      21
      24
      20
      20
      18
      27
      32
      21
      29
      28
      28
      28
      19
      17
      21
      19
      25
      19
      21
      25
      23
      20
      21
      20
      16
      27
      22
      24
      24
      23
      23
      25
      16
      24
      16
      26
      11
      18
      25
      21
      24
      34
      30
      17
      23
      21
      23
      30
      22
      30
      22
      22
      24
      15
      26
      26
      15
      25
      28
      22
      19
      24
      22
      20
      19
      25
      19
      23
      18
      18
      23
      24
      25
      25
      24
      25
      11
      23
      25
      13
      20
      22
      18
      18
      22
      27
      21
      25
      27
      26
      17
      15
      19
      17
      38
      29
      29
      23
      19
      17
      29
      28
      28
      27
      28
      20
      24
      17
      30
      23
      24
      20
      22
      28
      20
      20
      25
      19
      23
      14
      22
      30
      19
      22
      20
      18
      23
      13
      17
      17
      26
      22
      19
      26
      20
      15
      23
      22
      22
      23
      24
      17
      20
      32
      15
      20
      23
      24
      26
      25
      18
      12
      21
      32
      27
      30
      20
      33
      22
      23
      23
      25
      25
      17
      22
      19
      22
      25
      39
      30
      33
      22
      20
      19
      29
      15
      31
      22
      37
      23
      27
      27
      21
      25
      22
      24
      19
      19
      16
      31
      22
      27
      22
      16
      32
      26
      36
      27
      25
      22
      20
      22
      26
      19
      37
      16
      24
      32
      34
      32
      34
      19
      23
      33
      30
      24
      22
      27
      21
      26
      24
      34
      24
      28
      22
      28
      23
      34
      29
      27
      20
      38
      37
      34
      21
      23
      27
      25
      18
      33
      31
      16
      34
      30
      21
      26
      25
      23
      29
      37
      30
      32
      37
      25
      22
      24
      19
      18
      25
      13
      20
      18
      13
      24
      17
      16
      18
      11
      15
      18
      18
      13
      17
      12
      15
      10
      15
      10
      20
      13
      11
       8
      13
       8
       9
      11
      12
       5
       5
       9
       9
       9
       6
      11
       5
       6
      10
       2
       5
       2
       9
       7
       7
       5
       3
       6
       4
       3
       5
       9
       7
       3
       5
       4
       1
       5
       4
       4
       6
       7
       3
       3
       0
       5
       7
       3
       3
       2
       1
       6
       4
       5
       8
       4
       1
       1
       2
       3
       2
       2
       5
       0
       2
       3
       1
       3
       6
       1
       4
       2
       2
       3
       4
       2
       1
       7
       1
       1
       1
       4
       5
       9
       4
       4
       6
       9
       6
       6
      17
      11
      15
      15
      18
      19
      23
      20
      24
      28
      46
      33
      43
      40
      55
      48
      59
      46
      48
      77
      79
      60
      85
      68
      90
      70
      76
      81
      89
      78
      91
      89
     106
      98
     120
      87
     123
     114
      92
     103
     102
      98
     105
      90
      87
      83
      82
      77
      67
      73
      82
      59
      46
      48
      65
      48
      39
      46
      39
      33
      28
      34
      40
      24
      22
      24
      13
      24
      25
      17
      11
      11
       7
       6
       4
       5
       4
       1
       5
       4
       8
       4
       6
       2
       2
       2
       2
       5
       0
       1
       3
       2
       2
       2
       1
       3
       1
       0
       1
       0
       1
       4
       1
       2
       1
       1
       1
       2
       1
       2
       1
       2
       1
       3
       0
       2
       0
       0
       0
       2
       0
       3
       0
       1
       2
       0
       0
       1
       1
       1
       0
       6
       1
       3
       4
       3
       1
       0
       3
       4
       1
       5
       1
       3
       2
       1
       3
       2
       1
       0
       2
       2
       1
       2
       2
       2
       4
       2
       1
       2
       3
       0
       2
       1
       1
       1
       0
       1
       3
       1
       0
       0
       0
       1
       3
       1
       1
       0
       1
       0
       1
       2
       0
       2
       1
       2
       1
       0
       1
       0
       2
       1
       0
       0
       0
       0
       0
       2
       0
       1
       0
       0
       1
       1
       1
       2
       1
       0
       0
       0
       0
       1
       1
       2
       1
       0
       0
       0
       0
       2
       1
       0
       0
       1
       0
       0
       0
       0
       1
       1
       0
       0
       1
       2
       1
       0
       1
       0
       0
       0
       1
       0
       0
       1
       1
       1
       0
       0
       1
       0
       2
       2
       0
       1
       1
       0
       0
       1
       2
       0
       0
       1
       0
       0
       1
       0
       0
       1
       0
       0
       0
       0
       0
       1
       0
       0
       1
       0
       0
       0
       0
       0
       1
       0
       0
       0
       1
       1
       0
       1
       1
       0
       1
       0
       0
       0
       1
       0
       0
       0
       0
       0
       0
       0
       0
       0
       1
       0
       0
       0
       0
       0
       1
       1
       1
       0
       2
       1
       1
       0
       1
       1
       0
       0
       0
       0
       1
       0
       1
       0
       1
       1
       2
       0
       1
       0
       1
       2
       1
       1
       0
       0
       0
       3
       1
       1
       1
       3
       1
       3
       1
       1
       0
       0
       0
       2
       1
       0
       1
       2
       1
       3
       0
       0
       0
       3
       1
       1
       1
       1
       1
       2
       0
       0
       0
       1
       1
       0
       0
       0
       1
       0
       0
       1
       0
       0
       0
       0
       2
       0
       1
       0
       0
       0
       1
       0
       0
       0
       0
       1
       0
       0
       0
       2
       1
       0
       0
       0
       0
       1
       0
       0
       0
       0
       0
       0
       1
       0
       1
       0
       0
       0
       0
       0
       0
       0
       0
       0
       0
       1
       0
       1
       0
       0
       0
       0
       0
       0
       0
       0
       0
       0
       0
       0
       0
       0
       0
       1
       0
       0
       0
       0
       0
       0
       0
       0
       0
       0
       0
       0
       0
       0
       0
       0
       0
       0
       0
       1
       0
       0
       0
       0
       0
       0
       0
       0
       0
       0
       1
       0
       0
       0
       0
       0
       0
       0
       0
       0
       1
       1
       0
       0
       0
       0
       0
       0
       0
       1
       0
       0
       0
       0
       0
       0
       0
       1
       0
       0
       0
       0
       0
       0
       0
       0
       0
       0
       0
       0
       0
       0
       0
       0
       0
       0
       1
       0
       0
       0
       1
       0
       0
       0
       0
       0
       0
       0
       0
       0
       0
       0
       0
       0
       0
       0
       0
       0
       0
       0
       0
       0
       1
       0
       0
       0
       0
       0
       0
       0
       0
       0
       1
       0
       0
       0
       0
       0
       0
       0
       0
       0
       0
       0
       0
       0
       0
       1
       0
       0
       0
       1
       0
       0
       0
       0
       0
       0
       1
       0
       0
       0
       0
       0
       0
       0
       0
       0
       0
       0
       0
       0
       1
       1
       0
       0
       0
       1
       0
       0
       0
       0
       0
       0
       0
       0
       0
       0
       0
       0
       0
       0
       1
       1
       0
       0
       0
       0
       0
       0
       0
       0
       0
       0
       0
       0
       0
       0
       0
       0
       0
       0
       0
       0
       0
       0
       0
       0
       0
       0
       0
       0
       0
       1
       1
       0
       0
       0
       0
       0
       0
       0
       0
       0
       0
       0
       0
       0
       0
       0
       0
       0
       0
       0
       0
       0
       0
       0
       0
       1
       0
       0
       0
       0
       0
       0
       0
       0
       0
       0
       1
       1
       0
       0
       0
       0
       0
       0
       0
       0
       0
       0
       0
       0
       0
       0
       0
       0
       0
       0
       0
       0
       0
       0
       0
       0
       0
       0
       0
       0
       0
       0
       0
       0
       0
       0
       0
       0
       0
       0
       0
       0
       0
       0
       0
       0
       0
       0
       0
       0
       0
       0
       1
       0
       0
       0
       0
       0
       0
       0
       0
       0
       0
       0
       0
       0
       0
       0
       0
       0
       0
       0
       0
       0
       0
       0
       0
       0
       0
       0
       0
       0
       0
       0
       0
       0
       0
       0
       0
       0
       0
       0
       0
       0
       0
       0
       0
       0
       0
       0
       0
       0
       0
       0
       0
       0
       0
       0
       0
       0
       0
       0
       0
       0
       0
       0
       1
       0
       0
       0
       0
       0
       0
       0
       0
       0
       0
       1
       0
       0
       0
       0
       0
       0
       1
       0
       0
       1
       0
       0
       0
       0
       0
       0
       0
       0
       0
       0
       0
       0
       0
       0
       0
       0
       0
       0
       0
       0
       0
       0
       0
       0
       0
       0
       0
       0
       0
       0
       0
       0
       0
       0
       0
       0
       0
       0
       0
       0
       0
       0
       0
       0
       0
       0
       0
       0
       0
       0
       0
       0
       1
       0
       0
       0
       0
       0
       0
       0
       0
       0
       0
       0
       0
       0
       0
       0
       0
       0
       0
       0
       0
       0
       0
       0
       0
       0
       0
       0
       0
       0
       0
       0
       0
       0
       0
       0
       0
       0
       0
       0
       0
       0
       0
       0
       0
       0
       0
       0
       0
       0
       0
       0
       0
       0
       0
       0
       0
       0
       0
       0
       0
       0
       0
       0
       0
       0
       0
       0
       0
       0
       0
       0
       0
       0
       0
       0
       0
       0
       0
       0
       0
       0
       0
       0
       0
       0
       0
       0
       0
       0
       0
       0
       0
       0
       0
       0
       0
       0
       0
       0
       0
       0
       0
       0
       0
       0
       0
       0
       0
       0
       0
       0
       0
       0
       0
       0
       0
       0
       0
       0
       0
       0
       0
       0
       0
       0
       0
       0
       0
       0
       0
       0
       0
       0
       0
       0
       0
       0
       0
       0
       0
       0
       0
       0
       0
       0
       0
       0
       0
       0
       0
       0
       0
       0
       0
       0
       0
       0
       0
       0
       0
       0
       0
       0
       0
       0
       0
       0
       0
       0
       0
       0
       0
       0
       0
       0
       0
       0
       0
       0
       0
       0
       0
       0
       0
       0
       0
       0
       0
       0
       0
       0
       0
       0
       0
       0
       0
       0
       0
       0
       0
       0
       0
       0
       0
       0
       0
       0
       0
       0
       0
       0
       0
       0
       0
       0
       0
       0
       0
       0
       0
       0
       0
       0
       0
       0
       0
       0
       0
       0
       0
       0
       0
       0
       0
       0
       0
       0
       0
       0
       0
       0
       0
       0
       0
       0
       0
       0
       0
       0
       0
       0
       0
       0
       0
       0
       0
       0
       0
       0
       0
       0
       0
       0
       0
       0
       0
       0
       0
       0
       0
       0
       0
       0
       0
       0
       0
       0
       0
       0
       0
       0
       0
       0
       0
       0
       0
       0
       0
       0
       0
       0
       0
       0
       0
       0
       0
       0
       0
       0
       0
       0
       0
       0
       0
       0
       0
       0
       0
       0
       0
       0
       0
       0
       0
       0
       0
       0
       0
       0
       0
       0
       0
       0
       0
       0
       0
       0
       0
       0
       0
       0
       0
       0
       0
       0
       0
       0
       0
       0
       0
       0
       0
       0
       0
       0
       0
       0
       0
       0
       0
       0
       0
       0
       0
       0
       0
       0
       0
       0
       0
       0
       0
       0
       0
       0
       0
       0
       0
       0
       0
       0
       0
       0
       0
       0
       0
       0
       0
       0
       0
       0
       0
       0
       0
       0
       0
       0
       0
       0
       0
       0
       0
       0
       0
       0
       0
       0
       0
       0
       0
       0
       0
       0
       0
       0
       0
       0
       0
       0
       0
       0
       0
       0
       0
       0
       0
       0
       0
       0
       0
       0
       0
$ROI:
3
17 25
51 67
271 386
$PRESETS:
Live Time
1036800
0
$ENER_FIT:
-37.406231 1.986979
$MCA_CAL:
3
-3.740623E+001 1.986979E+000 0.000000E+000 keV
$SHAPE_CAL:
3
0.000000E+000 0.000000E+000 0.000000E+000
