$SPEC_ID:
This is sample 047.
$SPEC_REM:
DET# 1
DETDESC# DIP1456 PCI-Trump SN 253
AP# Maestro Version 7.01
$DATE_MEA:
11/08/2024 14:54:17
$MEAS_TIM:
13 13
$DATA:
0 2047
       0
       0
       0
       0
       0
       0
       0
       0
       0
       0
       0
       0
       0
       0
       0
       0
       0
       0
       0
       0
       0
       0
       0
       0
       0
       0
       0
       0
       0
       0
       0
       0
       0
       0
       0
       0
       0
       0
       0
       0
       0
       0
       0
       0
       0
       0
       0
       0
       2
      45
      59
      57
      57
      71
      69
      58
      61
      85
      80
      72
      75
      57
      70
      81
      75
      75
      69
      75
      65
      86
      70
      80
      83
     102
      72
      72
      88
      84
      83
      72
      94
     101
      86
      81
      65
      88
      91
     100
     100
      86
      75
      96
      95
      96
      80
      87
      92
      89
     100
      89
      83
      99
     111
      98
     112
      80
      94
      98
     112
      81
     100
      88
      95
     101
     104
      84
      98
     118
      90
      96
      87
      86
     110
      97
      94
      86
     103
     104
      89
      88
     111
      91
      95
      94
      87
     107
     101
      80
      99
     100
     111
     106
      99
      99
     105
     125
     108
     122
     125
     104
     108
     143
     130
     150
     120
     129
     135
     140
     122
     117
     139
     128
     135
     132
     120
     121
      98
     122
     101
     121
     112
     122
     107
     111
     118
      93
     102
     111
     119
      95
     104
     126
      96
     100
     103
     113
      99
     111
     116
     106
     120
     109
     103
     103
     103
      85
      95
      93
     104
      77
      84
      72
      97
     116
      93
      81
      97
      84
      97
      86
      90
      81
      86
      82
      72
      94
      80
      86
      77
      92
      77
      90
      67
      78
      80
      68
      81
      57
      73
      78
      79
      77
      65
      69
      64
      76
      84
      67
      68
      85
      70
      69
      77
      78
      72
      61
      63
      66
      53
      74
      77
      63
      66
      66
      60
      64
      60
      78
      80
      66
      70
      73
      69
      68
      48
      59
      69
      58
      62
      56
      58
      50
      64
      46
      59
      54
      52
      51
      52
      58
      47
      50
      48
      47
      31
      43
      46
      33
      45
      31
      29
      30
      26
      28
      36
      33
      45
      25
      25
      30
      30
      27
      32
      30
      30
      29
      32
      37
      37
      32
      24
      23
      30
      30
      28
      25
      18
      28
      25
      25
      23
      25
      24
      27
      25
      22
      21
      22
      29
      19
      20
      27
      21
      31
      18
      18
      21
      23
      28
      20
      19
      17
      31
      24
      24
      17
      23
      18
      23
      13
      23
      14
      21
      21
      22
      21
      25
      16
      18
      21
      16
      24
      27
      22
      15
      19
      21
      22
      21
       9
      14
      14
      21
      18
      17
      16
      21
      12
      21
      13
      27
      12
      12
      26
      27
      29
      38
      32
      32
      44
      33
      48
      39
      60
      59
      68
      70
      96
     110
     121
     117
     148
     167
     160
     174
     202
     251
     286
     272
     283
     295
     295
     312
     338
     370
     398
     366
     373
     402
     386
     358
     393
     331
     358
     337
     351
     386
     328
     315
     301
     246
     235
     242
     208
     206
     186
     158
     159
     126
     121
     109
      92
      85
      71
      68
      56
      56
      47
      44
      38
      25
      26
      26
      16
      22
      14
      14
      23
      13
      12
      23
       8
      15
      10
      10
      14
       6
      16
       7
       4
       7
      10
       9
      12
       6
       7
       9
       5
      12
      10
       7
      11
      15
      12
      10
       8
      12
      14
       9
       4
      10
      10
       9
       7
      11
      13
      13
       7
      12
       6
       7
      11
      10
      11
      12
      14
       7
      10
       3
      14
      10
       4
       8
      11
       7
      11
       5
       4
      12
       2
       4
      11
       6
       7
       5
       5
       9
      11
       7
       6
       8
      12
      13
      13
      10
       6
       4
       7
       8
       5
       9
       8
      11
      10
       8
      10
       7
       8
       8
       7
       7
       9
      10
      15
       8
       7
      14
      17
       7
       5
      10
      12
      10
       8
       9
      14
      11
       9
       6
      11
       8
      12
      13
       8
       9
      16
      13
       9
       5
       7
       9
       9
       6
       8
       9
      15
       9
      12
       8
      10
      12
       5
      13
       2
       8
      12
       6
       5
      11
       8
       9
      17
       7
       8
      15
       8
      12
       5
       8
       7
      11
      11
       9
       7
       9
      11
      10
       8
      11
      10
       9
       3
       9
       9
       9
       9
       6
      13
       8
       6
       8
       8
       5
       6
       9
       4
       8
      10
       7
       7
       8
      13
      10
       6
      16
      12
       6
      14
       7
       8
      13
       7
      14
       6
      13
       6
       7
      10
       9
      11
       6
       7
       7
      11
      13
      14
      12
      11
      15
      13
      11
       8
      12
       9
       6
       8
       8
      14
       8
       9
      10
      13
       9
      12
      10
      14
       8
      11
       9
      15
       6
      13
      16
      11
      10
       5
      13
      11
       8
       7
       9
       5
       8
       6
      11
      14
       9
       8
       8
       7
      12
      12
       5
      12
       6
       4
       8
       7
       9
      10
       9
       9
      11
      12
      13
      11
      10
       8
       9
      14
       9
      15
      16
      10
       7
       8
      10
      18
      12
       8
      10
      14
      12
      13
      13
       9
       9
      16
       8
      13
      11
       5
      17
      10
      11
       9
      13
      10
       5
       8
      10
      14
       5
      15
      10
       9
      12
       5
      10
      11
      10
      10
       7
      11
      10
      10
      13
      14
      13
      17
       9
      13
       9
       9
      13
       8
      11
       9
      16
      11
      13
      14
       8
       3
      13
      11
      15
      13
       9
       9
      10
       9
      16
      10
      16
      13
      12
       8
      15
      11
       9
       8
       7
      17
      12
      11
       6
      11
      12
      11
       5
      10
       7
       7
      11
       8
      11
       7
       7
       6
      10
       6
       8
       6
       3
       9
       2
       5
       2
       5
       5
       3
       4
      10
       6
       6
      12
       6
       4
       1
       3
       2
       3
       4
       3
       4
       9
       2
       9
       2
       7
       4
       4
       2
       6
       6
       5
       3
       7
       3
       5
       3
       3
       5
       1
       5
       1
       0
       1
       3
       3
       3
       1
       4
       4
       2
       2
       4
       3
       1
       1
       6
       4
       3
       1
       3
       2
       2
       4
       1
       0
       2
       0
       2
       2
       5
       3
       2
       1
       1
       1
       3
       1
       2
       2
       4
       1
       1
       1
       2
       1
       1
       0
       1
       0
       2
       0
       1
       0
       1
       2
       0
       1
       1
       2
       0
       0
       0
       2
       0
       1
       0
       2
       1
       0
       2
       1
       2
       0
       1
       0
       6
       1
       1
       0
       0
       2
       4
       0
       2
       1
       1
       6
       1
       0
       2
       2
       3
       2
       4
       2
       4
       6
       3
       5
      12
       4
       9
      10
       7
       6
      16
       7
      12
      10
      16
      15
      15
      14
      20
      16
      23
      18
      18
      25
      27
      29
      22
      30
      28
      45
      28
      30
      29
      41
      30
      33
      37
      43
      28
      35
      29
      49
      49
      45
      63
      41
      43
      39
      41
      54
      34
      44
      25
      44
      34
      40
      35
      39
      31
      51
      47
      31
      26
      39
      31
      24
      24
      31
      20
      28
      17
      19
      20
      20
      22
      14
      14
      15
      17
      12
      12
      16
      11
       7
       9
       8
      11
       6
       6
       7
       6
       5
       1
       6
       8
       3
       7
       4
       2
       1
       3
       4
       3
       1
       4
       1
       0
       0
       2
       2
       4
       2
       0
       1
       2
       1
       1
       0
       0
       1
       0
       1
       0
       1
       0
       1
       2
       0
       0
       0
       1
       2
       1
       0
       0
       2
       1
       3
       1
       0
       0
       0
       0
       0
       0
       1
       0
       1
       2
       0
       1
       1
       1
       0
       2
       0
       0
       0
       1
       0
       0
       1
       0
       0
       0
       0
       0
       1
       1
       1
       0
       1
       0
       1
       0
       1
       0
       2
       2
       2
       0
       1
       1
       1
       0
       1
       0
       2
       0
       4
       1
       0
       0
       0
       1
       0
       1
       1
       1
       0
       0
       3
       1
       0
       0
       2
       0
       0
       2
       1
       0
       3
       0
       0
       3
       4
       1
       1
       0
       1
       0
       0
       1
       0
       0
       0
       0
       2
       0
       2
       0
       0
       0
       0
       0
       1
       0
       0
       0
       0
       0
       1
       0
       0
       0
       0
       0
       2
       0
       1
       0
       0
       0
       1
       0
       0
       2
       1
       0
       0
       0
       0
       1
       0
       1
       0
       0
       2
       0
       1
       1
       0
       0
       1
       0
       0
       1
       0
       1
       0
       1
       0
       0
       0
       2
       0
       1
       1
       1
       1
       0
       0
       1
       0
       0
       0
       1
       0
       0
       0
       0
       0
       0
       0
       1
       0
       0
       0
       0
       1
       0
       1
       0
       0
       0
       0
       0
       0
       1
       1
       0
       0
       0
       0
       0
       0
       0
       0
       1
       0
       1
       0
       0
       0
       0
       0
       1
       0
       0
       0
       0
       1
       0
       0
       1
       0
       0
       0
       0
       0
       1
       0
       0
       0
       0
       0
       1
       0
       0
       0
       0
       0
       1
       0
       0
       0
       0
       0
       0
       0
       1
       0
       0
       0
       0
       0
       0
       0
       0
       0
       0
       0
       0
       0
       0
       0
       0
       0
       0
       0
       0
       0
       0
       0
       0
       0
       0
       0
       0
       0
       0
       0
       0
       0
       1
       0
       0
       1
       0
       0
       0
       0
       0
       0
       0
       0
       0
       0
       0
       0
       0
       0
       0
       0
       1
       0
       0
       0
       0
       0
       0
       0
       0
       0
       0
       0
       0
       0
       1
       0
       2
       0
       1
       0
       0
       0
       0
       0
       0
       1
       0
       0
       0
       0
       0
       0
       0
       0
       0
       0
       0
       0
       0
       0
       0
       0
       1
       3
       0
       0
       1
       0
       1
       1
       0
       0
       0
       0
       0
       0
       1
       1
       0
       0
       1
       0
       0
       0
       0
       0
       0
       0
       0
       0
       0
       0
       0
       0
       0
       0
       0
       0
       0
       0
       0
       0
       0
       0
       0
       1
       0
       1
       0
       0
       0
       0
       0
       0
       0
       0
       0
       0
       0
       0
       1
       0
       0
       0
       0
       0
       0
       0
       0
       0
       0
       0
       0
       0
       0
       0
       0
       0
       0
       0
       0
       0
       1
       0
       0
       0
       0
       0
       0
       0
       0
       0
       0
       0
       0
       0
       0
       0
       1
       0
       0
       0
       0
       0
       0
       0
       0
       0
       0
       0
       0
       0
       0
       0
       0
       0
       0
       0
       0
       0
       1
       0
       0
       0
       0
       0
       0
       0
       0
       0
       0
       0
       0
       0
       0
       0
       0
       0
       0
       0
       0
       0
       0
       0
       0
       0
       0
       0
       0
       0
       0
       1
       1
       0
       0
       0
       0
       0
       0
       0
       0
       0
       0
       0
       0
       0
       0
       0
       0
       0
       0
       0
       0
       0
       0
       0
       0
       0
       0
       1
       0
       0
       0
       0
       0
       0
       0
       0
       0
       0
       0
       0
       0
       0
       0
       0
       0
       0
       0
       0
       0
       0
       0
       0
       0
       0
       0
       1
       0
       0
       0
       1
       0
       0
       0
       0
       0
       0
       0
       0
       0
       0
       0
       0
       0
       0
       1
       0
       0
       0
       0
       0
       0
       0
       0
       0
       0
       0
       0
       0
       0
       0
       0
       0
       0
       0
       0
       0
       0
       0
       0
       0
       0
       0
       0
       0
       0
       0
       0
       0
       0
       0
       0
       0
       0
       0
       0
       0
       0
       0
       0
       0
       0
       0
       0
       0
       0
       0
       0
       0
       0
       0
       0
       0
       0
       0
       0
       0
       1
       0
       0
       0
       1
       0
       0
       0
       0
       1
       0
       0
       0
       0
       0
       0
       0
       0
       0
       0
       0
       0
       0
       0
       0
       0
       0
       0
       0
       0
       0
       0
       1
       0
       0
       0
       0
       0
       0
       0
       0
       0
       0
       1
       0
       1
       0
       0
       0
       0
       0
       0
       0
       0
       0
       0
       0
       0
       0
       0
       0
       0
       0
       0
       0
       0
       0
       0
       0
       0
       0
       0
       1
       0
       0
       0
       0
       0
       1
       0
       0
       0
       0
       0
       0
       0
       0
       0
       0
       0
       0
       0
       0
       0
       0
       0
       0
       0
       0
       0
       0
       0
       0
       0
       0
       0
       0
       1
       0
       0
       0
       0
       0
       0
       1
       0
       0
       0
       0
       0
       0
       0
       0
       0
       0
       0
       0
       0
       1
       1
       0
       0
       0
       0
       0
       0
       0
       0
       0
       0
       0
       0
       0
       0
       0
       0
       0
       0
       1
       0
       0
       0
       0
       0
       0
       0
       0
       0
       0
       0
       0
       0
       0
       0
       0
       0
       0
       0
       0
       0
       0
       0
       0
       0
       0
       0
       0
       0
       0
       0
       0
       0
       0
       0
       0
       0
       0
       0
       0
       0
       0
       0
       0
       0
       0
       1
       0
       0
       0
       0
       0
       0
       0
       0
       0
       0
       0
       0
       0
       0
       0
       0
       0
       0
       0
       0
       0
       0
       0
       0
       0
       0
       0
       0
       0
       0
       1
       0
       0
       0
       0
       0
       0
       0
       0
       0
       0
       0
       0
       0
       0
       0
       0
       0
       0
       0
       0
       0
       0
       0
       0
       0
       0
       0
       0
       0
       0
       0
       0
       0
       0
       0
       0
       0
       0
       0
       0
       0
       0
       0
       0
       0
       0
       0
       0
       0
       0
       0
       0
       1
       0
       0
       0
       0
       0
       0
       0
       0
       0
       0
       0
       0
       0
       1
       0
       0
       0
       0
       0
       0
       0
       0
       0
       0
       0
       0
       0
       0
       1
       0
       0
       0
       0
       0
       0
       0
       0
       0
       0
       0
       0
       0
       0
       0
       0
$ROI:
1
373 481
$PRESETS:
Live Time
1036800
0
$ENER_FIT:
-37.406231 1.986979
$MCA_CAL:
3
-3.740623E+001 1.986979E+000 0.000000E+000 keV
$SHAPE_CAL:
3
0.000000E+000 0.000000E+000 0.000000E+000
