$SPEC_ID:
This is sample 000.
$SPEC_REM:
DET# 1
DETDESC# DIP1456 PCI-Trump SN 253
AP# Maestro Version 7.01
$DATE_MEA:
06/11/2025 15:32:56
$MEAS_TIM:
43000 43267
$DATA:
0 2047
       0
       0
       0
       0
       0
       0
       0
       0
       0
       0
       0
       0
       0
       0
       0
       0
       0
       0
       0
       0
       0
       0
       0
       1
       1
       2
       0
       0
       0
       1
       0
       0
       0
       1
       1
       0
       2
       1
       1
       0
       0
       0
       0
       0
       0
       0
       0
       0
       2
       0
       0
       2
       0
       0
       1
       1
       2
       0
       0
       0
       0
       0
       1
       0
       2
       1
       1
       0
       1
       0
       0
       0
       4
       1
       1
       1
       1
       0
       0
       2
       1
       0
       2
       1
       0
       2
       0
       3
       2
       4
       4
       0
       2
       2
       5
       1
       0
       0
       3
       5
       0
       3
       5
       2
       2
       2
       3
       2
       2
       0
       1
       4
       2
       3
       1
       3
       2
       3
       2
       1
       2
       1
       1
       3
       2
       3
       1
       2
       2
       2
       3
       2
       4
       0
       0
       3
       2
       3
       4
       3
       2
       2
       1
       1
       2
       4
       3
       1
       4
       3
       1
       5
       1
       6
       3
       3
       1
       5
       2
       4
       3
       2
       6
       3
       2
       0
       1
       1
       4
       4
       2
       5
       2
       1
       0
       2
       5
       1
       2
       3
       3
       3
       2
       2
       5
       2
       2
       0
       4
       1
       2
       4
       0
       4
       0
       4
       1
       2
       5
       3
       4
       4
       1
       6
       3
       3
       4
       4
       4
       3
       2
       1
       2
       5
       4
       5
       2
       1
       3
       5
       2
       6
       6
       1
       9
       7
       4
       5
       1
       5
       3
       8
       3
       7
       4
       7
       7
       9
       0
       2
       5
       3
      12
       3
       2
       9
       4
       4
       9
       3
       9
       5
       4
       3
       4
       3
       6
       5
       4
       7
       4
       4
       9
       6
       6
      11
       2
       6
       5
       8
       4
       6
       4
       4
       7
       5
       8
       6
       1
       4
       5
       7
       9
      10
       4
       5
       5
      11
       6
       6
       8
       6
       4
       5
       5
       4
       4
       9
       6
       1
       2
       2
       9
       4
       6
       7
       7
       9
       4
       2
       6
       8
       5
       1
       4
       5
       2
       5
       8
      11
       6
       5
       8
       5
       3
       4
       4
       4
       2
       6
       5
       6
       3
       5
       6
      10
       6
       1
      16
       9
       7
       6
       5
      10
       8
       3
       7
       8
       7
       8
       5
       6
      10
      11
       4
      13
       5
       7
       6
       8
       4
      10
       3
       4
       9
       4
       8
       9
       6
       9
       6
      10
       8
       3
      13
       8
       7
      13
       7
       5
       6
       7
      13
       6
       6
       6
       3
      11
      12
       8
       4
      11
       7
      10
       9
       3
       9
       9
       5
       8
       8
      10
       5
       4
      11
       7
      11
       5
      11
       5
      11
       7
       8
      11
       4
      12
       8
       8
       6
       7
       9
       8
      10
      11
       7
       8
       6
      13
       7
       9
       7
       6
       8
       8
       6
      12
       6
      10
       6
       7
       8
       8
       2
      12
       3
       6
       4
       5
       6
       7
       6
       5
      10
       7
      10
      11
       7
       5
       7
       5
       5
       9
      10
       5
       7
      10
       7
       7
       7
       3
       4
       3
       2
       6
       8
       4
       8
      10
       7
       6
      11
       5
       7
      13
       4
       5
       2
       6
       4
      12
       6
       7
      11
       7
       6
      10
       9
       6
       9
       3
      11
       8
       6
       8
       4
       9
       7
      10
      11
      10
       8
      10
       7
       4
       8
       5
       7
       9
       7
       6
      10
       6
       9
       5
       7
      10
       4
      10
      10
       7
      11
       4
      11
       9
       8
       8
       8
      10
       5
       8
      10
       9
      10
       8
       9
      11
       9
      10
       3
       4
      11
       7
       6
       8
       5
       9
       9
       6
       4
       1
       7
       4
       5
       2
       7
       7
       6
       8
       8
       4
       2
       6
       7
       7
       7
      11
       7
       1
      11
       6
       3
       7
       8
       5
       3
       0
       6
       2
       8
       3
       6
       6
       1
       6
       8
       4
       5
       7
       5
       3
       3
       7
       2
       5
       6
       4
       2
       6
       4
       4
       4
       7
       8
       5
       6
       6
       3
       8
       2
       2
       5
       8
       4
       6
       3
       8
       3
       1
       4
       3
       8
       3
       4
       1
       6
       3
      11
       6
       3
       5
       2
       7
       6
       2
       6
      13
       7
       4
       3
       9
      10
       6
       2
       8
       5
       4
       5
       4
       5
       5
       7
       6
       2
       3
       6
       5
       7
       8
       6
       8
       3
       3
       5
       9
      10
       3
       2
       6
      10
       9
       6
       6
       6
       4
       6
       7
       6
       3
       3
       9
       3
       2
       7
       4
       2
       1
       6
       5
       6
       5
       4
       6
       7
       9
       5
       3
       6
       7
       8
       7
       4
       8
       2
       3
       5
       3
       5
       5
       6
       2
       5
       5
       5
       1
       7
       5
       7
       4
       7
       7
       5
       1
       3
       6
       3
       2
       2
       9
       3
       3
       8
       6
       7
       9
       4
       6
       9
       5
       7
       9
       6
       5
       8
       7
       6
       7
       9
       7
       5
      11
       1
       7
       8
       7
       8
       8
      12
       7
      11
       4
       8
       6
       9
       8
       5
       5
       8
       6
      11
      17
       6
       9
       8
       8
      12
       7
      12
       9
      14
       7
      11
       5
       9
      12
      10
      16
      22
      15
      17
      16
      15
       9
       7
       9
      14
      10
      13
       5
       7
       9
       9
      14
      14
      13
      21
      12
      11
      16
      17
      15
      16
      11
      17
      15
      11
      11
      17
      21
       9
      20
      13
      20
      14
      21
      19
      18
      18
      16
       9
      14
       9
      12
      17
       8
       6
      12
      15
      13
       9
      13
      12
      14
       8
      13
       8
      12
      13
      14
       7
       7
      13
      11
      12
      15
       8
      21
      12
       6
      11
      12
       4
      10
       8
      14
      10
       4
      15
       9
       4
      13
       5
       9
      11
      10
       6
       6
       4
       5
       6
      10
       6
       4
       6
       5
      11
       5
       6
       3
       5
       6
       7
       5
       8
       4
       5
       3
       5
       6
      14
       4
       6
       7
       3
       1
       4
       2
       3
       3
       5
       3
       3
       5
       5
       7
       4
       4
       2
       2
       2
       1
       2
       0
       3
       2
       3
       1
       2
       0
       2
       3
       6
       2
       4
       4
       2
       2
       2
       2
       4
       1
       4
       2
       1
       2
       2
       3
       2
       1
       6
       1
       4
       2
       1
       1
       2
       1
       1
       1
       0
       3
       3
       2
       2
       1
       4
       1
       3
       4
       2
       2
       2
       2
       0
       2
       2
       1
       2
       0
       3
       1
       0
       1
       1
       1
       1
       4
       2
       0
       1
       4
       2
       0
       1
       3
       1
       0
       2
       2
       1
       1
       1
       3
       0
       2
       3
       2
       1
       3
       1
       0
       2
       1
       2
       0
       1
       0
       0
       2
       2
       0
       4
       0
       0
       1
       1
       0
       1
       3
       0
       1
       0
       0
       0
       1
       4
       0
       2
       0
       1
       1
       0
       1
       0
       0
       0
       0
       0
       0
       0
       0
       2
       0
       0
       0
       0
       0
       0
       0
       1
       0
       1
       0
       0
       0
       0
       0
       2
       0
       0
       1
       3
       1
       0
       3
       1
       0
       0
       3
       1
       0
       1
       0
       0
       2
       0
       1
       0
       0
       1
       1
       1
       1
       1
       0
       0
       0
       0
       0
       0
       0
       0
       0
       0
       0
       0
       1
       0
       1
       0
       0
       0
       0
       1
       2
       1
       0
       0
       0
       1
       1
       0
       1
       1
       1
       0
       0
       1
       0
       0
       0
       0
       0
       1
       0
       0
       0
       1
       1
       0
       0
       1
       2
       1
       0
       0
       0
       1
       0
       0
       0
       1
       0
       1
       0
       0
       1
       0
       1
       0
       0
       1
       0
       0
       1
       0
       1
       0
       0
       0
       0
       0
       0
       0
       1
       0
       0
       1
       0
       0
       1
       1
       0
       0
       1
       2
       1
       0
       0
       1
       0
       0
       0
       2
       1
       0
       1
       0
       0
       1
       0
       0
       0
       0
       1
       0
       1
       1
       1
       0
       0
       0
       1
       0
       2
       0
       0
       0
       0
       1
       0
       1
       0
       0
       1
       0
       0
       1
       0
       1
       0
       0
       0
       1
       0
       0
       0
       0
       0
       1
       0
       0
       1
       0
       0
       0
       0
       0
       1
       0
       0
       0
       1
       1
       0
       0
       0
       0
       0
       1
       1
       0
       1
       1
       0
       0
       0
       0
       0
       0
       0
       0
       0
       2
       0
       0
       0
       0
       0
       0
       1
       0
       0
       0
       0
       1
       0
       1
       0
       0
       0
       0
       1
       2
       0
       0
       0
       0
       1
       1
       0
       0
       0
       0
       0
       0
       2
       0
       0
       0
       1
       0
       0
       0
       0
       0
       1
       0
       0
       0
       1
       0
       0
       1
       0
       0
       0
       0
       0
       0
       0
       0
       0
       1
       1
       1
       0
       0
       0
       0
       2
       0
       0
       0
       0
       0
       0
       0
       0
       0
       0
       1
       0
       0
       0
       1
       0
       0
       1
       0
       1
       0
       0
       0
       0
       0
       0
       0
       0
       0
       0
       0
       0
       0
       0
       1
       0
       0
       1
       0
       1
       0
       1
       0
       0
       0
       0
       0
       0
       0
       0
       0
       1
       0
       0
       0
       1
       1
       1
       0
       0
       1
       0
       0
       0
       0
       0
       0
       1
       0
       0
       1
       0
       0
       0
       0
       1
       0
       0
       0
       2
       0
       1
       0
       0
       0
       1
       0
       1
       0
       0
       0
       0
       0
       1
       0
       0
       0
       0
       0
       0
       1
       0
       0
       1
       1
       0
       2
       0
       2
       1
       0
       0
       1
       2
       1
       0
       1
       2
       0
       2
       1
       0
       1
       1
       1
       2
       0
       0
       0
       1
       0
       2
       3
       1
       0
       0
       1
       0
       0
       0
       1
       0
       2
       1
       1
       0
       1
       1
       1
       0
       2
       1
       0
       0
       1
       2
       1
       1
       2
       0
       1
       0
       0
       1
       0
       1
       0
       3
       0
       2
       1
       0
       1
       2
       1
       2
       1
       1
       2
       1
       0
       4
       0
       2
       1
       0
       0
       1
       1
       0
       0
       1
       0
       3
       0
       2
       0
       1
       2
       0
       0
       2
       1
       0
       0
       1
       0
       2
       0
       0
       0
       1
       0
       1
       0
       0
       0
       0
       0
       1
       2
       1
       0
       0
       0
       2
       0
       1
       0
       1
       0
       0
       2
       0
       0
       1
       0
       1
       2
       1
       2
       1
       0
       2
       0
       0
       1
       0
       0
       1
       0
       0
       1
       0
       1
       0
       1
       0
       0
       0
       0
       1
       0
       0
       0
       0
       0
       0
       0
       0
       0
       0
       0
       2
       0
       0
       0
       0
       0
       0
       0
       0
       2
       1
       0
       0
       0
       0
       0
       0
       0
       1
       0
       0
       0
       0
       0
       1
       0
       0
       0
       0
       0
       1
       0
       1
       0
       0
       0
       0
       0
       0
       0
       0
       0
       0
       0
       0
       0
       0
       0
       0
       0
       0
       0
       0
       0
       0
       0
       0
       0
       0
       0
       0
       1
       0
       1
       0
       1
       1
       0
       0
       0
       0
       1
       0
       0
       0
       0
       1
       0
       0
       0
       0
       0
       0
       0
       0
       0
       0
       0
       0
       1
       0
       0
       0
       0
       0
       0
       0
       0
       0
       0
       0
       0
       0
       0
       1
       0
       0
       1
       0
       0
       0
       0
       0
       0
       0
       0
       0
       1
       0
       1
       0
       0
       0
       0
       0
       0
       0
       0
       0
       0
       0
       0
       0
       0
       0
       0
       0
       0
       0
       0
       0
       0
       1
       0
       0
       0
       0
       0
       0
       0
       0
       0
       0
       0
       0
       0
       1
       0
       0
       0
       0
       0
       0
       0
       0
       0
       0
       0
       1
       0
       0
       0
       0
       0
       0
       0
       0
       0
       0
       1
       0
       1
       0
       0
       0
       0
       0
       0
       0
       0
       0
       0
       0
       0
       0
       0
       0
       0
       0
       0
       0
       0
       0
       0
       0
       0
       0
       1
       0
       0
       0
       0
       0
       0
       0
       0
       0
       1
       0
       0
       0
       0
       0
       0
       0
       0
       1
       0
       0
       0
       1
       0
       0
       0
       0
       0
       0
       0
       0
       0
       0
       0
       0
       1
       0
       0
       0
       0
       0
       0
       0
       0
       0
       0
       0
       0
       0
       0
       0
       0
       0
       0
       0
       0
       0
       0
       0
       0
       0
       1
       0
       0
       0
       0
       0
       0
       0
       0
       0
       0
       0
       1
       0
       0
       0
       1
       0
       0
       0
       0
       0
       0
       0
       0
       0
       0
       0
       0
       0
       0
       1
       0
       0
       0
       0
       0
       0
       0
       0
       0
       0
       0
       0
       0
       0
       0
       0
       0
       0
       0
       0
       0
       0
       0
       0
       0
       0
       0
       0
       0
       0
       0
       0
       0
       0
       1
       0
       0
       1
       0
       0
       0
       0
       0
       0
       0
       0
       1
       0
       0
       0
       0
       0
       0
       0
       0
       0
       0
       0
       0
       0
       0
       0
       0
       0
       0
       0
       0
       0
       0
       0
       0
       0
       0
       0
       0
       0
       0
       0
       0
       0
       0
       0
       0
       0
       0
       0
       0
       0
       0
       0
       0
       0
       0
       0
       0
       0
       0
       0
       0
       0
       0
       0
       0
       0
       0
       0
       0
       0
       0
       0
       0
       0
       0
       0
       0
       0
       0
       0
       0
       0
       0
       0
       0
       0
$ROI:
1
663 868
$PRESETS:
Live Time
43000
0
$ENER_FIT:
-11.011522 0.363344
$MCA_CAL:
3
-1.101152E+001 3.633436E-001 3.226449E-006 keV
$SHAPE_CAL:
3
0.000000E+000 0.000000E+000 0.000000E+000
