$SPEC_ID:
This is sample 001.
$SPEC_REM:
DET# 1
DETDESC# DIP1456 PCI-Trump SN 253
AP# Maestro Version 7.01
$DATE_MEA:
06/12/2025 03:34:07
$MEAS_TIM:
43000 43267
$DATA:
0 2047
       0
       0
       0
       0
       0
       0
       0
       0
       0
       0
       0
       0
       0
       0
       0
       0
       0
       0
       2
       0
       0
       0
       0
       0
       0
       0
       0
       0
       2
       0
       0
       0
       1
       1
       0
       1
       1
       0
       0
       1
       0
       1
       0
       0
       0
       1
       2
       0
       0
       0
       0
       1
       0
       1
       0
       1
       2
       0
       1
       0
       1
       1
       0
       1
       4
       0
       1
       0
       2
       0
       0
       1
       1
       2
       0
       0
       2
       2
       1
       3
       4
       1
       4
       2
       2
       2
       4
       4
       0
       1
       2
       0
       3
       0
       2
       2
       1
       3
       2
       1
       1
       5
       1
       1
       3
       1
       1
       1
       1
       1
       5
       2
       4
       2
       1
       1
       3
       0
       1
       2
       2
       1
       1
       3
       4
       1
       2
       3
       3
       0
       3
       2
       4
       2
       2
       1
       3
       1
       2
       3
       3
       1
       1
       0
       3
       5
       3
       3
       4
       1
       0
       3
       3
       2
       3
       5
       2
       0
       2
       1
       5
       3
       1
       1
       2
       2
       4
       1
       2
       4
       6
       4
       1
       4
       0
       1
       0
       3
       4
       3
       0
       3
       2
       1
       4
       2
       2
       1
       2
       1
       3
       2
       1
       1
       5
       4
       1
       1
       3
       3
       4
       3
       3
       1
       2
       4
       2
       1
       4
       5
       3
       2
       5
       5
       3
       4
       6
       4
       4
       2
       4
       7
       6
       4
       1
       4
       1
      11
       6
       6
       1
       0
       1
       5
       4
       2
       3
       5
       4
       5
       4
       6
       4
       8
       7
       4
       5
       4
       7
       4
       7
       6
       2
       9
       6
       6
       3
       5
       4
       5
       7
       1
       6
       8
       0
       4
       6
       9
       3
       6
       5
       3
       4
       2
       3
       2
       7
      10
      11
       2
       8
       4
      10
       2
       3
       4
       2
       4
       5
       5
       3
       6
       5
       5
       3
       4
       3
       6
       8
       6
       4
       4
       3
       7
       4
       5
       9
       2
       6
       5
       6
       3
       4
       3
       8
       7
       9
       4
       5
       5
       9
       7
       7
       2
       5
       5
       6
       1
       4
       5
       6
       7
       8
       5
       3
       5
      10
       4
       7
       8
       6
       3
       4
       9
       4
       6
       7
       4
      10
       5
       7
       7
       2
       9
      12
       7
      11
       7
      13
       7
       7
       4
       7
      12
       5
      15
       9
      10
       7
       5
       7
      13
      11
      12
       7
      12
       9
       5
       5
       6
       4
      10
      12
      10
       8
      11
       4
       4
       8
       8
      11
       8
       5
       9
      13
      11
       6
       6
       8
       7
       8
       9
       9
      14
       6
       8
       7
       7
       7
       7
       8
       4
       7
       9
       9
       3
       6
       9
       8
       7
      13
      11
       7
       9
      13
       5
      12
      11
      10
       7
      13
       2
       5
       7
      14
       5
       4
       8
       7
       7
      13
       5
      11
       6
      10
      10
      12
       8
       5
       7
       9
      14
       3
       6
       4
       8
       7
       7
      13
       7
       4
       8
       6
       6
       8
       9
       5
       6
      11
       5
       7
      10
      11
       6
      10
       8
       7
      11
       7
      10
      11
       6
       3
      12
       5
      11
       6
       4
       5
       3
       8
       6
       8
       6
       5
       5
       8
       5
       8
       8
      10
       4
       7
      10
       9
       9
       5
       7
      10
       8
       7
       4
       3
       6
       9
       6
       7
       5
       6
      10
      10
       8
      12
       8
       5
      11
       5
      13
      10
      11
      10
       3
      11
      10
       7
       6
       8
       4
       6
       5
       6
       6
      10
       6
       9
       4
      10
       8
       6
       8
       4
       8
       3
       8
       4
       6
      12
       4
       6
       6
       8
       6
      10
       6
       5
       7
       5
      10
       3
       9
       7
       5
       6
       5
       7
       6
       7
      11
       7
       6
       6
       6
       3
       1
       7
       7
       4
       4
       5
       6
       5
       5
       5
       9
       5
      10
       8
      10
       6
       5
       4
       3
       8
       2
       3
       6
       7
       6
       4
       4
       6
       4
       4
       3
       2
       8
       5
       2
       7
       2
       7
       5
       4
       4
       3
       7
       5
       6
       7
       4
       4
       5
       4
       5
       4
       5
       6
       3
       2
       3
       6
       7
       5
       4
       5
       6
       6
       0
       3
       2
       2
       5
       4
       9
       4
       4
       5
       3
       6
       7
       4
       3
       2
       6
       4
       7
       3
       2
       3
       6
       2
       5
       7
       3
       4
       8
       4
       5
       6
       5
       2
       9
       6
       9
       7
       3
       8
       5
       4
       6
       9
       5
       8
       4
       2
       5
       3
       6
       4
       6
       3
       7
       3
       6
       5
       5
       6
      10
       6
       2
       6
       5
       3
       5
       5
       2
       3
       6
       8
       6
       3
       5
       8
       1
       4
       6
       5
       3
       1
       8
       8
       3
       5
       3
       4
       5
       2
       4
       3
       3
       5
       3
       3
       1
       2
       7
       8
       6
       5
       9
       6
      15
       6
       7
       8
       7
       8
       9
       6
       1
       6
       3
       9
       9
       8
       6
       7
       6
       6
      13
       3
       3
       4
       4
       5
       9
       5
       7
      12
       7
      11
       8
       6
       5
      13
      15
       7
      10
       6
      10
      10
       9
      16
      13
      14
      12
       6
      12
      19
      13
      13
      14
      14
      11
      16
      16
      16
      15
      20
      17
      14
      15
      13
      18
      11
      14
      17
       8
      11
      14
      15
      18
      17
       7
      10
       9
      15
       7
      15
      24
       9
      12
      13
      13
      15
      13
      10
      15
      14
      14
      13
      10
      14
       8
      12
      10
      14
      12
      15
       8
      10
      10
       7
      11
      12
      10
      13
       4
       7
      13
      11
      15
      11
      18
      12
       8
      12
       8
       6
       7
       8
       6
      10
       9
      16
       8
       7
      15
       6
      13
       7
       7
      12
       5
       5
       7
       6
       3
       5
       8
      11
      11
       8
      17
       7
       5
       5
       6
       7
       4
      10
       5
       3
       3
       6
       4
       9
       2
       8
       5
       6
       5
       2
       2
       2
       4
       2
       7
       3
       6
       5
       3
       4
       6
       1
       5
       2
       6
       2
       2
       2
       5
       4
       5
       2
       1
       1
       2
       3
       3
       2
       2
       2
       2
       3
       3
       4
       3
       3
       5
       3
       1
       1
       2
       5
       1
       2
       0
       3
       1
       4
       5
       2
       2
       2
       1
       0
       2
       1
       1
       3
       0
       0
       2
       2
       1
       1
       0
       1
       2
       2
       2
       1
       0
       2
       1
       2
       2
       1
       4
       3
       1
       3
       0
       1
       2
       1
       2
       0
       1
       1
       2
       0
       5
       2
       2
       2
       2
       2
       1
       1
       5
       1
       2
       2
       3
       3
       0
       1
       1
       1
       0
       1
       0
       2
       1
       0
       0
       1
       4
       1
       1
       2
       1
       1
       1
       3
       0
       1
       2
       0
       0
       1
       2
       0
       0
       1
       4
       2
       1
       0
       3
       0
       1
       3
       1
       0
       2
       1
       0
       0
       1
       0
       0
       0
       1
       3
       0
       0
       1
       0
       0
       0
       0
       0
       1
       0
       0
       0
       1
       1
       2
       0
       0
       0
       0
       0
       1
       0
       0
       0
       0
       0
       0
       0
       0
       0
       1
       0
       1
       0
       1
       0
       1
       1
       0
       1
       2
       1
       0
       0
       0
       0
       0
       0
       0
       0
       1
       0
       0
       0
       0
       1
       1
       0
       1
       0
       3
       1
       0
       3
       1
       1
       0
       0
       0
       0
       0
       0
       0
       1
       0
       2
       2
       2
       0
       0
       0
       1
       1
       2
       0
       2
       0
       0
       2
       0
       0
       0
       0
       0
       0
       0
       1
       0
       1
       0
       1
       0
       1
       1
       1
       2
       0
       1
       0
       0
       0
       1
       1
       0
       0
       1
       0
       0
       1
       0
       0
       0
       0
       0
       1
       0
       0
       1
       0
       0
       0
       1
       1
       0
       0
       1
       0
       0
       1
       1
       2
       0
       0
       1
       0
       0
       0
       0
       0
       0
       1
       0
       0
       0
       0
       0
       0
       0
       0
       0
       0
       0
       1
       0
       0
       1
       0
       1
       0
       0
       0
       0
       2
       0
       0
       0
       0
       0
       1
       0
       0
       0
       1
       1
       0
       0
       0
       0
       0
       1
       0
       0
       0
       0
       0
       0
       0
       0
       1
       1
       0
       0
       0
       0
       0
       0
       0
       1
       1
       1
       0
       0
       1
       0
       0
       0
       0
       0
       2
       0
       0
       0
       0
       0
       0
       0
       0
       0
       1
       2
       0
       0
       0
       0
       0
       0
       0
       0
       0
       0
       0
       0
       1
       0
       0
       0
       0
       0
       0
       0
       0
       0
       0
       0
       0
       1
       0
       1
       0
       1
       0
       0
       0
       0
       0
       2
       1
       0
       0
       2
       0
       0
       1
       0
       0
       0
       0
       0
       0
       0
       1
       0
       0
       0
       0
       0
       0
       0
       0
       0
       0
       1
       0
       0
       1
       0
       0
       0
       0
       0
       1
       0
       0
       0
       0
       0
       0
       0
       0
       0
       1
       0
       0
       0
       0
       1
       0
       0
       0
       0
       0
       1
       0
       0
       0
       2
       1
       0
       0
       0
       0
       0
       0
       2
       0
       1
       1
       0
       0
       1
       0
       0
       0
       0
       0
       0
       0
       0
       0
       0
       0
       0
       0
       0
       0
       2
       0
       0
       0
       0
       0
       2
       0
       1
       1
       0
       2
       0
       1
       1
       1
       0
       0
       1
       0
       1
       0
       0
       0
       1
       0
       0
       0
       1
       1
       0
       0
       0
       0
       0
       0
       3
       0
       1
       1
       1
       0
       0
       0
       3
       2
       0
       1
       0
       0
       2
       0
       0
       0
       0
       0
       4
       0
       1
       0
       0
       0
       2
       1
       1
       2
       0
       1
       0
       1
       2
       1
       0
       1
       0
       0
       0
       0
       0
       0
       1
       2
       2
       0
       0
       0
       5
       3
       0
       0
       0
       0
       1
       0
       2
       1
       2
       2
       2
       0
       1
       2
       2
       1
       1
       2
       1
       1
       1
       1
       2
       1
       3
       0
       1
       0
       0
       0
       2
       3
       1
       1
       1
       0
       2
       1
       0
       1
       1
       1
       1
       1
       3
       1
       0
       1
       2
       1
       0
       1
       0
       3
       1
       0
       1
       2
       2
       0
       0
       1
       0
       0
       2
       1
       0
       0
       1
       0
       0
       0
       0
       0
       0
       0
       0
       0
       1
       1
       0
       1
       0
       0
       0
       0
       0
       0
       0
       0
       0
       0
       0
       1
       0
       1
       0
       0
       0
       0
       0
       0
       0
       0
       0
       0
       1
       0
       0
       0
       0
       1
       0
       0
       0
       0
       0
       1
       0
       0
       2
       0
       0
       1
       0
       0
       0
       0
       0
       0
       0
       1
       0
       1
       0
       1
       0
       0
       0
       0
       0
       0
       1
       0
       0
       0
       0
       0
       0
       0
       0
       0
       0
       0
       0
       1
       0
       0
       0
       1
       0
       0
       0
       0
       0
       0
       0
       0
       0
       0
       0
       0
       0
       0
       0
       0
       1
       0
       0
       0
       0
       0
       0
       1
       1
       0
       0
       0
       0
       0
       0
       0
       0
       1
       0
       0
       0
       0
       0
       0
       0
       1
       2
       0
       0
       0
       0
       0
       0
       0
       0
       0
       0
       1
       0
       0
       0
       0
       0
       0
       0
       0
       0
       0
       0
       0
       0
       1
       0
       0
       0
       2
       0
       0
       0
       1
       0
       0
       0
       0
       0
       0
       0
       0
       0
       0
       0
       1
       0
       0
       0
       0
       0
       0
       0
       1
       0
       0
       0
       0
       0
       0
       0
       1
       0
       0
       0
       0
       1
       0
       0
       1
       0
       0
       0
       0
       0
       0
       0
       1
       0
       0
       0
       1
       0
       0
       0
       0
       0
       0
       0
       0
       0
       0
       1
       0
       0
       0
       0
       0
       0
       0
       0
       0
       0
       0
       0
       0
       0
       1
       0
       0
       0
       0
       0
       0
       0
       0
       0
       0
       0
       0
       1
       0
       0
       0
       0
       0
       0
       0
       0
       0
       0
       0
       0
       0
       0
       0
       0
       0
       1
       0
       1
       0
       0
       1
       0
       0
       0
       0
       0
       0
       0
       0
       0
       0
       0
       0
       0
       0
       0
       0
       1
       0
       0
       0
       0
       0
       0
       0
       0
       0
       0
       0
       0
       0
       0
       0
       0
       0
       0
       0
       0
       1
       1
       0
       1
       2
       0
       0
       0
       0
       1
       0
       0
       0
       0
       1
       0
       0
       0
       0
       0
       0
       1
       0
       0
       0
       0
       0
       0
       1
       0
       0
       0
       0
       0
       0
       0
       0
       0
       0
       0
       0
       0
       0
       0
       0
       0
       0
       0
       0
       1
       0
       0
       0
       0
       0
       1
       0
       0
       1
       0
       0
       0
       0
       0
       0
       0
       0
       0
       0
       1
       0
       0
       0
       0
       0
       0
       0
       0
       0
       0
       0
       0
       1
       0
       0
       0
       1
       0
       0
       0
       0
       0
       0
       0
       0
       0
       0
       0
       0
       0
       0
       0
       0
       0
       0
       0
       0
       1
       0
       0
       0
       0
       0
       1
       0
       0
       0
       0
       0
       0
       0
       0
       0
       0
       0
       0
       0
       0
       0
       0
       0
       0
       0
       0
       0
       0
       0
       0
       0
       0
       0
       0
       0
       0
       0
       0
       0
       0
       0
       0
       0
       0
       0
       0
       0
$ROI:
1
663 868
$PRESETS:
Live Time
43000
0
$ENER_FIT:
-11.011522 0.363344
$MCA_CAL:
3
-1.101152E+001 3.633436E-001 3.226449E-006 keV
$SHAPE_CAL:
3
0.000000E+000 0.000000E+000 0.000000E+000
