$SPEC_ID:
This is sample 047.
$SPEC_REM:
DET# 1
DETDESC# DIP1456 PCI-Trump SN 253
AP# Maestro Version 7.01
$DATE_MEA:
11/13/2024 16:03:34
$MEAS_TIM:
23 24
$DATA:
0 2047
       0
       0
       0
       0
       0
       0
       0
       0
       0
       0
       0
       0
       0
       0
       0
       0
       0
       0
       0
       0
       0
       0
       0
       0
       0
       0
       0
       0
       0
       0
       0
       0
       0
       0
       0
       0
       0
       0
       0
       0
       0
       0
       0
       0
       0
       5
      27
      25
      31
      30
      26
      25
      36
      32
      25
      35
      40
      39
      28
      26
      35
      26
      35
      25
      29
      33
      28
      31
      29
      24
      36
      23
      31
      32
      20
      32
      36
      32
      31
      27
      31
      33
      20
      19
      29
      25
      27
      30
      24
      41
      30
      35
      29
      34
      25
      33
      34
      37
      27
      28
      32
      29
      22
      25
      42
      36
      30
      41
      28
      28
      35
      27
      25
      30
      28
      30
      37
      36
      28
      45
      26
      26
      24
      34
      24
      23
      36
      28
      31
      23
      34
      29
      31
      35
      30
      41
      34
      35
      29
      28
      28
      29
      44
      36
      32
      28
      41
      22
      34
      44
      38
      32
      38
      38
      32
      33
      29
      31
      31
      36
      33
      27
      36
      27
      25
      34
      32
      26
      41
      42
      30
      35
      28
      28
      21
      28
      32
      34
      26
      29
      30
      37
      39
      27
      33
      35
      26
      30
      24
      35
      33
      28
      30
      28
      29
      27
      45
      36
      38
      36
      35
      34
      32
      30
      33
      42
      26
      25
      34
      38
      38
      33
      25
      24
      20
      29
      37
      40
      27
      31
      37
      34
      41
      25
      33
      31
      27
      27
      13
      29
      26
      27
      38
      36
      34
      28
      32
      32
      37
      40
      31
      30
      29
      34
      29
      28
      27
      42
      24
      35
      31
      31
      29
      34
      28
      37
      43
      28
      37
      34
      26
      33
      23
      32
      27
      34
      44
      35
      26
      33
      34
      38
      31
      33
      36
      33
      39
      28
      29
      31
      26
      40
      30
      33
      27
      36
      45
      23
      41
      32
      39
      36
      37
      33
      35
      33
      36
      38
      34
      45
      30
      29
      31
      36
      36
      28
      32
      38
      39
      36
      28
      42
      25
      45
      29
      34
      37
      30
      30
      34
      43
      34
      39
      29
      45
      27
      34
      26
      40
      29
      40
      42
      35
      38
      30
      36
      37
      35
      37
      23
      31
      37
      23
      36
      31
      35
      31
      31
      22
      35
      28
      32
      35
      40
      28
      34
      36
      32
      38
      27
      30
      32
      48
      35
      37
      30
      43
      26
      35
      29
      36
      28
      33
      41
      37
      33
      35
      33
      36
      27
      33
      35
      31
      41
      40
      35
      40
      37
      27
      27
      40
      31
      29
      34
      34
      30
      32
      28
      32
      42
      31
      30
      37
      38
      30
      30
      35
      31
      49
      39
      36
      25
      38
      33
      25
      32
      45
      31
      31
      31
      31
      35
      34
      33
      39
      31
      31
      33
      35
      41
      42
      35
      40
      36
      39
      38
      41
      26
      24
      31
      31
      37
      27
      35
      30
      36
      33
      33
      33
      30
      36
      37
      39
      33
      43
      42
      42
      30
      26
      35
      33
      37
      33
      25
      30
      40
      44
      40
      30
      34
      31
      25
      34
      36
      37
      28
      37
      21
      37
      26
      21
      37
      24
      28
      44
      40
      36
      38
      43
      37
      40
      43
      36
      42
      44
      37
      34
      37
      37
      38
      30
      33
      33
      37
      41
      26
      39
      40
      39
      42
      46
      40
      30
      29
      45
      40
      46
      40
      39
      43
      36
      44
      36
      41
      31
      40
      44
      28
      48
      34
      43
      40
      44
      37
      39
      34
      37
      35
      36
      42
      36
      40
      38
      34
      34
      43
      36
      37
      36
      38
      40
      42
      49
      25
      41
      44
      40
      33
      39
      36
      36
      29
      39
      34
      42
      43
      35
      42
      43
      45
      45
      40
      42
      50
      46
      51
      39
      56
      49
      44
      44
      41
      34
      46
      52
      32
      46
      41
      39
      38
      42
      45
      39
      49
      43
      42
      38
      51
      49
      40
      50
      42
      48
      44
      34
      49
      39
      34
      46
      45
      50
      47
      40
      32
      40
      41
      43
      63
      43
      56
      53
      49
      53
      43
      66
      71
      53
      56
      44
      58
      62
      50
      49
      50
      60
      50
      61
      51
      53
      48
      46
      50
      58
      48
      53
      65
      65
      64
      49
      55
      67
      41
      49
      61
      49
      65
      52
      61
      55
      43
      70
      51
      69
      55
      57
      48
      58
      52
      56
      56
      53
      49
      49
      49
      52
      58
      54
      59
      54
      35
      46
      38
      64
      49
      39
      48
      52
      49
      65
      46
      71
      48
      49
      60
      42
      55
      52
      52
      53
      46
      54
      59
      49
      44
      56
      44
      45
      54
      48
      40
      47
      51
      42
      52
      60
      50
      42
      55
      43
      44
      44
      59
      44
      56
      37
      42
      62
      43
      48
      64
      39
      33
      46
      36
      47
      35
      35
      49
      42
      57
      35
      40
      39
      32
      42
      38
      37
      34
      46
      39
      47
      41
      39
      44
      48
      34
      47
      35
      44
      54
      37
      34
      43
      44
      35
      35
      42
      37
      41
      51
      53
      54
      45
      40
      49
      41
      39
      50
      53
      55
      45
      49
      33
      35
      45
      32
      44
      44
      34
      40
      47
      37
      47
      42
      44
      54
      43
      35
      34
      41
      47
      37
      44
      37
      42
      41
      50
      37
      35
      43
      44
      34
      34
      35
      38
      48
      43
      34
      47
      39
      31
      34
      38
      37
      46
      37
      35
      36
      40
      61
      42
      42
      39
      31
      30
      36
      41
      37
      42
      46
      54
      32
      38
      33
      40
      40
      42
      44
      39
      35
      45
      28
      33
      29
      50
      38
      40
      39
      53
      44
      37
      22
      38
      38
      42
      35
      33
      31
      34
      46
      23
      29
      47
      27
      29
      32
      27
      33
      32
      39
      33
      43
      45
      24
      24
      27
      34
      24
      35
      44
      37
      37
      29
      28
      42
      39
      43
      32
      27
      40
      30
      26
      41
      41
      44
      25
      30
      44
      34
      32
      32
      42
      38
      38
      29
      27
      42
      31
      35
      38
      24
      39
      46
      26
      33
      35
      34
      45
      32
      28
      30
      29
      29
      31
      42
      33
      34
      34
      33
      37
      29
      30
      30
      31
      17
      35
      27
      30
      33
      27
      44
      32
      25
      34
      32
      24
      31
      39
      32
      33
      22
      31
      27
      41
      33
      25
      32
      39
      44
      23
      17
      31
      36
      27
      40
      26
      40
      23
      30
      32
      29
      18
      34
      31
      46
      34
      46
      32
      35
      27
      29
      34
      39
      34
      30
      30
      42
      33
      38
      28
      33
      37
      35
      34
      39
      35
      41
      35
      41
      28
      29
      39
      37
      39
      39
      27
      29
      28
      30
      25
      27
      31
      36
      21
      28
      28
      29
      31
      24
      27
      35
      24
      31
      27
      38
      31
      24
      31
      21
      26
      40
      28
      26
      27
      30
      30
      40
      34
      31
      37
      31
      23
      25
      22
      24
      28
      33
      27
      15
      31
      33
      28
      41
      25
      33
      32
      28
      34
      32
      29
      24
      35
      29
      27
      26
      30
      24
      27
      30
      20
      28
      31
      26
      33
      29
      32
      25
      31
      32
      31
      17
      32
      31
      29
      24
      38
      21
      27
      23
      31
      35
      28
      31
      27
      28
      24
      25
      23
      22
      17
      23
      33
      40
      38
      23
      34
      25
      25
      27
      36
      31
      22
      27
      24
      38
      13
      26
      18
      29
      24
      34
      19
      24
      29
      28
      28
      24
      29
      21
      35
      20
      16
      21
      25
      23
      32
      27
      25
      31
      28
      25
      21
      28
      27
      27
      28
      21
      29
      27
      19
      18
      35
      32
      17
      27
      32
      23
      23
      20
      17
      23
      21
      21
      26
      18
      23
      24
      25
      24
      21
      25
      17
      24
      22
      15
      24
      26
      23
      19
      19
      23
      18
      20
      22
      22
      28
      23
      17
      15
      20
      23
       9
      20
      14
      20
      18
      27
      18
      20
      19
      15
      19
      27
      15
      25
      20
      26
      16
      16
      18
      22
      16
      17
      12
      27
      15
      34
      13
      13
      16
      21
      13
      15
      23
      15
      17
      19
      17
      13
      13
      19
      16
      16
      19
      10
      20
      21
      19
      11
      12
      17
      13
      20
      10
      10
      19
      11
      14
      17
      20
      13
      15
      10
       8
      10
       7
      17
      12
      15
      17
      12
      10
      15
       5
      11
      13
      10
       8
      13
      12
       7
      14
      10
       9
       8
      13
       9
      17
      12
      12
      10
      14
      10
      10
      10
       6
      13
       9
       8
      11
       9
      17
       8
       6
      10
      12
      14
       6
      10
      11
      14
      17
       9
      12
       9
      11
      14
      11
      10
       7
      15
      14
       8
      11
      11
      10
       5
       7
      11
       7
      11
      10
      17
       8
      12
      12
      12
      10
      11
       6
      11
      11
      14
       7
      10
      11
      12
      11
      13
       8
       4
       6
       4
      11
       6
       9
       8
       5
       9
       9
       6
       7
      12
       9
      10
       6
       7
       8
       9
      13
       6
       7
       5
       6
       6
      15
       8
      13
       7
       7
      10
      11
      10
      11
       7
       5
       9
       9
       8
       8
       9
       8
       6
       6
       5
       8
       5
       4
      18
       9
       7
      10
      10
       7
       7
       7
       8
       7
       9
       2
       6
       2
       3
       9
      16
       7
       9
       7
      10
       6
       7
       6
      17
       9
       5
       4
       9
      11
       9
       5
       7
       5
       4
       2
      13
       4
       6
       8
       5
       9
       7
       7
      11
       4
      12
      10
       5
       7
      13
       6
       3
       7
      12
       7
       4
       8
       9
       5
      10
       7
      11
       7
       6
       6
      11
       6
       5
       6
       6
      10
      12
       6
       3
       7
       3
       5
       8
      10
       5
      13
       6
      10
      10
       5
       6
       7
       9
       4
       7
       5
      11
       6
       7
       8
       7
       9
       6
       8
       8
       7
       6
       6
      11
      16
       6
       7
       8
       4
       5
       7
       5
       5
       6
       3
       6
       1
       7
       3
      12
       8
       7
       4
       6
       7
       8
       9
      10
      10
      10
      10
       3
       7
       6
       4
       6
       5
      11
       8
       4
       8
       6
       8
       8
       6
       6
      10
       8
       6
       4
       4
       9
       5
       6
       4
      10
       6
       9
       7
       4
       8
       8
       9
       8
       5
       6
       9
       3
      10
       5
      10
       8
       7
       9
       8
       7
       7
      13
       3
       5
       8
      13
       8
       8
      10
       6
      11
       8
       9
       6
       7
       7
      16
      13
      10
      14
      10
       7
       8
      11
      10
      12
      13
       7
       9
       7
       7
      12
       6
      10
       9
       7
      11
      11
       6
       7
       4
       8
       6
       7
      11
       7
       7
      10
      10
       6
      19
      12
      12
      12
       8
      15
       8
      11
      12
      18
       8
      15
      15
      15
      19
       9
      13
      16
      16
      11
      11
      20
      15
      14
      10
      14
      20
      14
      19
      19
      19
      19
      20
      25
      17
      18
      13
      17
      26
      17
      19
      16
      28
      25
      26
      20
      21
      27
      15
      26
      23
      23
      26
      27
      16
      23
      27
      27
      15
      20
      19
      25
      21
      29
      36
      39
      32
      28
      33
      28
      40
      40
      33
      39
      38
      27
      30
      40
      37
      35
      40
      39
      21
      28
      36
      34
      41
      53
      47
      47
      46
      56
      38
      47
      58
      56
      54
      58
      53
      47
      51
      57
      55
      56
      47
      59
      47
      57
      66
      68
      75
      60
      66
      71
      60
      55
      70
      62
      69
      51
      64
      77
      79
      72
      67
      78
      65
      89
      64
      69
      76
      85
      76
      83
      65
      71
      80
      74
      81
      92
      81
      85
      79
      66
      86
      79
      87
      73
      89
      81
      94
      82
      89
      83
      91
      93
     100
      89
      87
      77
     109
      98
     102
      98
      88
      80
      98
      97
     102
     104
      84
      80
      79
      97
      92
     105
      95
     104
      91
     104
      87
      93
     115
     108
      95
     109
     107
      97
     107
      90
      98
      86
      82
      96
      97
      99
      95
      97
     103
     101
      82
      89
      82
      66
      91
      85
      96
      90
      80
      80
      84
     104
      86
      86
      93
      89
      75
      96
      79
      93
      77
      83
      83
      80
      82
      81
      69
      73
      89
      75
      68
      74
      81
      74
      79
      58
      85
      79
      69
      73
      74
      62
      55
      82
      56
      66
      58
      65
      65
      67
      53
      65
      61
      62
      52
      55
      57
      65
      52
      49
      83
      46
      53
      49
      52
      48
      42
      55
      51
      55
      46
      37
      68
      39
      42
      39
      30
      42
      41
      39
      31
      41
      38
      44
      40
      34
      39
      40
      38
      26
      37
      40
      36
      26
      31
      26
      32
      32
      23
      31
      24
      21
      35
      25
      29
      22
      25
      24
      21
      20
      24
      28
      24
      30
      17
      16
      21
      24
      16
      20
      24
      21
      23
      17
      23
      14
      10
      21
      15
      16
      14
      12
      10
      16
      12
      11
      11
      12
      16
      10
      11
      16
      10
      15
       7
      13
      12
      14
      11
      13
       7
       7
      12
       6
      10
       9
       9
       8
      14
       9
       9
      10
      11
       6
       3
      11
       7
       8
       5
       7
       7
       7
       6
       4
       4
       6
       6
      10
      12
      10
      11
       9
      15
       6
       8
       8
      10
      10
       9
       7
       9
       6
       9
       6
       3
       5
       5
       6
       3
       4
       7
       5
      10
       4
       4
       6
       4
       3
       5
       3
       1
       5
       1
       2
       1
       3
       1
       5
       1
       2
       1
       2
       3
$ROI:
2
30 40
1584 2012
$PRESETS:
Live Time
1036800
0
$ENER_FIT:
-37.406231 1.986979
$MCA_CAL:
3
-3.740623E+001 1.986979E+000 0.000000E+000 keV
$SHAPE_CAL:
3
0.000000E+000 0.000000E+000 0.000000E+000
