$SPEC_ID:
This is sample 225.
$SPEC_REM:
DET# 1
DETDESC# DIP1456 PCI-Trump SN 253
AP# Maestro Version 7.01
$DATE_MEA:
02/04/2025 05:24:37
$MEAS_TIM:
1200 1235
$DATA:
0 2047
       0
       0
       0
       0
       0
       0
       0
       0
       0
       0
       0
       0
       0
       0
       0
       0
       0
       0
       0
       3
       4
       5
      10
       4
       7
       9
      11
       9
      13
      19
      17
      11
      13
      16
      12
      15
      13
      13
      20
      15
      19
      13
      18
      19
      19
      15
      20
      18
      20
      22
      18
      18
      16
      21
      26
      21
      18
      10
      13
      15
      16
      16
      19
      11
      17
      23
      23
      19
      20
      22
      14
      25
      12
      14
       7
      13
      28
      16
      17
      19
      15
      15
      13
      16
       9
      20
      14
      21
      18
      20
      17
      17
      16
      20
      14
      19
      17
      18
      12
      18
      19
      24
      26
      15
      14
      12
      19
      14
      16
      21
      11
      16
      22
      21
       8
      20
      24
      16
      23
      15
      22
      17
      12
      16
      22
      20
      13
      17
      16
      24
      18
      19
      20
      14
      14
      23
      22
      30
      20
      20
      20
      27
      18
      19
      25
      15
      22
      25
      26
      18
      12
      19
      23
      20
      12
      14
      17
      20
      24
      18
      18
      19
      15
      34
      18
      22
      24
      27
      21
      10
      16
      25
      18
      28
      25
      20
      15
      23
      15
      15
      20
      21
      24
      11
      13
      16
      18
      20
      17
      22
      22
      25
      24
      18
      27
      15
      22
      15
      19
      14
      24
      22
      22
      17
      16
      15
      18
      19
      23
      19
      21
      16
      21
      19
      18
      17
      18
      19
      19
      23
      13
      24
      19
      24
      20
      18
      31
      17
      20
      18
      26
      24
      22
      22
      19
      21
      21
      23
      17
      18
      19
      18
      21
      14
      23
      24
      18
      13
      20
      18
      22
      17
      25
      18
       8
      25
      24
      13
      21
      25
      25
      18
      16
      15
      24
      30
      14
      22
      17
      24
      20
      17
      21
      17
      25
      19
      21
      27
      13
      20
      19
      30
      26
      20
      24
      19
      21
      14
      23
      26
      18
      26
      23
      22
      17
      14
      13
      19
      30
      23
      19
      23
      19
      23
      25
      26
      20
      29
      16
      28
      14
      24
      17
      20
      20
      28
      23
      14
      26
      14
      17
      20
      30
      24
      22
      16
      23
      20
      16
      17
      16
      23
      19
      19
      20
      25
      17
      30
      20
      23
      17
      17
      20
      21
      18
      18
      19
      17
      22
      26
      21
      19
      25
      23
      21
      28
      24
      21
      10
      18
      21
      24
      18
      16
      20
      20
      22
      19
      12
      14
      16
      30
      19
      23
      20
      21
      13
      22
      23
      24
      18
      12
      15
      17
      23
      19
      19
      28
      28
      24
      27
      20
      26
      17
      18
      27
      25
      22
      23
      29
      21
      18
      21
      26
      21
      16
      20
      18
      16
      19
      19
      29
      24
      23
      25
      15
      21
      18
      30
      21
      20
      29
      16
      28
      19
      21
      22
      24
      26
      18
      24
      14
      16
      19
      22
      19
      17
      20
      23
      22
      14
      25
      26
      18
      26
      27
      22
      25
      22
      24
      29
      26
      17
      16
      25
      28
      23
      31
      23
      20
      25
      15
      24
      28
      16
      20
      22
      24
      11
      17
      25
      19
      20
      21
      18
      17
      18
      16
      24
      30
      22
      18
      22
      23
      24
      23
      25
      31
      29
      18
      18
      31
      15
      12
      26
      28
      15
      31
      21
      22
      26
      24
      17
      14
      24
      16
      17
      21
      24
      31
      22
      28
      20
      24
      26
      16
      25
      12
      12
      24
      23
      16
      22
      20
      21
      19
      19
      20
      14
      23
      24
      20
      16
      24
      16
      23
      18
      17
      25
      26
      16
      17
      27
      29
      22
      27
      23
      20
      20
      18
      19
      18
      18
      22
      20
      26
      20
      19
      19
      26
      18
      18
      23
       9
      25
      19
      28
      23
      19
      23
      22
      26
      21
      21
      18
      18
      33
      19
      25
      20
      23
      19
      20
      21
      27
      29
      24
      16
      20
      10
      19
      19
      22
      18
      18
      21
      19
      18
      13
      21
      18
      25
      12
      24
      22
      18
      16
      19
      21
      26
      14
      16
      17
      19
      27
      24
      18
      21
      15
      21
      17
      12
      21
      23
      23
      23
      22
      14
      23
      24
      11
      23
      20
      21
      27
      18
      18
      21
      26
      22
      26
      20
      18
      24
      18
      22
      18
      16
      16
      18
      16
      15
      20
      24
      18
      25
      22
      23
      27
      18
      18
      21
      20
      19
      14
      16
      31
      22
      16
      14
      23
      19
      15
      13
       9
      11
      25
      20
      27
      20
      20
      20
      28
      22
      19
      17
      18
      22
      20
      21
      25
      17
      23
      17
      18
      10
      26
      18
      26
       9
      23
      18
      19
      18
      24
      13
      23
      15
      22
      25
      24
      16
      17
      14
      21
      28
      19
      16
      22
      12
      22
      23
      20
      21
      25
      21
      22
      16
      16
      20
      14
      12
      20
      18
      21
      20
      14
      20
      14
      19
      17
      26
      18
      15
      20
      22
      23
      19
      27
      19
      18
      11
      25
      18
      18
      17
      18
      14
      25
      18
      21
      22
      25
      21
      22
      20
       9
      16
      24
      22
      20
      22
      16
      18
      19
      18
      22
      20
      18
      21
      14
      20
      17
      15
      24
      21
      21
      20
      21
      19
      22
      25
      23
      19
      20
      19
      25
      25
      19
      20
      16
      19
      18
      24
      27
      22
      19
      23
      26
      20
      19
      22
      15
      18
      27
      20
      32
      19
      28
      26
      23
      30
      29
      25
      19
      24
      22
      15
      14
      16
      24
      16
      27
      23
      27
      18
      21
      21
      27
      17
      22
      30
      23
      16
      25
      23
      29
      22
      19
      16
      16
      33
      20
      25
      25
      31
      23
      18
      26
      23
      17
      19
      19
      25
      23
      23
      28
      20
      19
      18
      21
      30
      16
      34
      23
      28
      16
      17
      27
      20
      23
      32
      27
      13
      22
      29
      17
      29
      15
      27
      23
      22
      20
      15
      11
      11
      22
      21
      21
      20
      23
      17
      18
      17
      17
      15
      19
      23
      21
      19
      22
      20
      21
      19
      24
      11
      21
      12
      17
      23
      14
       9
      17
      14
      13
      16
      11
      20
      11
      13
      13
       9
      19
      15
      12
      13
      12
      12
       5
      15
      14
      13
      11
      13
      12
       6
      17
       7
       8
       8
      13
       9
       9
      13
      10
      12
       7
      11
      10
      13
       7
       5
      10
       6
       6
       9
       5
       4
       6
       6
       5
       8
       5
       7
      10
       8
       4
       5
       6
       6
       3
       4
       4
       1
       8
       6
      14
       4
       8
       6
       3
       6
       6
       4
       4
       1
       7
       6
       6
       5
       7
       9
       7
       5
       3
       4
       5
       4
       3
       3
       3
       5
       9
       8
       3
       4
       5
       0
       3
       6
       2
       6
       2
       2
       4
       6
       6
       2
       4
       3
       2
       6
       3
       4
       4
       3
      10
       3
       3
       2
       8
       2
       3
       5
       5
       5
       4
       2
       4
       2
       2
       2
       3
       3
       0
       1
       1
       0
       3
       2
       2
       6
       4
       1
       3
       1
       3
       2
       3
       3
       2
       3
       2
       2
       2
       3
       2
       2
       2
       3
       3
       3
       4
       2
       0
       1
       1
       3
       3
       2
       1
       2
       3
       1
       3
       0
       2
       2
       2
       1
       3
       0
       4
       0
       7
       5
       3
       4
       1
       2
       1
       0
       1
       1
       1
       1
       2
       1
       1
       3
       4
       3
       1
       2
       0
       5
       2
       2
       1
       4
       1
       1
       3
       3
       2
       0
       2
       0
       1
       4
       0
       3
       0
       1
       0
       1
       0
       1
       3
       0
       3
       1
       1
       1
       0
       3
       4
       2
       2
       3
       1
       3
       0
       1
       3
       1
       1
       4
       2
       1
       2
       2
       1
       0
       0
       3
       1
       0
       4
       3
       2
       1
       1
       3
       5
       1
       2
       0
       4
       2
       4
       2
       0
       2
       0
       1
       3
       1
       3
       3
       0
       1
       1
       1
       2
       3
       1
       1
       2
       0
       4
       3
       0
       3
       1
       2
       2
       2
       0
       0
       3
       3
       1
       1
       0
       0
       2
       2
       3
       0
       0
       2
       0
       1
       2
       0
       2
       4
       2
       1
       2
       3
       1
       2
       1
       2
       5
       3
       2
       3
       2
       3
       2
       2
       0
       2
       3
       2
       1
       2
       2
       2
       3
       1
       3
       2
       2
       2
       0
       1
       1
       2
       0
       1
       5
       1
       1
       2
       0
       3
       1
       2
       5
       2
       3
       1
       4
       6
       1
       1
       0
       7
       3
       2
       4
       4
       9
       6
       4
       6
       2
       5
       7
       6
       4
       7
       8
       6
       9
       6
      10
       6
       2
      10
      11
      14
      16
      14
      12
      20
      13
      18
      19
      23
      17
      22
      14
      27
      21
      31
      27
      30
      38
      29
      26
      47
      35
      31
      44
      44
      42
      47
      57
      34
      51
      53
      70
      67
      66
      72
      68
      65
      84
      66
      84
      86
      82
      95
      93
      97
     104
     106
     104
     134
     123
     123
     124
     131
     143
     151
     131
     136
     149
     147
     168
     160
     164
     148
     162
     192
     181
     195
     191
     195
     191
     208
     222
     223
     201
     228
     223
     216
     244
     229
     223
     275
     257
     248
     264
     252
     274
     291
     273
     252
     287
     260
     263
     287
     294
     305
     292
     296
     289
     302
     302
     288
     333
     305
     319
     304
     337
     361
     346
     312
     293
     310
     317
     305
     308
     329
     296
     317
     313
     311
     323
     327
     293
     312
     298
     318
     291
     307
     292
     332
     282
     299
     291
     275
     321
     277
     269
     270
     255
     237
     269
     237
     244
     236
     227
     234
     238
     220
     219
     227
     192
     196
     202
     188
     156
     202
     166
     188
     176
     168
     186
     168
     165
     153
     167
     167
     140
     131
     129
     120
     126
     111
     112
     110
     109
     104
      94
      93
      83
      93
      76
      77
      75
      67
      62
      68
      58
      68
      47
      58
      51
      50
      49
      60
      51
      36
      41
      47
      30
      38
      29
      24
      26
      27
      23
      23
      33
      19
      23
      24
      17
      23
      12
      17
      14
      11
      15
      16
       8
      12
       6
       9
       9
       9
       9
      12
       6
       7
       6
       3
      11
       5
       7
       8
      12
       7
       8
       8
       4
       0
       3
       7
       6
       0
       3
       2
       3
       5
       1
       3
       3
       3
       2
       4
       0
       4
       1
       2
       1
       1
       1
       0
       2
       3
       3
       0
       1
       0
       2
       0
       0
       1
       0
       1
       1
       0
       1
       0
       0
       0
       1
       3
       2
       0
       0
       1
       0
       0
       1
       0
       0
       1
       1
       1
       1
       0
       1
       1
       0
       1
       1
       2
       0
       1
       2
       0
       1
       1
       2
       0
       2
       0
       1
       0
       0
       0
       0
       1
       3
       2
       0
       3
       0
       1
       0
       0
       0
       0
       0
       1
       0
       0
       1
       1
       1
       0
       0
       0
       1
       0
       0
       2
       1
       2
       2
       0
       0
       0
       1
       0
       1
       0
       1
       0
       0
       4
       1
       2
       1
       0
       0
       0
       0
       0
       1
       0
       0
       0
       0
       0
       1
       0
       1
       0
       0
       2
       0
       0
       0
       0
       0
       0
       0
       1
       1
       1
       0
       1
       0
       0
       1
       2
       0
       0
       0
       0
       0
       1
       1
       1
       0
       0
       1
       1
       0
       0
       0
       0
       0
       0
       1
       0
       1
       0
       0
       1
       1
       0
       1
       0
       0
       0
       0
       0
       0
       0
       0
       0
       0
       0
       0
       0
       0
       0
       0
       0
       0
       1
       1
       1
       0
       0
       2
       0
       0
       0
       1
       0
       1
       1
       0
       0
       0
       0
       1
       0
       0
       0
       0
       1
       2
       0
       1
       0
       0
       1
       1
       0
       2
       1
       0
       0
       0
       0
       1
       1
       1
       1
       0
       2
       0
       0
       0
       1
       0
       0
       1
       0
       0
       0
       0
       0
       1
       0
       0
       0
       0
       0
       0
       2
       0
       0
       0
       1
       0
       1
       0
       0
       1
       0
       0
       0
       0
       0
       2
       0
       1
       1
       0
       0
       0
       1
       0
       1
       0
       1
       0
       0
       0
       0
       0
       0
       2
       0
       0
       0
       1
       0
       0
       0
       1
       1
       1
       2
       1
       1
       0
       0
       1
       0
       0
       0
       0
       0
       4
       1
       0
       0
       0
       1
       1
       1
       0
       0
       0
       0
       1
       0
       1
       0
       0
       0
       1
       0
       0
       1
       0
       0
       1
       1
       1
       0
       1
       1
       1
       0
       1
       0
       1
       0
       1
       0
       0
       1
       0
       1
       0
       0
       0
       0
       1
       0
       0
       0
       0
       1
       0
       0
       1
       0
       0
       0
       0
       0
       0
       0
       0
       0
       1
       1
       0
       0
       1
       0
       0
       1
       1
       0
       2
       0
       1
       2
       0
       0
       0
       0
       0
       1
       1
       0
       0
       1
       0
       0
       2
       1
       1
       1
       0
       0
       1
       1
       0
       0
       0
       1
       0
       0
       0
       0
       2
       0
       0
       0
       0
       0
       1
       0
       0
       0
       2
       0
       0
       0
       0
       1
       1
       0
       0
       0
       0
       0
       0
       0
       0
       0
       0
       0
       1
       1
       0
       0
       0
       1
       0
       0
       0
       0
       0
       0
       1
       0
       0
       0
       1
       0
       0
       0
       0
       0
       0
       0
       0
       0
       0
       0
       0
       0
       0
       0
       0
       0
       0
       0
       0
       0
       0
       0
       0
       0
       0
       0
       0
       0
$ROI:
3
162 224
345 375
1304 1586
$PRESETS:
Live Time
1200
0
$ENER_FIT:
0.000000 0.359353
$MCA_CAL:
3
0.000000E+000 3.593530E-001 0.000000E+000 keV
$SHAPE_CAL:
3
0.000000E+000 0.000000E+000 0.000000E+000
