$SPEC_ID:
This is sample 162.
$SPEC_REM:
DET# 1
DETDESC# DIP1456 PCI-Trump SN 253
AP# Maestro Version 7.01
$DATE_MEA:
02/03/2025 06:02:44
$MEAS_TIM:
1200 1235
$DATA:
0 2047
       0
       0
       0
       0
       0
       0
       0
       0
       0
       0
       0
       0
       0
       0
       0
       0
       0
       6
       1
       1
       4
       5
       6
       8
       7
      10
       5
      18
      12
      11
      13
      12
      13
      15
       9
      19
      14
      17
      20
      19
      16
      12
      13
      18
      14
      15
      16
      17
      23
      20
      10
      21
      16
      19
      25
      18
      20
      14
      20
      17
      21
      17
      26
      15
      15
      13
      17
      24
      13
      17
      18
      26
      23
      11
      20
      19
      29
      20
      19
      21
      21
      24
      21
       8
      18
      12
      20
      18
      17
      16
      23
      16
      18
      18
      20
      15
      22
      12
      11
      28
      16
      13
      21
      22
      28
      19
      15
      18
      16
      25
      12
      21
      14
      18
      25
      24
      20
      12
      17
      15
      19
      21
      14
      13
      22
      12
      14
      18
      26
      23
      23
      25
      18
      24
      20
      20
      27
      21
      30
      20
      23
      28
      16
      34
      20
      12
      21
      19
      24
      18
      13
      17
      25
      19
      20
      17
      19
      20
      21
      19
      18
      27
      13
      18
      16
      20
      17
      21
      22
      21
      20
      16
      24
      19
      20
      16
      27
      21
      18
      21
      21
      15
      28
      22
      22
      20
      21
      23
      24
      10
      27
      23
      17
      15
      23
      20
      18
      15
      21
      22
      17
      19
      18
      18
      26
      13
      21
      18
      25
      11
      24
      26
      27
      12
      21
      18
      17
      22
      14
      16
      23
      25
      26
      27
      15
      21
      19
      24
      20
      17
      19
      20
      25
      23
      21
      25
      25
      20
      27
      16
      25
      21
      14
      19
      20
      21
      22
      21
      20
      22
      22
      26
      18
      18
      12
      26
      15
      29
      21
      14
      17
      24
      23
      27
      20
      13
      13
      27
      31
      21
      30
      23
      16
      15
      22
      22
      18
      23
      19
      17
      17
      25
      26
      19
      19
      16
      13
      10
      17
      24
      15
      22
      15
      18
      26
      27
      22
      16
      21
      22
      13
      15
      23
      21
      17
      17
      24
      20
      20
      16
      23
      25
      12
      18
      22
      27
      23
      14
      16
      13
      30
      14
      20
      26
      27
      18
      26
      26
      20
      16
      14
      22
      26
      20
      21
      22
      19
      17
      18
      15
      19
      19
      29
      18
      22
      24
      24
      20
      26
      22
      19
      13
      20
      23
      21
      20
      17
      22
      12
      20
      14
      15
      16
      20
      29
      17
      16
      19
      17
      21
      26
      21
      14
      17
      20
      25
      25
      12
      15
      10
      24
      10
      16
      11
      20
      22
      23
      29
      29
      21
      20
      13
      28
      19
      23
      21
      13
      21
      15
      16
      29
      22
      12
      21
      16
      18
      22
      23
      21
      19
      22
      20
      15
      19
      22
      24
      27
      12
      16
      19
      26
      26
      22
      22
      18
      26
      19
      22
      27
      16
      16
      26
      27
      23
      26
      19
      22
      16
      15
      20
      16
      17
      28
      14
      26
      27
      13
      16
      18
      19
      20
      18
      21
      23
      11
      14
      17
      25
      26
      23
      20
      23
      25
      11
      21
      24
      15
      21
      16
      20
      23
      26
      19
      21
      32
      21
      15
      22
      23
      19
      26
      25
      20
      16
      25
      19
      15
      24
      21
      27
      22
      21
      11
      13
      17
      15
      23
      21
      18
      25
      30
      14
      35
      21
      21
      16
      21
      25
      32
      16
      20
      23
      31
      24
      20
      18
      24
      26
      22
      24
      24
      22
      24
      27
      27
      16
      30
      25
      21
      32
      22
      25
      17
      23
      25
      20
      24
      20
      29
      22
      32
      18
      28
      19
      19
      21
      16
      25
      22
      27
      22
      21
      29
      25
      18
      29
      21
      24
      21
      19
      17
      26
      16
      20
      14
      18
      22
      21
      14
      26
      28
      24
      30
      22
      23
      22
      25
      28
      19
      17
      10
      19
      21
      19
      22
      15
      19
       8
      24
      15
      18
      18
      22
      22
      17
      21
      26
      25
      16
      28
      22
      22
      18
      24
      19
      25
      23
      23
      20
      15
      27
      24
      14
      21
      29
      23
      14
      23
      27
      20
      17
      16
      24
      23
      24
      20
      22
      16
      23
      19
      28
      20
      21
      22
      18
      16
      19
      21
      23
      22
      19
      20
      20
      31
      27
      16
      23
      16
      21
      15
      21
      25
      32
      21
      22
      19
      17
      21
      18
      15
      24
      23
      18
      25
      18
      15
      14
      15
      14
      18
      21
       8
      19
      23
      13
      19
      24
      19
      17
      22
      17
      20
      16
      18
      29
      20
      14
      20
      19
      23
      16
      13
      19
      25
      25
      21
      24
      24
      20
      23
      26
      15
      11
      21
      24
      17
      16
      22
      20
      22
      15
      18
      16
      19
      22
      17
      19
      20
      18
      28
      21
      16
      16
      22
      22
      20
      27
      20
      20
      18
      19
      21
      23
      15
      28
      18
      26
      17
      24
      14
      16
      22
      25
      21
      22
      16
      19
      20
      19
      22
      20
      24
      19
      24
      27
      26
      21
      19
      22
      21
      18
      19
      26
      21
      23
      22
      22
      22
      19
      25
      10
      18
      18
      17
      20
      21
      23
      12
      33
      23
      22
      19
      22
      18
      24
      18
      18
      17
      14
      26
      25
      24
      27
      16
       8
      31
      25
      17
      27
      14
      23
      25
      34
      22
      17
      23
      21
      19
      12
      23
      20
      16
      20
      21
      18
      14
      28
      17
      19
      16
      24
      18
      22
      24
      17
      28
      31
      26
      20
      20
      20
      27
      28
      22
      23
      28
      13
      22
      22
      19
      23
      16
      16
      21
      23
      21
      21
      17
      20
      14
      20
      22
      23
      20
      37
      19
      21
      19
      23
      17
      24
      24
      23
      29
      28
      25
      18
      23
      24
      26
      19
      28
      21
      31
      21
      27
      29
      27
      23
      34
      28
      31
      16
      22
      21
      19
      16
      18
      26
      25
      21
      19
      18
      27
      10
      20
      23
      22
      23
      24
      18
      27
      13
      18
      16
      16
      20
      28
      20
      17
      23
      11
      15
      22
      15
      22
      13
      13
      12
      13
      15
      21
      12
      12
      18
      13
       8
      10
      13
      16
       9
      12
      13
      10
      12
      10
      13
      15
      14
       9
      15
       8
      12
      12
      16
      10
      13
      11
       8
       7
      13
       9
      10
       9
      12
      13
       7
       9
       8
       8
       8
      11
       7
       9
       7
       5
       4
       6
       7
       8
       7
       5
       6
       8
       4
       9
       7
       6
       9
       5
       8
       8
       8
       4
       6
       6
       4
       4
       5
       3
       4
       5
       1
       8
       6
       4
       9
       1
       4
       3
       2
       3
       3
       3
       4
       5
       2
       5
       8
       3
       7
       4
       6
       5
       4
       7
       3
       2
       2
       6
       0
       4
       5
       2
       2
       9
       8
       0
       2
       2
       2
       3
       5
       2
      10
       4
       2
       1
       2
       4
       2
       3
       1
       2
       3
       2
       1
       5
       4
       0
       1
       0
       2
       2
       2
       3
       2
       3
       1
       3
       3
       2
       1
       3
       3
       3
       2
       3
       5
       3
       2
       2
       3
       1
       3
       4
       1
       2
       2
       2
       2
       4
       4
       4
       2
       1
       4
       3
       3
       1
       2
       0
       2
       5
       3
       1
       1
       3
       5
       1
       0
       3
       0
       3
       0
       3
       3
       4
       2
       3
       3
       1
       2
       4
       1
       1
       1
       2
       2
       2
       0
       1
       4
       1
       4
       5
       3
       1
       2
       1
       2
       3
       2
       3
       1
       3
       0
       1
       3
       1
       1
       1
       3
       2
       4
       3
       3
       0
       4
       0
       3
       3
       4
       0
       1
       3
       1
       1
       0
       2
       3
       1
       3
       0
       1
       4
       3
       1
       1
       5
       0
       3
       0
       0
       2
       2
       2
       1
       0
       3
       1
       1
       1
       0
       0
       1
       1
       0
       3
       2
       0
       1
       0
       1
       5
       2
       2
       2
       0
       1
       3
       1
       3
       0
       1
       2
       1
       3
       1
       3
       1
       3
       2
       0
       2
       0
       0
       1
       2
       0
       3
       0
       1
       0
       1
       1
       2
       2
       1
       1
       2
       2
       4
       1
       0
       1
       2
       3
       0
       0
       4
       0
       1
       2
       1
       0
       0
       4
       0
       2
       0
       2
       0
       4
       0
       1
       1
       2
       3
       1
       0
       1
       0
       1
       1
       2
       0
       2
       3
       1
       1
       1
       1
       2
       2
       3
       2
       2
       2
       1
       1
       0
       2
       1
       2
       2
       0
       2
       2
       3
       3
       5
       5
       3
       4
       6
       1
       4
       6
       7
       4
       6
       3
       2
       7
       7
       2
       3
       3
       6
       8
       6
      10
       6
      13
       7
       7
      13
      17
      12
      21
      13
      11
      17
      23
      20
      14
      22
      23
      25
      31
      27
      17
      26
      20
      35
      36
      37
      42
      37
      35
      42
      53
      47
      47
      53
      44
      65
      64
      57
      57
      60
      73
      79
      65
      63
      85
      80
      79
      83
      98
      82
      88
     107
     101
     120
     121
     124
     130
     138
     116
     139
     125
     154
     137
     133
     141
     139
     162
     175
     153
     205
     208
     183
     209
     177
     217
     183
     207
     220
     194
     219
     249
     201
     219
     221
     242
     248
     242
     249
     263
     267
     267
     270
     257
     280
     290
     310
     256
     293
     292
     305
     275
     253
     318
     305
     281
     301
     306
     312
     285
     314
     297
     307
     304
     341
     307
     326
     343
     335
     326
     332
     314
     323
     343
     341
     306
     308
     325
     294
     301
     287
     281
     272
     283
     284
     278
     294
     280
     271
     284
     277
     303
     254
     290
     256
     267
     266
     267
     256
     256
     234
     218
     224
     229
     238
     206
     206
     190
     211
     195
     205
     194
     210
     201
     170
     189
     153
     159
     162
     163
     160
     129
     127
     140
     135
     121
     102
     123
     112
     110
      93
     127
      85
      86
      84
      80
      75
      86
      80
      75
      56
      54
      54
      52
      67
      55
      48
      44
      48
      41
      59
      46
      41
      39
      37
      47
      20
      29
      34
      28
      23
      39
      29
      27
      23
      19
      18
      23
      14
      21
      14
      16
      12
      14
      18
      15
      10
      11
      10
       8
       5
       9
       5
       3
       8
       4
      11
       2
       5
       4
       4
       5
       2
       7
       3
       1
       3
       3
       4
       1
       1
       2
       4
       1
       3
       2
       1
       3
       0
       2
       0
       1
       0
       1
       0
       1
       0
       0
       0
       2
       2
       0
       2
       0
       1
       1
       1
       1
       0
       2
       1
       0
       2
       0
       0
       2
       1
       1
       1
       0
       1
       0
       2
       0
       0
       0
       1
       1
       2
       2
       1
       2
       0
       0
       1
       0
       0
       0
       1
       0
       0
       0
       0
       0
       1
       0
       1
       2
       1
       0
       0
       0
       0
       1
       2
       0
       1
       0
       1
       0
       0
       0
       2
       0
       0
       0
       1
       0
       0
       1
       0
       0
       1
       0
       0
       1
       1
       0
       1
       0
       0
       0
       0
       0
       1
       0
       0
       1
       1
       1
       0
       1
       1
       0
       1
       0
       0
       1
       0
       1
       1
       0
       1
       0
       0
       0
       2
       0
       1
       0
       0
       3
       1
       1
       0
       0
       0
       0
       1
       0
       0
       0
       0
       1
       0
       0
       0
       0
       0
       0
       2
       0
       1
       0
       0
       1
       1
       0
       0
       0
       1
       0
       1
       1
       0
       1
       0
       0
       0
       2
       0
       1
       0
       0
       0
       3
       0
       0
       1
       0
       0
       0
       0
       1
       0
       0
       0
       0
       0
       0
       0
       0
       0
       1
       0
       0
       0
       0
       0
       1
       0
       0
       1
       2
       0
       1
       0
       1
       1
       0
       0
       1
       1
       1
       1
       0
       1
       0
       0
       1
       2
       0
       1
       0
       0
       1
       2
       0
       0
       0
       1
       0
       1
       0
       1
       1
       0
       0
       1
       0
       0
       0
       0
       0
       1
       1
       0
       0
       1
       3
       0
       0
       1
       0
       0
       1
       1
       0
       2
       0
       0
       0
       1
       0
       1
       1
       0
       0
       0
       1
       0
       0
       1
       0
       1
       0
       2
       0
       0
       0
       1
       0
       0
       1
       1
       0
       1
       0
       0
       0
       0
       0
       0
       1
       0
       1
       0
       0
       0
       1
       0
       0
       0
       2
       0
       1
       0
       0
       0
       0
       1
       1
       0
       1
       0
       0
       1
       0
       0
       1
       1
       1
       0
       0
       0
       1
       0
       0
       0
       1
       0
       1
       0
       1
       0
       0
       0
       0
       1
       0
       0
       0
       0
       0
       0
       0
       0
       0
       0
       0
       2
       1
       0
       1
       0
       1
       0
       0
       1
       0
       1
       0
       0
       1
       0
       0
       2
       0
       0
       0
       0
       0
       0
       0
       0
       1
       1
       1
       1
       0
       1
       0
       1
       1
       0
       0
       0
       1
       0
       0
       0
       1
       0
       0
       1
       1
       1
       0
       2
       1
       0
       0
       0
       0
       0
       0
       0
       0
       0
       0
       0
       0
       0
       0
       0
       1
       0
       0
       0
       1
       0
       0
       0
       0
       0
       0
       0
       0
       0
       1
       0
       0
       0
       1
       1
       0
       0
       0
       0
       0
       0
       0
       2
       0
       1
       0
       0
       1
       1
       2
       0
       0
       0
       0
       0
       0
       0
       0
       1
       0
       1
       0
       1
       0
       0
       0
       0
       0
       0
       0
       0
       0
       0
       0
       0
       0
       0
       0
       0
       0
       0
       0
       0
       0
       0
       0
       0
$ROI:
3
162 224
345 375
1304 1586
$PRESETS:
Live Time
1200
0
$ENER_FIT:
0.000000 0.359353
$MCA_CAL:
3
0.000000E+000 3.593530E-001 0.000000E+000 keV
$SHAPE_CAL:
3
0.000000E+000 0.000000E+000 0.000000E+000
