$SPEC_ID:
This is sample 017.
$SPEC_REM:
DET# 1
DETDESC# DIP1456 PCI-Trump SN 253
AP# Maestro Version 7.01
$DATE_MEA:
02/01/2025 00:16:05
$MEAS_TIM:
1200 1235
$DATA:
0 2047
       0
       0
       0
       0
       0
       0
       0
       0
       0
       0
       0
       0
       0
       0
       0
       0
       1
       3
       1
       7
       4
       7
       0
       7
       6
      11
      12
      13
      16
      11
      17
      12
      15
      17
      18
      24
      17
      26
      20
      16
      16
      20
      15
      14
      14
      17
      12
      15
      18
      16
      15
      17
      17
      23
      17
      19
      15
      19
      24
      21
      23
      26
      13
      20
      15
      15
      11
      17
      15
      20
      19
      22
      15
      18
      15
      22
      21
      18
      19
      24
      17
      21
      15
      14
      22
      19
      20
      18
      23
      19
      25
      13
      16
      22
      18
      23
      17
      16
      18
      30
      22
      20
      18
      17
      21
      17
      14
      21
      30
      17
      21
      14
      24
      28
      16
      19
      19
      20
      22
      18
      17
      26
      20
      21
      23
      22
      29
      16
      22
      27
      13
      14
      25
      22
      19
      13
      25
      15
      22
      29
      24
      28
      18
      20
      25
      18
      29
      15
      23
      21
      21
      29
      14
      15
      24
      15
      22
      18
      21
      24
      24
      12
      13
      15
      18
      16
      32
      30
      15
      20
      20
      18
      17
      31
      16
      21
      30
      26
      16
      20
      30
      18
      27
      21
      12
      13
      20
      11
      16
      20
      18
      19
      15
      23
      19
      14
      19
      22
      26
      20
      23
      18
      14
      18
      20
      24
      18
      19
      11
      20
      25
      19
      25
      19
      26
      24
      21
      24
      18
      23
      15
      19
      16
      17
      22
      16
      19
      27
      19
      15
       8
      21
      18
      19
      23
      14
      21
      23
      20
      15
      30
      21
      17
      18
      16
      24
      16
      27
      24
      18
      20
      17
      19
      24
      26
      23
      26
      20
      17
      21
      22
      25
      18
      33
      25
      23
      19
      29
      20
      21
      11
      18
      20
      25
      20
      22
      17
      23
      22
      12
      19
      17
      26
      16
      13
      15
      17
      21
      26
      18
      13
      16
      17
      17
      21
      19
      18
      16
      19
      22
      24
      22
      16
      28
      15
      20
      21
      24
      19
      25
      21
      23
      18
      18
      15
      16
      20
      19
      21
      21
      23
      20
      23
      26
      10
      18
      20
      23
      23
      17
      15
      16
      17
      23
      20
      16
      25
      20
      14
      23
      20
      14
      26
      31
      16
      13
      19
      19
      16
      20
      13
      14
      17
      15
      22
      17
      17
      28
      22
      21
      23
      19
      27
      14
      21
      18
      20
      13
      17
      15
      26
      23
      26
      18
      25
      13
      16
      15
      21
      15
      25
      22
      20
      18
      22
      21
      18
      14
      11
      17
      23
      17
      21
      29
      17
      20
      21
       9
      29
      21
      24
      20
      16
      24
      10
      16
      25
      18
      29
      23
      24
      20
      22
      11
      23
      18
      17
      12
      27
      21
      16
      17
      22
      24
      17
      24
      25
      20
      22
      20
      19
      20
      20
      16
      27
      26
      15
      17
      15
      10
      21
      15
      23
      21
      21
      23
      21
      23
      19
      18
      27
      21
      21
      17
      18
      16
      23
      24
      26
      18
      18
      21
      25
      29
      23
      22
      20
      16
      26
      17
      18
      15
      21
      15
      23
      18
      30
      31
      28
      25
      27
      16
      16
      16
      18
      22
      16
      20
      22
      22
      18
      18
      21
      30
      14
      18
      25
      12
       7
      22
      14
      19
      26
      22
      24
      12
      23
      14
      29
      21
      16
      18
      30
      29
      18
      35
      16
      19
      20
      27
      20
      18
      23
      25
      20
      23
      16
      18
      24
      25
      20
      21
      23
      14
      16
      16
      22
      19
      29
      25
      22
      28
      27
      24
      17
      15
      21
      18
      23
      22
      27
      17
      14
      16
      23
      24
      24
      20
      12
      15
      27
      27
      23
      22
      19
      28
      14
      21
      23
      23
      23
      19
      28
      23
      29
      22
      15
       9
      12
      15
      18
      20
      34
      21
      16
      18
      24
      22
      27
      23
      21
      19
      32
      19
      20
      17
      24
      21
      22
      19
      23
      13
      23
      27
      16
      21
      18
      20
      24
      20
      16
      21
      22
      16
      20
      22
      29
      16
      19
      20
      21
      21
      19
      12
      23
      23
      26
      26
      20
      13
      20
      15
      19
      21
      24
      18
      28
      11
      23
      19
      15
      21
      20
      30
      16
      22
      20
      21
      26
      17
      21
      19
      18
      30
      17
      27
      15
      16
      23
      19
      17
      17
      16
      21
      17
      22
      18
      12
      20
      19
      20
      25
      27
      13
      25
      10
      14
      26
      23
      15
      25
      16
      17
      13
      19
      20
      17
      18
      18
      16
      19
      17
      15
      16
      19
      21
      15
      22
      14
      13
      21
      13
      16
      18
      23
      19
      15
      15
      16
      20
      26
      19
      13
       9
      19
      19
      15
      16
      16
      16
      19
      17
      25
      26
      27
      24
      16
      21
      16
      25
      10
      23
      15
      26
      22
      18
      17
      11
      14
      25
      20
      20
      25
      26
      28
      16
      19
      21
      24
      19
      14
      19
      30
      17
      16
      22
      23
      24
      24
      20
      23
      17
      25
      19
      33
      23
      16
       8
      14
      26
      15
      20
      18
      26
      17
      20
      20
      18
      16
      26
      19
      20
      13
      26
      17
      30
      28
      18
      18
      22
      23
      21
      18
      24
      24
      25
      20
      25
      14
      19
      26
      20
      17
      27
      19
      21
      11
      17
      21
      25
      17
      24
      23
      18
      26
      24
      31
      20
      24
      16
      20
      19
      27
      20
      17
      23
      16
      27
      19
      22
      12
      23
      22
      20
      20
      21
      29
      25
      31
      26
      24
      24
      20
      18
      17
      21
      25
      24
      29
      21
      21
      23
      29
      20
      27
      32
      31
      17
      25
      23
      18
      23
      23
      15
      28
      22
      31
      21
      29
      21
      20
      21
      20
      26
      23
      26
      21
      25
      19
      15
      20
      23
      18
      23
      18
      20
      17
      19
      26
      18
      31
      26
      27
      16
      14
      21
      20
      18
      17
      22
      14
      14
      15
      20
      17
      12
      23
      24
      26
      17
      22
      10
      20
      17
      18
      21
      17
      15
      10
      11
      17
      16
      14
      10
      12
      15
      12
      16
      17
       9
       7
      17
      17
      14
      14
      13
      14
      13
      11
       7
      10
       9
      13
      14
      10
       6
       5
      11
      15
      10
      10
       9
      11
      11
       9
       8
      10
       3
       6
      10
       8
       5
       8
       7
       8
       8
       9
       9
       5
      11
      14
       5
      10
       4
       5
       8
       9
       4
       4
       8
       9
       8
       7
       3
       9
       9
       9
      10
       7
       4
       5
      10
       2
       4
       4
       5
       5
       4
       5
       8
       5
       3
       5
       6
       2
       5
       0
       4
       6
       7
       5
       4
       3
       5
       3
       6
       7
       4
       4
       1
       5
       6
       6
       3
       3
       4
       4
       9
       3
       5
       2
       4
       6
       1
       2
       4
       6
       1
       2
       3
       2
       2
       5
       2
       3
       3
       1
       2
       0
       2
       3
       2
       2
       3
       3
       3
       1
       3
       2
       2
       2
       4
       2
       2
       2
       2
       5
       3
       4
       2
       3
       4
       4
       5
       2
       3
       1
       4
       2
       4
       4
       1
       0
       0
       0
       1
       5
       2
       5
       5
       2
       4
       0
       1
       2
       4
       3
       3
       3
       4
       4
       1
       1
       1
       2
       1
       2
       2
       0
       1
       3
       2
       0
       5
       0
       1
       2
       2
       1
       0
       1
       3
       2
       3
       0
       5
       0
       3
       3
       1
       0
       3
       3
       3
       2
       5
       1
       2
       1
       2
       1
       2
       2
       1
       2
       2
       4
       0
       2
       2
       1
       0
       2
       3
       1
       1
       2
       5
       3
       1
       5
       1
       1
       1
       3
       1
       3
       1
       1
       5
       3
       2
       3
       2
       3
       2
       2
       2
       2
       0
       1
       3
       2
       0
       1
       0
       2
       1
       0
       3
       2
       0
       1
       2
       2
       3
       1
       3
       2
       1
       1
       3
       1
       0
       0
       2
       0
       2
       1
       2
       4
       3
       1
       3
       1
       0
       4
       0
       1
       3
       0
       2
       4
       3
       2
       2
       3
       0
       2
       1
       1
       2
       1
       4
       0
       4
       0
       0
       2
       2
       2
       4
       2
       2
       1
       0
       0
       0
       2
       2
       2
       2
       1
       1
       1
       2
       2
       3
       0
       3
       4
       2
       1
       0
       3
       1
       1
       1
       3
       1
       3
       0
       2
       4
       0
       1
       4
       2
       2
       1
       4
       1
       2
       1
       2
       4
       1
       3
       1
       1
       3
       5
       1
       3
       5
       3
       1
       1
       7
       3
       3
       0
       3
       1
       4
       6
       3
       1
       8
      11
       4
       9
       8
      11
      10
      11
      16
       9
      12
      11
      16
      19
      27
      14
      16
      28
      19
      24
      15
      23
      18
      15
      30
      24
      26
      23
      31
      42
      34
      37
      40
      45
      27
      42
      52
      48
      58
      53
      55
      62
      55
      55
      70
      57
      70
      68
      84
      79
      93
      85
      89
      98
     102
     106
     114
     120
     107
     133
     120
     136
     149
     124
     130
     143
     146
     170
     155
     164
     148
     172
     186
     186
     180
     159
     208
     173
     211
     193
     196
     215
     208
     233
     220
     236
     236
     251
     243
     233
     270
     238
     272
     249
     238
     270
     266
     266
     273
     283
     270
     278
     269
     275
     297
     274
     306
     334
     319
     297
     311
     321
     317
     296
     318
     323
     380
     301
     333
     301
     324
     326
     302
     304
     336
     304
     303
     316
     293
     322
     311
     296
     274
     301
     306
     279
     334
     276
     258
     305
     276
     274
     275
     287
     273
     260
     282
     281
     276
     252
     250
     237
     218
     249
     235
     198
     222
     193
     208
     207
     201
     195
     187
     183
     198
     183
     175
     191
     175
     173
     153
     170
     168
     153
     120
     141
     136
     121
     104
     140
     135
     100
     117
      91
     110
     103
      85
      79
      96
      93
      84
      61
      71
      67
      84
      52
      60
      52
      56
      45
      64
      53
      48
      47
      32
      29
      40
      23
      28
      25
      33
      28
      28
      18
      30
      13
      31
      27
      22
      25
      23
      15
      17
      11
      15
      16
      13
      14
      14
       9
       5
       9
       7
       4
       3
       6
       9
       8
       3
       3
       1
       3
       5
       7
       5
       2
       2
       5
       8
       5
       4
       3
       3
       2
       5
       5
       0
       4
       1
       1
       1
       0
       2
       3
       0
       1
       0
       0
       1
       0
       0
       0
       1
       2
       2
       1
       0
       0
       1
       1
       1
       2
       1
       0
       2
       1
       1
       1
       0
       0
       1
       1
       0
       0
       0
       1
       2
       0
       0
       0
       1
       0
       1
       0
       1
       0
       0
       0
       0
       1
       0
       0
       1
       0
       0
       0
       0
       1
       0
       0
       0
       0
       1
       0
       0
       0
       0
       1
       1
       0
       0
       1
       0
       1
       0
       1
       0
       0
       0
       2
       1
       0
       1
       0
       1
       1
       1
       1
       0
       0
       0
       0
       0
       0
       0
       1
       0
       0
       1
       0
       0
       0
       2
       0
       1
       1
       1
       0
       1
       1
       0
       1
       2
       1
       0
       2
       0
       0
       1
       0
       1
       0
       0
       0
       0
       1
       0
       0
       1
       1
       0
       1
       1
       1
       0
       0
       0
       1
       1
       0
       1
       0
       1
       2
       0
       1
       0
       1
       0
       1
       0
       0
       1
       1
       0
       1
       2
       0
       0
       2
       0
       0
       0
       0
       1
       0
       0
       0
       0
       0
       0
       1
       0
       1
       0
       0
       1
       1
       0
       0
       0
       0
       2
       0
       1
       0
       0
       0
       1
       1
       2
       0
       0
       2
       0
       0
       0
       1
       1
       1
       0
       0
       0
       0
       0
       0
       0
       0
       1
       0
       0
       1
       0
       1
       0
       0
       0
       2
       0
       1
       1
       0
       1
       0
       0
       1
       1
       0
       1
       0
       0
       0
       0
       0
       2
       0
       1
       1
       0
       0
       1
       0
       1
       0
       0
       1
       0
       0
       1
       2
       0
       1
       0
       0
       1
       1
       0
       0
       2
       0
       0
       1
       0
       2
       1
       0
       0
       2
       2
       0
       2
       0
       0
       0
       1
       0
       0
       1
       0
       0
       0
       1
       0
       0
       0
       0
       1
       1
       0
       0
       0
       0
       0
       0
       2
       1
       0
       0
       1
       1
       0
       0
       0
       1
       0
       0
       0
       0
       0
       1
       1
       0
       1
       0
       1
       0
       0
       0
       0
       0
       0
       0
       0
       1
       1
       0
       1
       1
       0
       0
       1
       0
       0
       0
       0
       0
       0
       0
       0
       0
       0
       0
       0
       0
       0
       0
       1
       0
       0
       0
       1
       0
       0
       0
       2
       0
       1
       0
       0
       0
       0
       1
       0
       1
       0
       1
       0
       1
       0
       0
       0
       0
       0
       0
       1
       1
       0
       0
       0
       0
       2
       0
       0
       0
       1
       0
       0
       1
       0
       0
       0
       1
       1
       0
       0
       0
       0
       0
       0
       0
       0
       0
       0
       0
       1
       0
       0
       0
       0
       1
       1
       0
       0
       0
       0
       0
       0
       1
       0
       0
       0
       0
       2
       0
       0
       0
       0
       0
       0
       1
       0
       0
       0
       0
       0
       0
       2
       1
       0
       0
       2
       0
       0
       0
       4
       0
       0
       0
       0
       0
       0
       0
       0
       0
       1
       0
       0
       0
       0
       0
       0
       0
       0
       0
       0
       0
       0
       0
       0
       0
       0
       0
       0
       0
       0
       0
       0
       0
       0
       0
$ROI:
3
162 224
345 375
1304 1586
$PRESETS:
Live Time
1200
0
$ENER_FIT:
0.000000 0.359353
$MCA_CAL:
3
0.000000E+000 3.593530E-001 0.000000E+000 keV
$SHAPE_CAL:
3
0.000000E+000 0.000000E+000 0.000000E+000
