$SPEC_ID:
This is sample 000.
$SPEC_REM:
DET# 1
DETDESC# DIP1456 PCI-Trump SN 253
AP# Maestro Version 7.01
$DATE_MEA:
01/31/2025 17:57:45
$MEAS_TIM:
1200 1236
$DATA:
0 2047
       0
       0
       0
       0
       0
       0
       0
       0
       0
       0
       0
       0
       0
       0
       0
       0
       0
       4
       5
       0
       1
       9
      13
       6
      14
       9
      10
      14
      13
      10
      11
      11
      14
      17
      21
      16
      14
      16
      15
      14
      14
      13
      22
      12
      14
      17
      14
      26
      14
      16
      15
      10
      15
      17
      18
      22
      21
      22
      18
      18
      17
       9
      17
      12
      18
      22
      22
      17
      13
      14
      13
      12
      19
      12
      22
      19
      17
      19
      10
      19
      13
      20
      16
      17
      16
      18
      14
      25
      20
      19
      15
      24
      21
      14
      12
      17
      21
      19
      12
      16
      21
      17
      14
       9
      15
      11
      17
      13
      13
      14
      29
      15
      16
      19
      26
      22
      14
      18
      22
      15
      12
      18
      18
      16
      20
      10
      23
      19
      18
      22
      22
      22
      20
      17
      21
      21
      18
      20
      23
      15
      16
      18
      22
      23
      20
      21
      17
      14
      10
      24
      15
      21
      16
      17
      18
      21
      23
      20
      15
      23
      14
      17
      20
      22
      13
      18
      13
      17
      11
      14
      18
      11
      16
      20
      22
      19
      18
      15
      20
      18
      16
      22
      19
      15
      16
      18
      19
      22
      15
      24
      24
      15
      18
      27
      18
      23
      18
      12
      12
      11
      17
      21
      20
      15
      15
      23
      17
      25
      19
      20
      22
      13
      30
      26
      18
      26
      29
      10
      21
      28
      19
      17
      16
      20
      17
      21
      27
      24
      24
      24
      25
      14
      30
      21
      22
      19
      21
      16
      21
      22
      25
      13
      21
      13
      17
      16
      22
      20
      17
      16
      27
      17
      19
      22
      22
      17
      18
      19
      17
      15
      13
      25
      23
      19
      14
      29
      15
      14
      17
      15
      15
      12
      14
       9
      19
      18
      18
      19
      22
      21
      24
      10
      16
      21
      15
      19
      16
      19
      19
      20
      14
      19
      18
      20
      17
      16
      22
      22
      21
      31
      16
      20
      16
      19
      30
      12
      19
      22
      14
      22
      21
      21
      18
      19
      13
      16
      26
      18
      26
      29
      19
      17
      13
      12
      24
      22
      19
      17
      24
      17
      12
      12
      12
      17
      20
      11
      16
      22
      27
      16
      14
      20
      18
      21
      14
      21
      26
      32
      17
      16
      18
      29
      18
      26
      16
      21
      19
      13
      19
      16
      24
      18
      20
      19
      16
      14
      21
      18
      20
      17
      14
      19
      26
      28
      19
      23
      14
      16
      21
      17
      21
      16
      23
      15
      14
      13
      18
      16
      19
      22
      26
      19
      21
      23
      20
      17
      16
      20
      19
      21
      25
      18
      17
      18
      17
      24
      24
      20
      15
      25
      17
      19
      26
      21
      24
      19
      18
      30
      12
      17
      22
      18
      20
      18
      20
      18
      17
      21
      21
      22
      16
      21
      25
      17
      22
      23
      24
      15
      18
      15
      21
      28
      19
      19
      13
      27
      10
      27
      19
      26
      19
      12
      24
      22
      30
      36
      21
      23
      21
      25
      22
      16
      22
      26
      17
      16
      18
      25
      25
      18
      23
      26
      23
      29
      28
      24
      23
      16
      16
      17
      17
      24
      21
      16
      19
      14
      21
      27
      21
      24
      28
      22
      26
      25
      24
      20
      13
      18
      20
      19
      17
      20
      25
      26
      30
      18
      23
      23
      22
      20
      19
      23
      21
      31
      24
      34
      19
      19
      19
      11
      18
      23
      21
      26
      20
      21
      16
      24
      26
      27
      23
      25
      19
      19
      19
      28
      25
      24
      15
      22
      21
      14
      26
      16
      14
      22
      21
      17
      19
      19
      19
      26
      23
      21
      27
      16
      22
      22
      23
      23
      21
      24
      24
      18
      21
      27
      27
      18
      24
      13
      16
      30
      24
      21
      23
      19
      23
      17
      15
      15
      16
      31
      24
      24
      22
      17
      22
      17
      24
      14
      15
      18
      18
      13
      22
      16
      24
      25
      22
      31
      21
      24
      30
      17
      18
      22
      20
      32
      20
      21
      18
      15
      16
      16
      17
      18
      20
      25
      14
      19
      20
      23
      27
      20
      22
      16
      10
      14
      18
      25
      18
      22
      15
      15
      21
      21
      19
      18
      24
      24
      29
      18
      18
      16
      16
      16
      16
      24
      17
      25
      18
      16
      17
      23
      27
      27
      16
      21
      13
      32
      18
      14
      12
      23
      20
      21
      17
      22
      25
      21
      17
      21
      15
      17
      25
      23
      11
      18
      17
      26
      14
      21
      18
      28
      19
      25
      12
      19
      18
      24
      29
      12
      24
      16
      23
      18
      16
      18
      25
      14
      19
      26
      15
      18
      15
      22
      17
      19
      15
      24
      16
      24
      15
      26
      21
      11
      13
      20
      20
      15
      20
      20
      24
      18
      22
      17
      21
      18
      13
      21
      23
      17
      20
      23
      19
      18
      20
      24
      26
      23
      21
      23
      32
      18
      15
      18
      20
      20
      20
      24
      16
      19
      13
      18
      21
      25
      11
      27
      20
      17
      21
      18
      18
      28
      22
      21
      26
      20
      20
      17
       9
      21
      19
      18
      21
      22
      17
      23
      27
      15
      22
      25
      25
      23
      17
      18
      30
      20
      24
      13
      25
      20
      17
      20
      19
      29
      26
      25
      18
      18
      17
      28
      16
      12
      19
      14
      26
      27
      23
      21
      15
      22
      19
      24
      22
      22
      18
      17
      17
      16
      21
      31
      29
      13
      23
      25
      18
      24
      25
      18
      18
      17
      17
      22
      20
      21
      22
      22
      19
      25
      22
      27
      16
      22
      22
      21
      28
      24
      22
      17
      21
      13
      18
      34
      21
      24
      19
      25
      17
      17
      29
      15
      24
      29
      22
      24
      22
      17
      19
      22
      16
      21
      33
      32
      22
      21
      32
      15
      20
      25
      22
      28
      19
      23
      23
      13
      23
      16
      23
      27
      19
      16
      25
      20
      17
      26
      18
      12
      14
      20
      12
      22
      27
      23
      21
      21
      22
      16
      16
      11
      19
      20
      18
      19
      13
      14
      10
      18
      20
      23
      15
      20
      16
      19
      15
      16
       9
      14
      12
      15
       9
      11
      11
      15
       9
      14
      11
       9
      10
       8
      12
      11
      15
       8
      10
      15
      14
      10
       9
      13
      11
      10
       9
      12
       8
       2
      12
      10
      12
      14
      10
       6
       6
       7
      11
       9
       6
       6
       7
       6
      10
      11
      13
      12
       8
       3
      12
      10
       6
       2
       5
       5
       3
       3
       3
       6
       6
       7
       6
       7
       4
       6
       3
       7
       5
       3
       5
       6
       2
       8
       4
       4
       7
       6
       7
       7
       3
       3
       4
       3
       3
       5
       6
       5
       5
       1
       4
       6
       4
       2
       5
       3
       5
       2
       3
       3
       3
       4
       5
       2
       1
       0
       4
       3
      10
       1
       6
       5
       5
       5
       4
       1
       1
       5
       5
       5
       6
       2
       5
       3
       1
       6
       6
       1
       1
       1
       4
       3
       6
       3
       0
       1
       3
       3
       4
       1
       3
       3
       5
       3
       3
       1
       1
       3
       3
       1
       2
       1
       2
       1
       0
       2
       8
       2
       3
       3
       1
       1
       0
       6
       2
       3
       1
       2
       1
       2
       5
       3
       0
       3
       4
       1
       3
       0
       3
       0
       4
       3
       2
       1
       0
       2
       3
       1
       0
       3
       1
       4
       3
       3
       0
       2
       2
       2
       3
       2
       1
       0
       2
       1
       1
       2
       1
       0
       2
       0
       3
       0
       1
       3
       2
       1
       0
       0
       3
       1
       2
       2
       1
       0
       0
       2
       2
       1
       1
       1
       2
       1
       2
       3
       3
       2
       3
       2
       0
       0
       2
       1
       0
       4
       0
       0
       2
       4
       1
       3
       1
       3
       2
       0
       1
       1
       3
       1
       3
       0
       1
       1
       2
       3
       1
       2
       3
       2
       2
       1
       3
       1
       1
       0
       0
       0
       2
       0
       2
       1
       1
       3
       1
       0
       1
       3
       2
       2
       0
       3
       1
       0
       3
       3
       4
       4
       1
       1
       2
       0
       1
       1
       0
       0
       1
       2
       0
       1
       2
       1
       1
       3
       1
       2
       0
       0
       0
       0
       1
       2
       0
       2
       2
       2
       2
       0
       1
       2
       0
       1
       3
       0
       2
       0
       3
       1
       0
       1
       2
       2
       1
       1
       2
       1
       1
       2
       5
       4
       0
       1
       1
       2
       6
       3
       3
       4
       5
       3
       2
       3
       4
       0
       6
       4
       2
       3
       3
       4
       2
       4
       4
       4
       5
       5
       2
      12
       7
       3
       7
       8
      10
      13
       5
       7
       8
       9
      10
      19
       9
      15
      16
      16
      14
      28
      21
      15
      26
      18
      19
      23
      30
      29
      21
      27
      25
      27
      33
      35
      37
      40
      53
      55
      37
      30
      52
      51
      42
      70
      75
      66
      59
      67
      61
      77
      84
      83
      85
      81
      85
      82
     104
     111
     104
     106
     115
     102
     125
     113
     124
     127
     129
     149
     143
     153
     154
     157
     168
     154
     157
     152
     173
     205
     181
     169
     197
     221
     209
     205
     212
     192
     217
     230
     249
     217
     248
     232
     244
     263
     258
     253
     236
     258
     266
     270
     280
     307
     267
     277
     266
     287
     288
     277
     296
     296
     329
     295
     302
     298
     291
     307
     303
     307
     298
     300
     287
     301
     306
     291
     305
     323
     278
     288
     321
     324
     325
     331
     308
     295
     310
     319
     292
     290
     310
     288
     281
     251
     284
     256
     285
     270
     268
     242
     249
     239
     282
     224
     252
     266
     223
     206
     247
     219
     210
     208
     210
     172
     201
     195
     187
     176
     167
     160
     177
     192
     181
     157
     151
     149
     146
     123
     127
     124
     126
     125
     116
     115
     105
     100
     109
      89
      93
      92
      91
      83
      86
      85
      66
      74
      57
      86
      67
      67
      65
      59
      55
      50
      59
      40
      51
      44
      32
      45
      45
      35
      36
      34
      23
      31
      21
      28
      25
      22
      19
      22
      24
      25
      16
      14
      15
       8
       8
      15
      10
      12
       7
       7
       3
      10
       8
       6
       8
       9
       3
       6
       5
       6
       4
       5
       5
       6
       4
       4
       6
       5
       1
       4
       4
       0
       1
       0
       2
       2
       0
       2
       1
       1
       2
       0
       3
       0
       2
       2
       2
       1
       1
       1
       1
       0
       1
       1
       1
       0
       1
       1
       2
       0
       0
       0
       0
       1
       0
       1
       0
       0
       1
       0
       0
       0
       0
       1
       0
       0
       0
       1
       1
       1
       3
       0
       0
       1
       1
       2
       0
       1
       1
       0
       1
       0
       0
       1
       3
       1
       1
       0
       0
       1
       0
       0
       0
       1
       2
       1
       0
       0
       1
       1
       1
       0
       0
       0
       1
       0
       0
       0
       0
       1
       0
       1
       0
       0
       0
       0
       1
       1
       1
       0
       1
       0
       0
       2
       1
       0
       0
       1
       1
       0
       0
       0
       0
       0
       0
       0
       0
       1
       0
       0
       2
       1
       2
       0
       1
       1
       2
       2
       1
       1
       0
       0
       1
       1
       2
       2
       0
       0
       0
       0
       1
       0
       0
       0
       0
       0
       0
       1
       2
       0
       0
       0
       0
       0
       0
       0
       1
       0
       0
       0
       0
       0
       0
       0
       0
       0
       1
       1
       0
       0
       0
       1
       0
       1
       1
       1
       0
       1
       0
       0
       0
       0
       0
       0
       0
       3
       0
       0
       2
       0
       1
       0
       1
       0
       1
       0
       0
       1
       0
       0
       0
       0
       0
       0
       0
       1
       0
       1
       0
       0
       1
       0
       0
       0
       0
       0
       1
       2
       1
       0
       1
       0
       0
       0
       1
       0
       2
       0
       0
       1
       0
       0
       0
       0
       0
       0
       0
       0
       1
       1
       1
       1
       0
       0
       0
       0
       2
       0
       1
       0
       1
       0
       1
       0
       2
       1
       0
       1
       1
       1
       0
       1
       0
       0
       2
       0
       0
       1
       0
       1
       3
       0
       0
       0
       0
       3
       0
       0
       1
       0
       0
       0
       1
       1
       1
       0
       1
       0
       0
       0
       0
       0
       0
       0
       1
       0
       1
       1
       0
       0
       0
       1
       0
       0
       0
       0
       0
       0
       0
       0
       1
       0
       0
       0
       1
       1
       0
       0
       1
       0
       0
       0
       2
       1
       0
       0
       1
       0
       0
       0
       0
       1
       1
       0
       0
       0
       0
       0
       1
       2
       0
       0
       1
       0
       0
       0
       1
       1
       2
       0
       0
       2
       0
       1
       1
       1
       0
       0
       1
       0
       0
       1
       0
       1
       0
       1
       0
       0
       1
       0
       1
       0
       0
       1
       1
       0
       0
       1
       0
       0
       0
       1
       0
       0
       0
       2
       1
       0
       0
       0
       0
       0
       1
       0
       0
       0
       1
       0
       1
       1
       0
       1
       0
       1
       0
       0
       0
       0
       0
       0
       0
       1
       0
       0
       1
       1
       2
       0
       1
       0
       0
       0
       0
       0
       0
       0
       1
       0
       1
       0
       0
       2
       0
       1
       2
       1
       0
       1
       0
       1
       1
       1
       1
       0
       0
       0
       0
       0
       1
       0
       0
       0
       1
       0
       0
       0
       0
       0
       1
       1
       2
       0
       0
       1
       0
       0
       0
       0
       0
       0
       0
       0
       0
       0
       0
       0
       0
       0
       0
       0
       0
       0
       0
       0
       0
       0
       0
       0
       0
       0
       0
       0
       0
       0
       0
       0
$ROI:
3
162 224
345 375
1304 1586
$PRESETS:
Live Time
1200
0
$ENER_FIT:
0.000000 0.359353
$MCA_CAL:
3
0.000000E+000 3.593530E-001 0.000000E+000 keV
$SHAPE_CAL:
3
0.000000E+000 0.000000E+000 0.000000E+000
