$SPEC_ID:
This is sample 251.
$SPEC_REM:
DET# 1
DETDESC# DIP1456 PCI-Trump SN 253
AP# Maestro Version 7.01
$DATE_MEA:
02/04/2025 15:03:13
$MEAS_TIM:
1200 1235
$DATA:
0 2047
       0
       0
       0
       0
       0
       0
       0
       0
       0
       0
       0
       0
       0
       0
       0
       0
       1
       2
       3
       3
       3
       8
       7
       6
       7
       9
      14
      17
       6
       7
      14
      15
      19
      13
      19
      17
      12
       9
      15
      14
      14
      14
       9
      13
      21
      22
      18
      24
      19
      25
      18
      17
      24
      18
      22
       9
      14
      28
      21
      17
      15
      14
      27
      21
      22
      20
      18
      26
      23
      17
      20
      15
      23
      10
      22
      24
      17
      13
      17
      27
      18
      15
      14
      25
      20
      23
      14
      18
      19
      21
      15
      21
      12
      17
      21
      24
      19
      19
      17
      22
      23
      22
      21
      16
      17
      28
      19
      17
      23
      18
      11
      21
      17
      25
      21
      23
      19
      24
      19
      21
      25
      18
      23
      20
      19
      17
      18
      17
      21
      18
      10
      23
      21
      21
      23
      29
      22
      20
      12
      15
      14
      24
      22
      17
      19
      16
      16
      27
      17
      26
      21
      17
      19
      15
      15
      14
      19
      24
      23
      18
      16
      21
      26
      25
      21
      23
      17
      22
      20
      19
      24
      22
      19
      21
      21
      20
      21
      14
      19
      14
      22
      20
      24
      19
      13
      30
      22
      21
      20
      19
      24
      12
      20
      20
      18
      19
      23
      14
      13
      22
      23
      20
      18
      18
      21
      27
      16
      16
      17
      17
      31
      25
      21
      13
      20
      14
      21
      19
      24
      18
      25
      31
      18
      24
      17
      21
      16
      25
      14
      23
      15
      22
      19
      30
       7
      22
      24
      17
      25
      20
      19
      20
      21
      18
      17
      13
      11
      21
      16
      16
      19
      17
      24
      18
      21
      24
      16
      26
      19
      19
      26
      22
      23
      24
      24
      23
      20
      27
      21
      20
      21
      16
      17
      17
      16
      15
      24
      24
      20
      15
      18
      17
      26
      13
      18
      15
      17
      23
      16
      32
      23
      24
      19
      15
      15
      16
      25
      25
      26
      23
      23
      18
      17
      21
      16
      24
      16
      19
      17
      28
      28
      23
      19
      23
      21
      29
      27
      17
      19
      23
      14
      27
      27
      10
      26
      24
      29
      20
      20
      25
      19
      16
      35
      26
      18
      24
      19
      19
      21
      16
      17
      20
      21
      15
      17
      20
      22
      16
      22
      20
      29
      20
      16
      17
      15
      24
      13
      18
      16
      26
      22
      28
      22
      25
      24
      20
      23
      16
      23
      15
      28
      23
      27
      22
      22
      13
      24
      24
      21
      26
      19
      21
      29
      16
      20
      21
      17
      16
      28
      22
      24
      26
      21
      13
      16
      15
      29
      19
      22
      22
      19
      28
      15
      15
      17
      22
      15
      23
      22
      15
      17
      25
      26
      22
      27
      20
      18
      23
      23
      19
      18
      21
      16
      16
      18
      27
      16
      19
      26
      20
      20
      19
      21
      18
      25
      20
      13
      19
      22
      25
      22
      20
      15
      29
      15
      22
      19
      21
      22
      20
      20
      21
      15
      18
      22
      17
      22
      27
      20
      15
      24
      22
      23
      20
      18
      22
      24
      26
      18
      14
      29
      17
      23
      20
      22
      27
      21
      23
      16
      17
      22
      21
      29
      13
      28
      20
      26
      21
      22
      18
      24
      14
      30
      15
      31
      20
      19
      25
      27
      19
      14
      30
      13
      17
      15
      24
      24
      24
      21
      23
      25
      21
      22
      18
      19
      18
      26
      23
      24
      19
      23
      22
      27
      23
      19
      20
      28
      13
      30
      24
      31
      31
      24
      22
      22
      22
      19
      25
      24
      26
      22
      28
      18
      19
      14
      24
      19
      16
      26
      23
      24
      23
      18
      21
      20
      22
      21
      11
      19
      16
      24
      16
      16
      25
      22
      16
      20
      30
      16
      19
      25
      21
      20
      26
      26
      23
      16
      26
      21
      19
      20
      22
      15
      24
      24
      21
      18
      19
      27
      21
      20
      19
      28
      20
      19
      28
      23
      19
      26
      15
      18
      25
      17
      14
      22
      24
      21
      19
      23
      16
      18
      19
      19
      20
      14
      20
      17
      19
      23
      16
      20
      18
      22
      22
      20
      21
      18
      22
      29
      18
      25
      31
      18
      16
      14
      26
      20
      26
      23
      21
      26
      22
      22
      19
      12
      29
      20
      13
      26
      17
      23
      15
      26
      28
      24
      15
      19
      20
      23
      21
      19
       9
      14
      19
      24
      22
      18
      21
      24
      14
      27
      21
      17
      27
      18
      25
      26
      14
      25
      17
      17
      21
      20
      20
      20
      16
      26
      19
      21
      24
      31
      17
      22
      26
      22
      16
      16
      19
      12
      20
      20
      25
      25
      19
      22
      17
      13
      15
      22
      18
      27
      27
      22
      18
      31
      19
      22
      25
      16
      20
      17
      22
      18
      26
      17
      22
      28
      25
      20
      24
      20
      11
      15
      18
      14
      20
      17
      28
      26
      17
      21
      20
      12
      25
      20
      16
      18
      28
      26
      21
      16
      22
      25
      18
      23
      21
      16
      22
      37
      14
      22
      18
       3
      13
      24
      26
      20
      22
      14
      12
      22
      20
      16
      24
      17
      21
      31
      20
      27
      22
      20
      18
      19
      28
      18
      34
      19
      27
      16
      24
      24
      17
      14
      19
      28
      27
      23
      23
      19
      18
      22
      18
      21
      28
      20
      23
      22
      21
      18
      21
      16
      25
      26
      22
      14
      28
      26
      26
       8
      16
      24
      19
      23
      29
      16
      19
      26
      22
      23
      27
      27
      18
      30
      36
      20
      28
      30
      28
      23
      23
      27
      31
      21
      24
      25
      32
      26
      28
      30
      25
      22
      19
      20
      26
      20
      16
      24
      16
      35
      24
      15
      22
      23
      16
      22
      25
      16
      22
      27
      25
      16
      21
      15
      17
      17
      28
      22
      23
      22
      26
      16
      18
      21
      23
      25
      13
      28
      17
      26
      14
      18
      20
      25
      21
      11
      16
      29
      24
      17
      20
      17
      19
      22
      28
      20
      13
      19
      12
      11
      24
      11
      17
      20
      15
      20
      14
      20
      11
      11
      18
      12
      11
      11
      17
      16
       7
      16
      10
      12
      17
      20
      11
      14
       8
      12
      12
      15
      10
      14
       7
      15
       7
      10
      12
      11
      14
      14
       8
      12
       4
      10
      10
      15
       8
       9
       9
       9
      11
       6
       8
       9
       9
       8
      11
       5
       3
       4
       5
      15
       6
       5
       4
       5
      11
       1
       3
       5
       7
       3
       9
       9
       3
       6
       5
       4
       4
       9
       2
      12
       2
       4
       4
       7
       5
       6
       2
       6
       4
       7
       2
       6
       2
       3
       0
       6
       4
       6
       4
       6
       2
       7
       2
       2
       6
       5
       4
       6
       2
       5
       4
       3
       3
       3
       6
       5
       3
       1
       8
       3
       5
       3
       7
       4
       2
       2
       4
       2
       4
       3
       3
       7
       2
       1
       4
       6
       1
       3
       3
       4
       3
       0
       6
       2
       6
       3
       4
       3
       5
       4
       1
       2
       2
       1
       2
       1
       2
       5
       2
       3
       2
       5
       2
       1
       4
       3
       3
       2
       5
       3
       0
       4
       1
       3
       2
       1
       2
       1
       1
       2
       2
       0
       4
       0
       0
       2
       2
       3
       1
       0
       1
       1
       1
       4
       2
       2
       2
       0
       1
       2
       0
       2
       3
       1
       1
       3
       2
       1
       3
       5
       1
       0
       3
       3
       2
       1
       0
       2
       4
       2
       1
       4
       2
       1
       3
       2
       3
       3
       0
       3
       0
       1
       2
       1
       4
       3
       0
       2
       1
       1
       3
       1
       1
       1
       4
       3
       1
       1
       1
       1
       1
       3
       2
       1
       1
       1
       3
       2
       0
       2
       2
       0
       4
       3
       4
       1
       3
       0
       2
       0
       1
       2
       1
       2
       0
       2
       1
       0
       0
       1
       0
       2
       1
       2
       1
       3
       4
       1
       2
       2
       2
       0
       3
       2
       1
       0
       2
       0
       1
       2
       0
       1
       0
       2
       2
       2
       2
       0
       1
       0
       1
       1
       1
       4
       4
       0
       3
       1
       1
       2
       1
       3
       4
       2
       2
       4
       3
       2
       2
       4
       4
       0
       1
       4
       1
       0
       1
       3
       1
       0
       3
       0
       0
       2
       5
       2
       0
       1
       1
       3
       2
       5
       3
       2
       2
       1
       2
       3
       1
       1
       2
       4
       3
       2
       4
       2
       2
       1
       2
       1
       2
       2
       1
       4
       2
       0
       3
       4
       1
       3
       2
       6
       9
       3
       3
       2
       6
       4
       4
      10
       9
       3
       3
       7
       7
       7
      13
       8
       7
       7
       8
       6
      13
      17
      12
      12
      10
      18
      14
      18
      12
      19
      19
      23
      20
      19
      26
      24
      26
      24
      27
      35
      30
      33
      40
      46
      46
      34
      40
      50
      56
      48
      59
      53
      63
      68
      70
      72
      86
      80
      74
      85
      69
      67
      86
     102
      93
     102
     109
     100
     127
     102
     110
     129
     131
     129
     107
     133
     134
     144
     154
     144
     172
     185
     178
     178
     176
     167
     157
     204
     192
     196
     200
     215
     214
     216
     218
     230
     242
     234
     247
     234
     237
     248
     233
     258
     271
     286
     264
     273
     306
     276
     309
     273
     296
     292
     269
     276
     316
     307
     284
     319
     288
     317
     335
     309
     322
     277
     302
     311
     326
     311
     314
     351
     316
     302
     336
     353
     325
     296
     316
     336
     303
     290
     345
     290
     309
     301
     326
     324
     298
     300
     305
     283
     295
     297
     300
     272
     273
     240
     277
     257
     213
     241
     244
     234
     235
     217
     194
     242
     225
     207
     204
     198
     197
     207
     173
     160
     192
     186
     147
     162
     182
     157
     146
     136
     129
     150
     123
     131
     116
     105
     111
     104
     116
     101
     101
      83
      97
     110
      93
     109
      82
      75
      73
      59
      70
      58
      50
      68
      52
      50
      54
      57
      37
      34
      45
      37
      22
      41
      32
      29
      37
      29
      24
      22
      29
      20
      19
      26
      14
      18
      19
      21
      23
      17
      19
      13
      11
      13
      17
       7
       6
       9
       7
      14
      12
       4
       7
       6
      10
       7
       5
       4
       3
       4
       7
       6
       6
       2
       3
       1
       3
       2
       5
       3
       3
       3
       3
       2
       0
       2
       0
       2
       1
       2
       0
       0
       0
       0
       1
       0
       1
       1
       1
       1
       0
       0
       0
       1
       1
       1
       0
       1
       0
       1
       0
       0
       1
       1
       2
       0
       0
       0
       1
       0
       1
       0
       4
       1
       1
       0
       0
       0
       0
       0
       1
       1
       1
       1
       1
       2
       1
       0
       1
       0
       0
       0
       1
       1
       0
       1
       0
       1
       0
       0
       1
       1
       1
       1
       0
       0
       0
       0
       0
       0
       2
       1
       0
       1
       1
       0
       1
       0
       0
       0
       0
       0
       1
       1
       0
       0
       2
       0
       0
       1
       0
       0
       1
       0
       2
       0
       0
       0
       0
       1
       2
       1
       0
       0
       0
       0
       0
       1
       0
       0
       0
       1
       0
       0
       0
       1
       1
       0
       1
       1
       1
       1
       0
       2
       1
       0
       0
       0
       0
       0
       0
       1
       1
       1
       1
       1
       0
       0
       0
       2
       0
       1
       1
       0
       0
       0
       2
       0
       0
       0
       0
       0
       1
       1
       1
       0
       0
       1
       0
       0
       0
       0
       0
       1
       2
       0
       1
       0
       0
       0
       1
       0
       0
       0
       0
       0
       0
       0
       0
       0
       0
       0
       0
       1
       0
       0
       0
       0
       0
       0
       0
       1
       1
       1
       0
       1
       0
       1
       0
       0
       0
       1
       0
       0
       0
       1
       0
       0
       0
       1
       0
       1
       1
       0
       0
       0
       0
       1
       0
       1
       0
       2
       0
       0
       0
       0
       0
       0
       0
       1
       1
       0
       1
       0
       1
       0
       2
       0
       0
       1
       0
       1
       0
       0
       0
       0
       0
       0
       1
       2
       0
       1
       0
       2
       0
       0
       0
       1
       0
       0
       0
       0
       1
       1
       1
       2
       0
       1
       0
       0
       0
       0
       1
       0
       0
       0
       0
       0
       2
       0
       0
       0
       1
       0
       0
       0
       1
       1
       0
       0
       1
       0
       1
       1
       0
       1
       0
       1
       0
       3
       1
       1
       2
       0
       2
       1
       0
       1
       1
       1
       1
       0
       0
       1
       0
       1
       0
       0
       0
       1
       0
       0
       0
       0
       0
       1
       0
       1
       0
       0
       1
       0
       1
       0
       1
       1
       0
       1
       0
       0
       0
       1
       2
       0
       0
       0
       0
       0
       1
       0
       1
       0
       0
       0
       0
       1
       1
       2
       0
       0
       0
       0
       0
       1
       0
       1
       0
       0
       0
       2
       0
       1
       0
       0
       0
       0
       0
       0
       0
       0
       0
       1
       0
       0
       0
       0
       1
       0
       1
       0
       0
       0
       1
       0
       0
       0
       0
       0
       0
       0
       2
       2
       0
       0
       0
       0
       1
       2
       1
       0
       0
       0
       1
       1
       1
       0
       0
       0
       0
       0
       0
       0
       0
       0
       0
       0
       1
       1
       0
       0
       1
       0
       0
       0
       0
       0
       0
       0
       0
       0
       2
       1
       0
       0
       0
       0
       0
       0
       0
       0
       2
       0
       1
       0
       0
       0
       2
       0
       0
       0
       0
       0
       0
       0
       0
       0
       0
       0
       0
       0
       0
       0
       0
       0
       0
       0
       0
       0
       0
       0
       0
       0
       0
$ROI:
3
162 224
345 375
1304 1586
$PRESETS:
Live Time
1200
0
$ENER_FIT:
0.000000 0.359353
$MCA_CAL:
3
0.000000E+000 3.593530E-001 0.000000E+000 keV
$SHAPE_CAL:
3
0.000000E+000 0.000000E+000 0.000000E+000
