$SPEC_ID:
This is sample 271.
$SPEC_REM:
DET# 1
DETDESC# DIP1456 PCI-Trump SN 253
AP# Maestro Version 7.01
$DATE_MEA:
02/04/2025 22:28:16
$MEAS_TIM:
1200 1235
$DATA:
0 2047
       0
       0
       0
       0
       0
       0
       0
       0
       0
       0
       0
       0
       0
       0
       0
       0
       0
       3
       2
       1
       3
       5
       4
       5
      11
      10
      12
      12
      13
       8
      12
      13
      15
      19
      25
      13
      17
      22
      18
      20
      18
      15
      15
      25
      15
      19
      16
      19
      18
       9
      19
      17
      22
      18
      15
      19
      16
      20
      21
      14
      15
      14
      13
      10
      22
      16
      21
      16
      17
      17
      14
      27
      19
      25
      16
      27
      22
      17
      18
      13
      12
      18
      19
      29
      24
      17
      16
      19
      18
      25
      17
      15
      17
      17
      24
      22
      15
      18
      20
      26
      20
      19
      14
      22
      16
      23
      15
      18
      27
      21
      23
      17
      20
      15
      17
      21
      20
      26
      16
      18
      21
      14
      22
      18
      21
      17
      23
       9
      13
      13
      16
      26
      15
      14
      19
      23
      25
      22
      15
      18
      15
      19
      19
      15
      21
      16
      17
      22
      18
      24
      14
      17
      12
      26
      21
      19
      21
      23
      15
      10
      18
      21
      22
      21
      20
      23
      15
      18
      19
      19
      28
      23
      20
      10
      16
      22
      18
      25
      26
      19
      19
      17
      19
      12
      16
      14
      22
      16
      13
      22
      16
      15
      21
      23
      24
      29
      26
      22
      24
      22
      23
      32
      19
      19
      19
      25
      14
      21
      12
      26
      26
      20
      12
      18
      24
      21
      18
      18
      20
      17
      22
      19
      16
      20
      25
      25
      20
      23
      20
      24
      19
      21
      24
      19
      23
      24
      17
      22
      14
      19
      17
      22
      22
      14
      18
      21
      18
      16
      26
      17
      19
      20
      13
      23
      24
      31
      19
      11
      18
      20
      20
      22
      23
      13
      23
      19
      29
      18
      14
      20
      16
      23
      24
      13
      21
      20
      13
      21
      14
      22
      22
      17
      16
      15
      15
      19
      29
      21
      10
      19
      25
      16
      22
      12
      22
      16
      12
      23
      17
      25
      19
      16
      17
      18
      18
      31
      24
      19
      19
      23
      24
      13
      29
      19
      21
      25
      22
      27
      25
      22
      20
      20
      18
      15
      24
      20
      23
      27
      24
      27
      19
      23
      27
      25
      19
      20
      18
      19
      22
      19
      21
      26
      20
      22
      29
      20
      15
      21
      23
      32
      15
      25
      30
      25
      14
      26
      21
      23
      14
      12
      17
      22
      16
      19
      16
      18
      22
      15
      15
      15
      23
      17
      16
      16
      20
      19
      23
      27
      21
      20
      17
      21
      17
      17
      23
      24
      21
      16
      23
      38
      23
      24
      22
      22
      20
      25
      23
      22
      23
       7
      17
      17
      20
      23
      20
      14
      16
      17
      22
      31
      18
      25
      31
      24
      15
      27
      10
      15
      17
      21
      14
      14
      26
      20
      15
      23
      22
      21
      16
      14
      17
      15
      16
      21
      24
      21
      21
      25
      14
      27
      14
      27
      16
      23
      22
      19
      24
      35
      29
      26
      17
      23
      19
      20
      19
      20
      20
      12
      22
      20
      24
      15
      13
      21
      17
      30
      24
      23
      25
      25
      17
      11
      27
      19
      24
      16
      27
      22
      21
      23
      20
      21
      21
      22
      22
      27
      16
      17
      20
      21
      20
      18
      23
      26
      22
      23
      16
      29
      28
      20
      23
      21
      23
      21
      20
      30
      23
      20
      21
      25
      26
      14
      21
      21
      24
      27
      31
      21
      25
      29
      13
      20
      20
      19
      30
      20
      17
      18
      22
      15
      27
      27
      27
      20
      27
      21
      12
      25
      24
      20
      25
      28
      25
      23
      19
      30
      26
      20
      16
      16
      24
      26
      18
      21
      24
      18
      26
      21
      19
      11
      19
      22
      22
      20
      28
      18
      25
      19
      19
      17
      21
      20
      27
      16
      20
      23
      25
      18
      19
      14
      25
      30
      20
      15
      28
      21
      13
      20
      15
      18
      24
      26
      20
      22
      18
      28
      19
      15
      24
      18
      18
      18
      23
      24
      17
      23
      18
      22
      22
      18
      27
      21
      22
      17
      23
      29
      13
      20
      25
      17
      19
      16
      26
      19
      19
      24
      24
      19
      16
      20
      23
      22
      24
      20
      15
      17
      22
      16
      23
      24
      24
      22
      26
      18
      25
      15
      25
      23
      16
      18
      22
      25
      18
      24
      22
      18
      33
      18
      13
      21
      17
      13
      16
      19
      20
      21
      25
      14
      14
      16
      16
      19
      19
      21
      14
      23
      17
      15
      13
      22
       8
      22
      20
      14
      19
      27
      18
      21
      23
      26
      21
      20
      16
      18
      20
      32
      19
      26
      22
      13
      22
      18
      21
      18
      11
      19
      24
      22
      17
      22
      20
      18
      16
      16
      20
      15
      14
      18
      19
      23
      22
      18
      14
      23
      18
      21
      11
      21
      28
      16
      18
      19
      17
      16
      19
      19
      20
      21
      25
      23
      25
      22
      21
      13
      14
      14
      16
      16
      22
      21
      20
      17
      16
      22
      25
      19
      13
      19
      21
      26
      18
      18
      25
      19
      22
      24
      20
      25
      23
      20
      14
      24
      26
      26
      12
      23
      19
      17
      20
      18
      21
      18
      36
      21
      24
      20
      31
      20
      21
      17
      26
      17
      29
      34
      15
      21
      17
      23
      20
      23
      21
      26
      26
      30
      24
      16
      19
      31
      14
      27
      25
      31
      21
      18
      20
      15
      25
      24
      14
      25
      23
      23
      16
      27
      20
      25
      21
      21
      17
      20
      27
      21
      13
      19
      23
      26
      27
      25
      19
      35
      24
      28
      35
      28
      27
      21
      20
      20
      26
      23
      21
      22
      33
      22
      23
      22
      24
      21
      25
      20
      22
      19
      20
      19
      20
      27
      26
      24
      19
      12
      30
      22
      23
      21
      21
      21
      23
      26
      27
      22
      23
      19
      21
      21
      21
      22
      21
      18
      28
      19
      22
      22
      17
      23
      23
      18
      19
      22
      30
      16
      14
      10
      23
      13
      16
      18
      24
      16
      10
      14
      10
      31
      12
      15
      19
      13
      17
      13
      12
      19
      20
      18
      14
      15
      12
      14
      14
      12
      15
      12
      14
      10
      13
      16
      11
      20
      14
      11
      20
       8
      10
      13
      13
      13
      12
       9
       9
       9
       5
       9
      12
      10
       8
      12
      12
       9
       8
      13
       5
      12
      12
       7
       6
       8
       8
      11
       6
       5
       7
       6
       4
       4
       9
       7
       4
       5
       5
       1
       7
       5
       4
       5
       3
       5
      12
       4
       3
       3
       2
       5
       5
       5
       8
       2
       5
       4
       9
       3
       3
       3
       7
       8
       2
       5
       5
       6
       3
       5
       4
       3
       3
       4
       6
       2
       6
       4
       4
       2
       1
       7
       3
       8
       4
       2
       3
       3
       5
       2
       4
       3
       1
       3
       4
       5
       5
       4
       3
       4
       8
       5
       1
       0
       2
       6
       2
       3
       1
       8
       3
       1
       3
       3
       5
       5
       5
       0
       2
       1
       4
       1
       2
       1
       2
       6
       0
       2
       5
       1
       2
       0
       1
       0
       3
       2
       4
       5
       0
       1
       3
       2
       2
       1
       2
       3
       2
       5
       7
       2
       5
       1
       2
       4
       2
       1
       0
       3
       1
       3
       1
       4
       0
       3
       0
       1
       1
       2
       2
       1
       1
       4
       3
       2
       1
       2
       1
       3
       2
       2
       1
       2
       1
       1
       2
       1
       4
       1
       5
       0
       4
       1
       5
       3
       1
       3
       2
       4
       1
       1
       5
       3
       2
       1
       1
       1
       0
       3
       3
       2
       1
       4
       2
       2
       4
       3
       2
       2
       0
       2
       4
       3
       2
       3
       1
       3
       2
       2
       1
       6
       3
       4
       1
       2
       2
       1
       1
       1
       1
       1
       5
       3
       1
       1
       1
       3
       1
       1
       3
       2
       2
       2
       1
       1
       4
       0
       1
       0
       0
       1
       3
       4
       2
       3
       4
       3
       2
       1
       0
       4
       7
       2
       1
       4
       3
       2
       0
       1
       1
       1
       0
       3
       2
       1
       1
       2
       4
       1
       2
       2
       0
       5
       1
       0
       2
       1
       3
       2
       1
       4
       0
       1
       2
       2
       1
       4
       2
       3
       2
       3
       4
       1
       4
       1
       5
       3
       2
       1
       2
       2
       3
       2
       2
       2
       3
       1
       2
       1
       3
       3
       2
       5
       4
       3
       1
       1
       2
       6
       1
       2
       4
       0
       2
       2
       9
       5
       6
       4
       4
       2
       1
       5
       3
       4
       5
       3
       1
       3
       7
       4
      11
       3
       6
       2
       4
       5
       5
       6
      16
       8
       8
      11
       7
      13
      12
      13
      10
       7
      15
       9
      13
      20
      16
      20
      16
      20
      24
      24
      31
      25
      28
      39
      26
      36
      31
      25
      53
      40
      44
      41
      36
      48
      47
      45
      68
      58
      55
      60
      59
      74
      69
      78
      59
      67
      99
      91
     107
      82
      84
      88
      83
     127
     103
     109
     104
     122
     120
     149
     123
     132
     119
     141
     151
     146
     150
     161
     171
     181
     164
     162
     202
     206
     173
     203
     199
     234
     209
     199
     221
     241
     237
     239
     231
     227
     246
     252
     266
     254
     270
     276
     281
     279
     262
     305
     282
     312
     290
     287
     311
     312
     283
     297
     284
     315
     331
     284
     297
     322
     316
     337
     330
     297
     348
     306
     323
     321
     284
     352
     320
     344
     286
     344
     332
     299
     274
     306
     316
     321
     306
     286
     286
     297
     309
     263
     287
     276
     287
     305
     263
     274
     247
     241
     267
     259
     254
     273
     268
     220
     244
     225
     248
     230
     227
     218
     200
     214
     191
     202
     214
     169
     179
     171
     159
     166
     161
     133
     179
     140
     171
     140
     122
     121
     129
     110
     115
     108
      89
     100
      93
      85
     107
      80
      89
      89
      73
      68
      87
      69
      86
      75
      47
      57
      51
      51
      39
      41
      44
      60
      45
      52
      31
      33
      34
      39
      28
      36
      26
      27
      27
      25
      29
      23
      25
      27
      23
      17
      14
      13
      16
      10
       6
      17
      11
      10
      14
      11
       6
      12
       9
       5
       7
       2
       7
       5
       7
      10
       3
       2
       2
       1
       5
       6
       2
       4
       2
       3
       2
       3
       1
       2
       3
       1
       1
       1
       1
       1
       1
       0
       1
       0
       0
       3
       1
       3
       1
       1
       2
       1
       0
       0
       0
       1
       0
       1
       0
       0
       1
       1
       0
       0
       1
       1
       0
       0
       0
       0
       0
       2
       0
       1
       1
       1
       1
       0
       0
       0
       0
       0
       0
       0
       0
       0
       0
       0
       0
       1
       2
       0
       0
       1
       0
       0
       0
       1
       0
       0
       1
       1
       1
       2
       1
       0
       0
       1
       0
       0
       1
       1
       0
       0
       0
       0
       0
       0
       1
       0
       0
       0
       1
       1
       0
       1
       1
       4
       0
       0
       1
       0
       0
       0
       0
       2
       0
       0
       0
       3
       0
       1
       2
       0
       0
       0
       1
       0
       1
       0
       0
       0
       0
       2
       0
       0
       0
       0
       0
       1
       1
       0
       0
       0
       0
       2
       1
       0
       2
       0
       0
       2
       0
       1
       0
       0
       1
       1
       0
       0
       2
       1
       1
       1
       2
       0
       1
       1
       0
       0
       0
       2
       0
       1
       2
       0
       0
       1
       0
       0
       1
       0
       1
       1
       1
       0
       0
       0
       0
       0
       0
       0
       0
       1
       1
       0
       1
       0
       0
       0
       0
       0
       0
       0
       0
       2
       1
       0
       0
       0
       0
       0
       1
       1
       0
       0
       0
       1
       0
       0
       2
       0
       1
       0
       0
       0
       3
       1
       0
       0
       0
       0
       0
       0
       1
       0
       0
       0
       0
       0
       1
       0
       0
       0
       0
       1
       1
       2
       1
       0
       0
       1
       3
       0
       0
       1
       1
       0
       1
       0
       1
       0
       0
       0
       0
       0
       0
       0
       0
       0
       1
       0
       0
       0
       0
       1
       1
       0
       0
       0
       0
       1
       2
       0
       0
       0
       1
       0
       0
       2
       1
       1
       0
       1
       1
       0
       1
       1
       1
       1
       0
       2
       2
       3
       2
       1
       1
       2
       1
       2
       1
       1
       0
       2
       0
       2
       0
       1
       0
       1
       1
       0
       0
       0
       0
       0
       0
       0
       1
       0
       0
       1
       1
       0
       0
       0
       0
       0
       0
       1
       0
       0
       1
       1
       0
       0
       0
       0
       1
       1
       0
       0
       0
       1
       0
       0
       1
       0
       0
       0
       0
       1
       0
       0
       0
       0
       0
       0
       3
       0
       1
       0
       2
       0
       0
       1
       0
       0
       0
       1
       1
       0
       2
       1
       0
       0
       0
       0
       2
       1
       0
       0
       1
       1
       0
       1
       0
       2
       1
       1
       0
       1
       2
       1
       0
       0
       1
       0
       1
       0
       0
       0
       0
       1
       0
       0
       0
       0
       0
       0
       0
       0
       1
       1
       0
       0
       1
       0
       0
       1
       0
       1
       0
       1
       0
       0
       0
       0
       0
       1
       2
       0
       0
       0
       0
       0
       0
       0
       0
       1
       0
       0
       1
       0
       0
       1
       0
       0
       0
       0
       0
       0
       0
       0
       0
       0
       0
       0
       1
       1
       3
       1
       1
       0
       0
       0
       0
       1
       1
       0
       0
       0
       0
       0
       0
       0
       0
       0
       0
       0
       0
       0
       0
       0
       0
       0
       0
       0
       0
       0
       0
       0
       0
       0
$ROI:
3
162 224
345 375
1304 1586
$PRESETS:
Live Time
1200
0
$ENER_FIT:
0.000000 0.359353
$MCA_CAL:
3
0.000000E+000 3.593530E-001 0.000000E+000 keV
$SHAPE_CAL:
3
0.000000E+000 0.000000E+000 0.000000E+000
