$SPEC_ID:
This is sample 127.
$SPEC_REM:
DET# 1
DETDESC# DIP1456 PCI-Trump SN 253
AP# Maestro Version 7.01
$DATE_MEA:
02/02/2025 17:03:56
$MEAS_TIM:
1200 1235
$DATA:
0 2047
       0
       0
       0
       0
       0
       0
       0
       0
       0
       0
       0
       0
       0
       0
       0
       0
       1
       0
       2
       8
       2
       3
       6
       2
      10
      11
      12
      16
      11
       8
      23
      18
       9
      22
      26
      13
      14
      19
      17
      21
      14
      16
      21
      22
      18
      20
      18
      13
      17
      15
      20
      22
      11
      19
      19
      15
      29
      19
      14
      18
      24
      20
      14
      22
      13
      14
      21
      14
      24
      18
      16
      27
      21
      16
      22
      17
      20
      19
      22
      12
      20
      26
      20
      10
      16
      19
      21
      13
      18
      14
      20
      16
      14
      21
      21
      12
      20
      12
      25
      17
       9
      20
      24
      24
      17
      17
      21
      25
      22
      28
      19
      16
      26
      20
      21
      11
      23
      19
      18
      20
      17
      15
      25
      23
      18
       5
      14
      18
      26
      13
      24
      21
      15
      15
      14
      19
      26
      16
      15
      27
      20
      19
      24
      20
      17
      15
      26
      22
      22
      23
      12
      17
      16
      17
      23
      20
      16
      19
      22
      20
      13
      13
      19
      15
      23
      28
      16
      16
      20
      17
      12
      14
      17
      18
      19
      25
      22
      20
      17
      19
      15
      20
      12
      20
      20
      20
      15
      16
      22
      19
      20
      14
      22
      25
      23
      20
      15
      11
      20
      20
      23
      19
      14
      21
      24
      21
      16
      34
      25
      24
      20
      18
      17
      18
      25
      20
      18
      21
      26
      20
      19
      25
      25
      18
      30
      13
      17
      11
      22
      16
      23
      24
      23
      19
      21
      18
      20
      30
      28
      24
      21
      18
      18
      27
      16
      20
      28
      14
      14
      15
      19
      16
      13
      14
      16
      23
      11
      22
      26
      18
      16
      21
      14
      21
      27
      15
      17
      14
      25
      23
      20
      14
      21
      18
      25
      13
      19
      19
      18
      21
      22
      16
      22
      21
      27
      27
      23
      17
      13
      21
      26
      14
      25
      13
      27
      21
      15
      20
      27
      24
      16
      18
      18
      19
      28
      16
      23
      20
      22
      25
      21
      21
      17
      22
      30
      22
      24
      19
      25
      23
      13
      21
      21
      18
      27
      25
      18
      24
      18
      21
      18
      22
      13
      11
      26
      18
      14
      12
      30
      17
      19
      19
      19
      22
      24
      21
      17
      16
      20
      28
      15
      21
      21
      20
      23
      17
      18
      20
      20
      22
      21
      22
      27
      17
      19
      26
      17
      12
      17
      18
      25
      21
      17
      15
      16
      18
      17
      26
      15
      26
      23
      24
      22
      20
      21
      26
      19
      25
      28
      17
      12
      19
      17
      18
      30
      18
      23
      19
      20
      22
      16
      20
      15
      19
      23
      30
      25
      17
      31
      24
      24
      17
      18
      21
      20
      20
      18
      16
      21
      17
      20
      15
      13
      23
      20
      26
      22
      24
      21
      30
      26
      20
      24
      20
      14
      18
      20
      23
      21
      25
      20
      19
      22
      26
      26
      16
      13
      16
      18
      17
      20
      16
      17
      21
      13
      30
      22
      18
      21
      20
      21
      16
      15
      16
      21
      16
      18
      17
      17
      22
      29
      17
      26
      16
      18
      27
      18
      20
      22
      17
      14
      18
      22
      13
      23
      22
      20
      21
      22
      20
      13
      19
      20
      25
      13
      22
      22
      24
      16
      19
      28
      20
      23
      25
      20
      34
      18
      25
      11
      17
      19
      13
      31
      26
      19
      27
      24
      21
      15
      21
      16
      19
      19
      19
      16
      18
      19
      23
      22
      16
      22
      24
      21
      20
      20
      19
      32
      25
      19
      13
      36
      12
      28
      24
      23
      16
      19
      12
      16
      23
      20
      26
      21
      20
      25
      16
      23
      20
      22
      21
      22
      27
      14
      24
      18
      27
      19
      25
      21
      20
      25
      22
      21
      16
      19
      19
      23
      18
      16
      13
      17
      29
      18
      25
      15
      23
      20
      28
      19
      23
      16
      21
      19
      27
      17
      22
      19
      29
      14
      18
      22
      12
      10
      19
      21
      20
      22
      13
      17
      25
      19
      22
      17
      19
      21
      20
      26
      20
      15
      22
      19
      27
      20
      16
      17
      10
      19
      18
      24
      27
      15
      23
      20
      21
      22
      24
      21
      21
      14
      20
      29
      18
      16
      17
      18
      26
      19
      15
      17
      19
      15
      17
      34
      20
      22
      16
      28
      26
      22
      21
      32
      19
      28
      30
      26
      21
      19
      24
      17
      21
      25
      26
      17
      22
      20
      17
      18
      23
      22
      21
      20
      27
      19
      20
      21
      21
      24
      16
      19
      22
      18
      23
      15
      17
      13
      22
      25
      20
      14
      24
      19
      25
      15
      17
      19
      24
      23
      22
      18
      12
      16
      16
      19
      18
      14
      17
      12
      10
      15
      33
      12
       9
      18
      21
      20
      19
      16
      22
      16
      24
      14
      14
      25
      21
      18
      20
      17
      17
      25
      20
      16
      24
      25
      25
      17
      20
      28
      22
      22
      14
      20
      24
      13
      22
      20
      20
      24
      24
      20
      23
      23
      20
      19
      32
      25
      21
      28
      25
      22
      20
      21
      16
      26
      11
      25
      20
      14
      18
      25
      18
      25
      18
      35
      24
      27
      31
      11
      15
      21
      18
      24
      27
      22
      20
      16
      18
      20
      29
      17
      21
      21
      25
      26
      22
      23
      27
      27
      14
      18
      15
      21
      16
      24
      16
      17
      27
      21
      20
      25
      25
      20
      25
      19
      21
      16
      26
      21
      27
      26
      28
      25
      17
      31
      28
      23
      29
      20
      19
      21
      20
      30
      23
      20
      18
      24
      24
      20
      23
      18
       8
      22
      22
      23
      24
      13
      15
      28
      19
      22
      16
      24
      21
      28
      22
      27
      25
      29
      25
      17
      22
      27
      21
      23
      15
      18
      20
      24
      24
      21
      16
      16
      16
      29
      22
      27
      19
      16
      16
      21
      24
      20
      26
      27
      18
      23
      22
      22
      21
      18
      26
      29
      18
      16
      19
      19
      19
      12
      12
       9
      22
      16
      16
      19
      19
      22
      26
      14
      18
      16
      10
      17
      15
      12
      11
      10
      18
      10
      11
      14
      13
      17
      15
      14
      21
      13
      10
      12
      13
      15
      16
      17
      13
      10
       9
       9
      11
      13
      11
      14
      15
       7
       9
      12
       4
      12
      10
       8
       9
      10
       9
       7
       9
       9
       7
       3
       6
       4
       7
       9
       6
       5
       0
       5
       5
       5
       5
       6
       5
      12
       5
       6
       2
       4
       7
       3
       5
       8
       7
       4
       3
       2
      10
       8
       5
       0
       5
       1
       8
       5
       3
       3
       4
       3
       3
       2
       2
       3
       2
       7
       5
       1
       3
       4
       5
       0
      12
       4
       2
       4
       5
       8
       3
       7
       4
       1
       3
       3
       2
       5
       2
       7
       3
       7
       4
       2
       2
       2
       2
       3
       4
       2
       6
       2
       2
       1
       7
       5
       2
       3
       2
       2
       3
       2
       2
       3
       1
       1
       5
       3
       3
       5
       3
       6
       2
       0
       1
       4
       3
       2
       3
       2
       4
       3
       1
       1
       3
       2
       4
       3
       3
       1
       4
       4
       1
       2
       3
       1
       3
       2
       1
       2
       3
       3
       3
       0
       6
       3
       4
       3
       1
       3
       0
       1
       1
       0
       1
       0
       3
       4
       1
       1
       1
       0
       2
       0
       4
       2
       1
       4
       3
       2
       0
       2
       2
       5
       0
       4
       0
       3
       4
       1
       0
       0
       2
       3
       4
       2
       1
       1
       2
       4
       4
       6
       0
       3
       1
       2
       4
       4
       1
       3
       1
       3
       1
       1
       0
       1
       3
       0
       2
       1
       3
       1
       3
       0
       1
       1
       0
       1
       2
       1
       1
       0
       1
       1
       3
       1
       2
       6
       0
       1
       0
       3
       4
       0
       2
       1
       2
       2
       1
       1
       2
       1
       1
       0
       2
       2
       0
       1
       4
       3
       1
       0
       2
       2
       1
       1
       0
       1
       3
       2
       0
       2
       0
       2
       0
       0
       3
       3
       0
       0
       1
       2
       0
       2
       0
       2
       1
       5
       1
       2
       2
       1
       2
       1
       1
       1
       2
       4
       4
       3
       2
       0
       1
       0
       4
       3
       1
       1
       1
       4
       3
       5
       0
       0
       5
       2
       1
       0
       1
       1
       0
       1
       0
       0
       3
       3
       0
       1
       0
       4
       0
       1
       1
       5
       1
       1
       0
       2
       5
       0
       3
       5
       2
       2
       4
       4
       4
       2
       2
       2
       1
       4
       2
      12
       5
       8
       4
       5
       4
       3
       0
       6
       8
       3
       7
       4
      16
       5
       5
      11
      15
      19
      15
      13
      10
      11
      13
      20
      15
      14
      24
      27
      22
      12
      17
      19
      30
      31
      26
      22
      29
      29
      48
      35
      38
      40
      44
      45
      51
      58
      40
      43
      57
      54
      71
      63
      41
      72
      66
      84
      63
      86
      71
      81
     105
     103
      98
      96
      95
      97
     113
     119
     117
     121
     126
     132
     132
     121
     137
     142
     158
     166
     159
     169
     177
     165
     151
     155
     172
     211
     172
     181
     200
     210
     228
     230
     198
     231
     190
     239
     233
     249
     257
     260
     229
     250
     291
     266
     288
     266
     280
     274
     297
     291
     280
     271
     288
     282
     277
     332
     291
     314
     309
     278
     315
     298
     331
     310
     311
     337
     312
     305
     322
     288
     357
     317
     285
     353
     333
     322
     306
     333
     281
     318
     276
     275
     303
     295
     318
     261
     279
     281
     284
     317
     275
     283
     261
     265
     265
     269
     230
     237
     266
     237
     253
     235
     227
     204
     239
     213
     189
     214
     211
     196
     186
     188
     201
     177
     180
     187
     157
     179
     163
     152
     157
     165
     128
     143
     151
     123
     147
     123
     122
     131
     119
      92
      89
     101
      75
      97
      89
      93
      89
      74
      99
      71
      80
      89
      60
      51
      53
      63
      53
      52
      50
      35
      44
      61
      45
      43
      33
      36
      38
      44
      31
      28
      26
      20
      19
      21
      22
      16
      21
      19
      20
      17
      19
      20
      11
      15
      13
      10
      14
      10
      12
       8
      10
       8
      10
       8
       3
       5
      10
       4
       4
       3
       6
       7
       2
       2
       4
       4
       4
       2
       3
       3
       0
       1
       0
       2
       1
       3
       0
       0
       5
       2
       3
       1
       2
       0
       0
       0
       2
       1
       1
       0
       0
       0
       1
       1
       1
       0
       1
       1
       0
       0
       0
       0
       1
       0
       0
       1
       1
       0
       0
       0
       2
       0
       2
       1
       1
       1
       0
       0
       1
       1
       1
       0
       0
       0
       0
       1
       0
       0
       0
       0
       0
       0
       0
       1
       0
       0
       0
       0
       0
       2
       1
       1
       1
       0
       0
       0
       0
       1
       0
       1
       0
       0
       1
       1
       0
       1
       0
       0
       2
       1
       0
       1
       0
       1
       0
       1
       0
       1
       0
       0
       1
       0
       2
       1
       1
       1
       2
       2
       3
       0
       1
       0
       1
       0
       0
       0
       1
       1
       1
       0
       0
       0
       1
       1
       1
       0
       0
       1
       0
       0
       1
       0
       3
       0
       0
       1
       0
       1
       0
       0
       0
       0
       1
       0
       0
       1
       1
       0
       0
       1
       1
       0
       1
       2
       1
       0
       0
       1
       0
       0
       0
       0
       0
       0
       1
       0
       0
       0
       1
       0
       0
       1
       0
       0
       1
       1
       0
       0
       1
       0
       0
       1
       0
       1
       0
       1
       0
       0
       0
       0
       0
       1
       1
       1
       0
       0
       0
       1
       3
       0
       0
       0
       0
       1
       1
       1
       1
       0
       2
       0
       0
       0
       0
       3
       0
       1
       1
       0
       1
       0
       1
       0
       0
       0
       1
       1
       0
       0
       1
       0
       0
       0
       0
       1
       0
       0
       1
       1
       0
       0
       1
       0
       1
       0
       0
       0
       3
       0
       0
       3
       0
       0
       1
       0
       0
       2
       0
       0
       0
       0
       0
       0
       1
       1
       0
       1
       0
       0
       1
       0
       1
       0
       1
       0
       0
       2
       0
       0
       0
       1
       1
       0
       0
       1
       0
       1
       0
       0
       4
       1
       1
       2
       1
       1
       2
       0
       2
       1
       1
       0
       0
       1
       0
       1
       0
       0
       0
       3
       1
       0
       1
       0
       0
       0
       0
       0
       0
       0
       1
       0
       1
       0
       0
       0
       0
       0
       0
       1
       0
       1
       1
       0
       1
       0
       0
       0
       1
       0
       0
       1
       1
       1
       0
       0
       0
       0
       0
       0
       0
       0
       0
       0
       1
       0
       0
       1
       0
       0
       0
       1
       1
       0
       0
       0
       1
       0
       0
       0
       1
       2
       0
       3
       0
       1
       2
       0
       0
       0
       1
       1
       0
       1
       0
       0
       0
       1
       0
       0
       0
       0
       0
       2
       0
       0
       1
       0
       0
       0
       0
       0
       1
       0
       0
       0
       0
       1
       0
       0
       0
       0
       0
       1
       0
       0
       1
       0
       0
       1
       0
       0
       0
       0
       0
       0
       0
       0
       0
       0
       0
       2
       0
       0
       0
       0
       0
       0
       0
       0
       0
       0
       0
       1
       0
       0
       1
       1
       1
       0
       0
       1
       1
       2
       0
       0
       0
       0
       0
       0
       0
       0
       2
       0
       0
       0
       1
       0
       0
       0
       0
       0
       0
       0
       0
       0
       0
       0
       0
       0
       1
       0
       0
       0
       0
       0
       0
       0
       0
       0
       0
       0
       0
$ROI:
3
162 224
345 375
1304 1586
$PRESETS:
Live Time
1200
0
$ENER_FIT:
0.000000 0.359353
$MCA_CAL:
3
0.000000E+000 3.593530E-001 0.000000E+000 keV
$SHAPE_CAL:
3
0.000000E+000 0.000000E+000 0.000000E+000
