$SPEC_ID:
This is sample 236.
$SPEC_REM:
DET# 1
DETDESC# DIP1456 PCI-Trump SN 253
AP# Maestro Version 7.01
$DATE_MEA:
02/04/2025 09:29:25
$MEAS_TIM:
1200 1235
$DATA:
0 2047
       0
       0
       0
       0
       0
       0
       0
       0
       0
       0
       0
       0
       0
       0
       0
       0
       0
       3
       4
       6
       4
       3
       6
       6
       5
       5
       7
      12
      14
      14
      18
      17
      12
      14
      18
      16
      18
      12
      20
      10
      12
      13
      21
      19
      19
      20
      19
      17
      19
      13
      17
      11
      16
      16
      17
      18
      17
      15
      13
      12
      18
      18
      23
      13
      28
      19
      12
      19
      22
      16
      23
      14
      26
      13
      25
      13
       9
      18
      16
      23
      20
      21
      18
      23
      13
      18
       8
      24
      20
      13
      17
      17
      22
      16
      26
      15
      18
      21
      27
      21
      12
      22
      18
      19
      19
      23
      16
      21
      18
      13
      23
      14
      22
      18
      16
      23
      27
      21
      20
      23
      30
      23
      13
      26
      16
      18
      19
      22
      19
      13
      19
      20
      17
      20
      19
      17
      25
      18
      19
      13
      16
      21
      20
      15
      19
      18
      23
      25
      26
      18
      17
      27
      20
      21
      15
      20
      18
      11
      18
      22
      15
      21
      20
      11
      15
      20
      22
      20
      21
      22
      23
      14
      20
      15
      17
      17
      27
      23
      15
      17
      17
      13
      22
      15
      22
      20
      17
      16
      14
      23
      15
      18
      19
      23
      22
      11
      19
      17
      21
      13
      22
      22
      25
      21
      20
      22
      20
      13
      21
      21
      27
      12
      23
      22
      20
      18
      18
      32
      26
      23
      23
      14
      22
      27
      17
      15
      31
      18
      30
      22
      19
      19
      16
      19
      29
      20
      22
      21
      18
      18
      26
      16
      21
      26
      27
      23
      23
      10
      14
      20
      27
      25
      16
      19
      14
      27
      29
      19
      18
      17
      20
      25
      24
      19
      16
      25
      20
      18
      20
      22
      28
      21
      15
      14
      20
      19
      20
      15
      22
      23
      31
      22
      20
      24
      19
      21
      24
      13
      17
      23
      20
      26
      24
      19
      20
      19
      24
      20
      16
      20
      12
      15
      17
      24
      13
      23
      22
      26
      18
      23
      22
      11
      13
      25
      28
      19
      19
      18
      19
      14
      22
      20
      18
      19
      23
      21
      18
      27
      11
      24
      21
      22
      16
      10
      15
      25
      28
      14
      21
      21
      19
      24
      15
      20
      24
      22
      21
      18
      19
      21
      21
      12
      24
      25
      16
      20
      23
      19
      20
      18
      22
      19
      18
      25
      25
      19
      17
      19
      24
      16
      13
      19
      18
      17
      13
      17
      18
      15
      21
      18
      20
      17
      23
      24
      18
      23
      23
      23
      26
      20
      22
      24
      17
      23
      26
      22
      24
      27
      15
      29
      21
      17
      15
      15
      19
      18
      16
      22
      18
      25
      24
      22
      23
      26
      18
      21
      18
      21
      22
      18
      28
      21
      18
      14
      19
      19
      15
      13
      16
      21
      24
      22
      23
      21
      24
      16
      19
      19
      24
      16
      27
      24
      22
      24
      16
      25
      14
      18
      24
      17
      17
      25
      21
      21
      16
      18
      19
      22
      12
      20
      24
      17
      18
      26
      23
      26
      15
      15
      32
      27
      20
      27
      21
      15
      31
      17
      21
      22
      20
      23
      20
      26
      13
      22
      20
      15
      29
      22
      24
      23
      28
      26
      27
      26
      26
      17
      22
      19
      24
      22
      24
      24
      22
      26
      22
      21
      17
      22
      28
      25
      26
      14
      27
      22
      24
      21
      22
      20
      27
      30
      23
      21
      13
      20
      25
      26
      20
      30
      19
      18
      31
      16
      25
      22
      17
      21
      20
      24
      25
      23
      23
      24
      20
      21
      18
      29
      27
      14
      20
      22
      22
      18
      28
      21
      18
      22
      23
      20
      25
      12
      17
      20
      21
      15
      16
      15
      15
      22
      26
      24
      21
      15
      29
      16
      11
      17
      26
      26
      26
      24
      28
      12
      19
      25
      25
      24
      20
      26
      24
      27
      14
      23
      22
      14
      19
      26
      18
      20
      18
      17
      20
      16
      26
      24
      19
      17
      29
      11
      32
      21
      15
      16
      22
      24
      20
      14
      17
      21
      17
      19
      16
      15
      24
      16
      16
      16
      22
      21
      21
      19
      24
      27
      16
      13
      10
      17
      14
      21
      26
      23
      29
      17
      12
      18
      22
      12
      22
      21
      25
      14
      23
      24
      21
      19
      19
      21
      21
      17
      19
      28
      10
      15
      16
      16
      16
      25
      15
      21
      21
      25
      22
      14
      20
      17
      19
      21
      19
      20
      18
      23
      24
      18
      14
      17
      20
      28
      21
      23
      17
      12
      23
      20
      21
      21
      24
      23
      20
      20
      26
      22
      18
      18
      15
      23
      14
      18
      18
      16
      15
      21
      17
      15
      22
      21
      18
      24
      15
      21
      17
      25
      16
      16
      23
      12
      17
      18
      22
      16
      21
      22
      20
      20
      27
      20
      25
      15
      18
      17
      22
      27
      25
      15
      21
      13
      28
      17
      20
      20
      23
      17
      22
      27
      22
      19
      19
      21
      25
      22
      25
      19
      18
      16
      15
      21
      22
      21
      16
      20
      29
      18
      23
      22
      17
      18
      23
      20
      23
      24
      12
      25
      13
      29
      17
      17
      17
      22
      22
      27
      23
      27
      15
      23
      13
      26
      25
      34
      23
      22
      27
      18
      21
      22
      25
      23
      24
      17
      13
      14
      24
      21
      20
      23
      13
      17
      32
      23
      23
      22
      21
      24
      27
      26
      23
      28
      27
      17
      22
      30
      23
      25
      27
      24
      21
      20
      31
      19
      18
      19
      21
      29
      31
      24
      19
      19
      25
      28
      34
      29
      22
      13
      29
      19
      19
      24
      18
      20
      33
      21
      14
      21
      20
      25
      27
      19
      16
      17
      14
      20
      29
      19
      24
      22
      21
      22
      17
      24
      13
      16
      23
      28
      26
      20
      16
      21
      21
      22
      19
      15
      21
      23
      22
      22
      27
      27
      21
      13
      20
      28
      18
      22
      25
      14
      26
      18
      31
      27
      23
      19
      17
      17
      16
      20
      15
      17
      15
      25
      15
      15
      19
      15
      13
      14
      17
      14
      14
      15
      22
      19
      10
      10
      15
      14
      14
       8
      16
      14
      14
      10
      11
       3
      15
      14
       8
      12
      11
       7
      12
      10
      12
      10
       7
       9
       5
       9
      10
      11
      17
       9
       9
       6
       4
       4
       3
      10
       6
      10
       7
       9
      12
       8
       6
       9
       8
       5
       7
       7
       5
       3
       7
       7
       6
       5
       8
       8
       7
       6
       5
       2
       6
       2
       4
       5
       7
       6
       5
       2
       7
       8
       4
       5
       7
       6
       5
       6
       8
       6
       8
       1
       6
       2
       8
       6
       5
       2
       3
       2
       4
       4
       2
       2
       3
       5
       5
       6
       4
       3
       4
       1
       2
       2
       5
       3
       3
       5
       5
       3
       8
       5
       4
       2
       7
       5
       5
       1
       4
       2
       3
       3
       2
       3
       5
       2
       5
       5
       4
       5
       0
       5
       1
       1
       5
       6
       2
       3
       0
       2
       3
       4
       4
       3
       4
       0
       1
       3
       2
       2
       3
       1
       1
       2
       2
       1
       2
       1
       4
       2
       0
       2
       1
       1
       1
       2
       4
       1
       3
       1
       2
       1
       3
       1
       3
       1
       2
       3
       3
       3
       0
       1
       3
       1
       2
       2
       1
       2
       3
       1
       1
       4
       3
       3
       2
       4
       2
       2
       2
       3
       0
       0
       1
       2
       2
       1
       2
       2
       0
       2
       1
       2
       1
       4
       1
       2
       2
       4
       1
       2
       2
       5
       2
       4
       2
       1
       1
       4
       1
       0
       3
       3
       2
       2
       1
       3
       3
       2
       0
       1
       2
       1
       1
       1
       1
       0
       1
       1
       3
       3
       6
       1
       2
       3
       0
       2
       2
       0
       3
       1
       3
       3
       3
       3
       0
       0
       2
       1
       1
       1
       2
       1
       2
       1
       1
       1
       6
       3
       3
       4
       3
       3
       0
       3
       2
       1
       5
       4
       1
       3
       1
       2
       0
       1
       1
       7
       0
       2
       3
       1
       4
       1
       1
       3
       4
       1
       2
       2
       2
       3
       1
       1
       1
       2
       1
       2
       1
       0
       1
       2
       1
       0
       2
       1
       0
       5
       1
       1
       2
       1
       1
       1
       2
       0
       1
       0
       0
       0
       1
       3
       3
       3
       3
       1
       1
       1
       1
       2
       0
       2
       3
       3
       3
       5
       2
       4
       1
       2
       6
       4
       5
       5
       2
       1
       2
       5
       6
       2
       2
       2
       4
       4
       4
       7
       6
       5
       0
       3
       8
      10
       3
       7
       4
       7
      10
      17
      13
      21
       9
      17
      17
      13
      13
      18
      12
      19
      15
      21
      24
      19
      17
      34
      26
      31
      30
      21
      41
      38
      33
      55
      49
      48
      39
      47
      61
      45
      59
      56
      51
      57
      74
      57
      83
      76
      66
      77
      75
      67
      97
      82
      99
      88
      87
     112
      88
      97
     124
     117
     111
     136
     122
     116
     128
     158
     154
     155
     169
     150
     148
     179
     181
     187
     189
     190
     193
     199
     238
     218
     209
     214
     181
     223
     207
     210
     204
     237
     234
     261
     236
     258
     260
     244
     272
     253
     286
     294
     274
     307
     278
     293
     282
     287
     240
     316
     294
     276
     336
     325
     332
     269
     315
     296
     328
     314
     285
     323
     302
     328
     301
     350
     304
     315
     314
     306
     321
     321
     313
     310
     334
     317
     306
     312
     332
     298
     291
     294
     288
     278
     293
     298
     256
     291
     275
     282
     238
     257
     227
     255
     251
     241
     239
     267
     227
     226
     223
     189
     231
     225
     183
     207
     182
     204
     181
     143
     157
     147
     160
     162
     163
     164
     163
     149
     132
     113
     114
     122
     144
     114
     111
     140
     108
      99
      98
      76
      99
      79
      74
      71
      82
      84
      80
      69
      62
      54
      68
      54
      41
      50
      50
      57
      54
      42
      54
      39
      45
      44
      31
      34
      31
      27
      39
      21
      23
      17
      14
      25
      18
      22
      13
      27
      19
       6
      17
      12
      14
      14
      13
       9
       6
       7
       4
       7
       7
      11
       6
       8
       7
       5
       2
       5
       0
       4
       1
       2
       3
       4
       1
       1
       1
       5
       7
       3
       4
       3
       1
       3
       1
       3
       1
       0
       1
       2
       0
       2
       2
       2
       1
       0
       2
       0
       0
       2
       3
       0
       1
       0
       3
       1
       1
       0
       0
       0
       0
       0
       0
       0
       3
       1
       0
       0
       1
       0
       0
       0
       0
       1
       1
       0
       4
       0
       0
       1
       0
       0
       2
       0
       0
       0
       3
       0
       1
       1
       1
       1
       0
       0
       0
       3
       2
       0
       1
       0
       0
       2
       0
       0
       1
       1
       2
       1
       0
       0
       0
       0
       2
       0
       0
       0
       1
       0
       0
       0
       2
       0
       1
       1
       0
       1
       0
       0
       0
       0
       1
       1
       2
       2
       0
       1
       1
       1
       0
       1
       1
       0
       1
       0
       0
       1
       1
       0
       0
       0
       0
       0
       0
       0
       2
       1
       1
       0
       2
       2
       1
       0
       0
       0
       0
       1
       1
       0
       0
       1
       1
       1
       0
       0
       1
       0
       1
       2
       1
       0
       0
       0
       0
       1
       0
       1
       2
       0
       0
       0
       0
       0
       0
       0
       1
       0
       0
       1
       0
       0
       0
       0
       0
       0
       0
       0
       0
       1
       1
       0
       1
       0
       1
       1
       2
       0
       2
       2
       1
       0
       0
       0
       1
       0
       0
       1
       0
       1
       0
       2
       0
       1
       1
       1
       1
       0
       0
       0
       0
       1
       0
       0
       1
       2
       0
       1
       1
       1
       1
       0
       0
       0
       1
       0
       0
       0
       0
       0
       1
       1
       0
       1
       0
       0
       0
       1
       0
       1
       0
       0
       0
       0
       0
       1
       2
       0
       0
       0
       0
       0
       0
       3
       1
       0
       1
       1
       1
       0
       0
       0
       2
       1
       0
       1
       0
       1
       0
       0
       0
       1
       0
       0
       0
       0
       1
       0
       0
       0
       0
       1
       0
       0
       1
       0
       1
       0
       0
       1
       0
       1
       1
       1
       0
       0
       0
       0
       0
       1
       0
       0
       0
       0
       0
       1
       1
       1
       0
       0
       0
       0
       0
       1
       0
       0
       0
       0
       0
       0
       0
       2
       1
       0
       0
       0
       0
       0
       1
       0
       0
       0
       2
       0
       0
       0
       0
       1
       1
       1
       0
       1
       0
       0
       0
       0
       0
       0
       1
       1
       0
       1
       1
       0
       0
       1
       0
       0
       0
       1
       1
       1
       1
       0
       0
       0
       0
       1
       0
       0
       0
       0
       0
       0
       0
       1
       0
       0
       1
       1
       0
       0
       0
       0
       0
       0
       0
       0
       1
       0
       0
       0
       1
       1
       0
       0
       1
       1
       0
       1
       1
       1
       2
       1
       0
       1
       1
       1
       0
       0
       0
       0
       0
       0
       0
       0
       1
       0
       0
       0
       0
       0
       1
       0
       0
       0
       0
       1
       0
       0
       0
       0
       0
       0
       1
       1
       1
       0
       0
       0
       0
       0
       1
       0
       0
       0
       1
       0
       0
       0
       2
       1
       0
       2
       0
       1
       0
       0
       1
       0
       0
       0
       1
       0
       0
       0
       0
       0
       1
       0
       1
       0
       0
       0
       1
       0
       0
       0
       0
       0
       0
       0
       0
       0
       0
       0
       0
       0
       0
       0
       0
       0
$ROI:
3
162 224
345 375
1304 1586
$PRESETS:
Live Time
1200
0
$ENER_FIT:
0.000000 0.359353
$MCA_CAL:
3
0.000000E+000 3.593530E-001 0.000000E+000 keV
$SHAPE_CAL:
3
0.000000E+000 0.000000E+000 0.000000E+000
