$SPEC_ID:
This is sample 008.
$SPEC_REM:
DET# 1
DETDESC# DIP1456 PCI-Trump SN 253
AP# Maestro Version 7.01
$DATE_MEA:
01/31/2025 20:55:48
$MEAS_TIM:
1200 1235
$DATA:
0 2047
       0
       0
       0
       0
       0
       0
       0
       0
       0
       0
       0
       0
       0
       0
       0
       0
       0
       1
       3
       4
       2
       3
       6
       5
       8
       9
       8
      15
      10
       8
      16
      16
      14
      14
      17
      21
      17
      12
      11
      20
      15
      27
      18
      20
      16
      19
      25
      16
      17
      22
      15
      14
      19
      22
      12
      23
      26
      17
      19
      21
      22
      18
      14
      20
      14
      17
      16
      20
      16
      15
      20
      15
      13
      15
      18
      17
      21
      17
      10
      14
      20
      16
      11
      12
      19
      21
      11
      19
      16
      19
      23
      10
      16
      21
      32
      20
      17
      21
      17
      21
      15
      22
      21
      16
      21
      16
      12
      23
      20
      17
      18
      18
      20
      21
      19
      16
      19
      18
      20
      14
      20
      20
      31
      12
      22
      22
      17
      14
      27
      19
      15
      23
      20
      21
      27
      18
      17
       8
      11
      28
      16
      22
      15
      23
      19
      19
      16
      14
      21
      20
      20
      18
      17
      15
      23
      19
      20
      19
      25
      12
      14
      26
      23
      22
      31
      36
      14
      19
      21
      19
      13
      19
      19
      22
      21
      19
      19
      14
      29
      24
      20
      19
      15
      18
      14
      21
      21
      14
      20
      33
      17
      14
      11
      20
      22
      17
      22
      15
      21
      23
      22
      20
      16
      22
      19
      13
      24
      24
      21
      28
      23
      12
      21
      24
      22
      21
      17
      21
      18
      20
      22
      23
      24
      12
      18
      30
      23
      19
      15
      16
      22
      17
      21
      24
      14
      34
      18
      19
      22
      18
      28
      20
      20
      19
      15
      23
      22
      20
      18
      22
      17
      17
      16
      16
      16
      24
      17
      20
      26
      25
      19
      16
      19
      22
      25
      23
      19
      16
      21
      16
      21
      25
      28
      27
      27
      17
      15
      15
      18
      23
      26
      21
      22
      22
      23
      13
      24
      23
      16
      17
      17
      22
      18
      26
      19
      21
      15
      16
      11
      15
      20
      18
      17
      16
      21
      15
      28
      22
      16
      18
      24
      21
      15
      16
      24
      11
      24
      33
      25
      20
      22
      18
      20
      26
      24
      19
      26
      25
      16
      43
      23
      28
      23
      15
      16
      17
      23
      25
      26
      20
      22
      15
       9
      21
      22
      18
      21
      18
      24
      22
      18
      17
      30
      18
      24
      18
      21
      13
      20
      19
      15
      23
      20
      14
      15
      16
      16
      19
      18
      17
      24
      23
      24
      18
      15
      29
      29
      18
      22
      18
      14
      13
      20
      18
      25
      22
      32
      16
      14
      22
      17
      20
      25
      27
      22
       9
      16
      20
      18
      21
      10
      12
      25
      25
      22
      18
      19
      23
      24
      19
      28
      13
      19
      25
      22
      32
      17
      23
      28
      18
      22
      25
      17
      23
      16
      24
      20
      24
      22
      25
      23
      14
      15
      26
      30
      22
      24
      23
      17
      22
      16
      23
      15
      15
      19
      23
      18
      16
      21
      13
      25
      16
      18
      29
      15
      19
      22
      23
      21
      20
      20
      22
      22
      22
      21
      23
      24
      19
      17
      23
      20
      20
      23
      24
      22
      20
      25
      14
      14
      27
      23
      34
      21
      18
      23
      20
      28
      15
      28
      22
      21
      21
      24
      22
      15
      26
      20
      17
      17
      21
      27
      21
      14
      25
      24
      17
      23
      34
       9
      21
      24
      22
      20
      20
      26
      18
      19
      24
      15
      20
      24
      17
      29
      21
      15
      21
      15
      18
      31
      20
      24
      16
      28
      25
      26
      17
      28
      19
      31
      18
      28
      25
      23
      25
      26
      18
      15
      28
      20
      22
      18
      21
      26
      19
      21
      18
      21
      21
      19
      26
      27
      17
      27
      21
      25
      20
      25
      21
      15
      23
      22
      27
      24
      16
      24
      29
      22
      18
      22
      14
      25
      23
      19
      26
      18
      18
      19
      21
      28
      24
      33
      22
      19
      22
      25
      22
      27
      16
      21
      24
      16
      27
      23
      18
      22
      12
      21
      19
      21
      22
      19
      24
      28
      25
      26
      18
      26
      23
      22
      18
      27
      22
      26
      23
      11
      17
      14
      19
      20
      29
      24
      22
      21
      24
      26
       9
      21
      19
      17
      17
      30
      18
      24
      23
      21
      21
      27
      14
      19
      16
      20
      15
      16
      10
      28
      21
      17
      22
      16
      24
      13
      18
      21
      25
      18
      21
      17
       9
      22
      14
      20
      13
      18
      19
      25
      17
      24
      21
      25
      25
      26
      27
      19
      15
      15
      18
      24
      15
      23
      18
      17
      20
      17
      20
      23
      18
      20
      25
      26
      20
      18
      29
      18
      12
      22
      25
      18
      22
      13
      23
      21
      15
      22
      15
      22
      25
      25
      10
      20
      19
      24
      26
      20
      14
      22
      21
      17
      24
      15
      23
      18
      15
      16
      31
      25
      16
      24
      23
      19
      20
      21
      20
      21
      20
      19
      24
      25
      20
      21
      17
      15
      19
      24
      16
      19
      18
      24
      24
      18
      16
      15
      24
       8
      10
      23
      15
      27
      27
      27
      19
      22
      32
      23
      26
      20
      20
      19
      23
      26
      24
      20
      15
      18
      27
      21
      19
      21
      18
      24
      17
      19
      16
      21
      14
      18
      18
      18
      22
      22
      26
      15
      16
      25
      22
      27
      19
      11
      31
      29
      24
      23
      26
      20
      27
      19
      17
      26
      16
      29
      27
      20
      23
      24
      20
      21
      30
      24
      15
      14
      18
      28
      23
      16
      21
      20
      32
      19
      25
      23
      25
       9
      13
      16
      27
      20
      16
      24
      28
      22
      21
      13
      17
      13
      27
      14
      23
      15
      22
      20
      23
      20
      33
      17
      21
      22
      21
      13
      27
      17
      22
      25
      34
      20
      24
      29
      30
      30
      24
      25
      28
      19
      28
      19
      28
      28
      18
      19
      17
      16
      24
      25
      22
      28
      19
      23
      15
      22
      20
      22
      14
      21
      21
      24
      22
      16
      22
      17
      20
      22
      10
      30
      21
      20
      14
      22
      24
      15
      22
      24
      22
      21
      23
      18
      19
      20
      12
      17
      15
       5
       8
      10
      16
      12
      16
      15
      14
      13
      10
      13
      11
      10
      12
      16
      12
      11
       9
       5
       6
       6
      14
      14
      14
      10
      10
      12
       8
       9
      12
       6
      14
      12
       7
       9
       6
       9
       9
       6
      10
       4
       3
       9
       6
       5
       7
      12
       7
       4
       8
       7
       4
       6
       4
       1
       5
       5
       8
       4
       8
       6
      10
       9
       5
       6
       3
       8
       9
       6
       7
       5
       6
       6
       3
       5
       2
       1
       4
       3
       3
       5
       3
       4
       7
       4
       5
       1
       7
       9
       3
       5
       3
       1
       5
       5
       3
       4
       6
       5
       4
       6
       6
       1
       6
       3
       2
       4
       5
       3
       2
       6
       3
       3
       7
       5
       7
       6
       4
       3
       2
       5
       2
       4
       3
       2
       2
       2
       5
       6
       4
       4
       3
       2
       7
       2
       3
       0
       3
       0
       3
       1
       1
       1
       0
       1
       5
       2
       3
       2
       0
       1
       2
       3
       5
       0
       3
       3
       1
       2
       2
       1
       2
       2
       2
       3
       4
       0
       2
       1
       4
       4
       1
       2
       2
       3
       1
       3
       2
       3
       2
       1
       2
       1
       3
       2
       2
       3
       3
       3
       0
       2
       5
       4
       2
       2
       1
       2
       1
       3
       2
       1
       4
       2
       1
       3
       1
       6
       1
       1
       1
       1
       4
       1
       0
       0
       1
       1
       4
       4
       1
       1
       1
       3
       2
       5
       5
       3
       0
       3
       1
       1
       1
       1
       2
       2
       2
       2
       2
       2
       0
       2
       2
       3
       1
       0
       6
       2
       0
       2
       3
       1
       2
       1
       4
       3
       2
       1
       2
       3
       1
       2
       3
       1
       2
       1
       1
       3
       4
       0
       1
       2
       1
       1
       2
       1
       0
       3
       2
       3
       2
       1
       0
       2
       1
       0
       1
       0
       2
       1
       3
       2
       4
       2
       2
       4
       1
       1
       5
       1
       0
       4
       2
       3
       0
       2
       3
       1
       2
       4
       0
       2
       0
       5
       4
       5
       3
       3
       2
       2
       1
       1
       0
       1
       1
       1
       2
       4
       1
       0
       2
       4
       0
       3
       1
       0
       3
       5
       1
       2
       1
       3
       1
       1
       1
       1
       1
       2
       3
       4
       1
       0
       3
       5
       2
       1
       2
       2
       2
       3
       3
       3
       3
       5
       2
       4
       6
       3
       3
       3
       6
       1
       4
       4
       3
       4
       5
       6
       4
       6
      12
      10
       7
       7
      10
      10
       5
      19
       7
      23
      20
      10
      14
      11
      17
      11
      16
      24
      22
      34
      22
      18
      32
      30
      24
      31
      35
      36
      37
      49
      42
      31
      35
      44
      42
      51
      47
      53
      46
      66
      53
      62
      72
      78
      63
      75
      80
      66
      90
      83
      89
      99
     101
      93
      89
      99
     111
      91
      98
     128
     130
     137
     136
     118
     144
     164
     150
     169
     143
     150
     171
     193
     163
     190
     201
     178
     199
     196
     191
     203
     231
     218
     211
     237
     249
     273
     246
     239
     187
     254
     258
     247
     235
     267
     245
     244
     275
     285
     284
     285
     310
     323
     251
     296
     295
     310
     299
     299
     315
     280
     348
     292
     305
     304
     302
     320
     322
     366
     318
     338
     325
     351
     301
     346
     322
     366
     298
     312
     327
     330
     305
     333
     334
     318
     322
     331
     348
     265
     246
     311
     265
     247
     279
     274
     271
     258
     255
     250
     258
     245
     243
     243
     255
     224
     230
     233
     223
     212
     219
     212
     204
     201
     177
     165
     182
     173
     152
     179
     156
     150
     147
     154
     149
     151
     134
     140
     143
     128
     110
     133
     118
      99
      96
     108
      92
     102
      79
      86
      65
      75
      83
      74
      65
      60
      77
      65
      54
      56
      47
      49
      66
      44
      56
      29
      42
      43
      27
      33
      27
      28
      28
      35
      32
      22
      26
      15
      13
      19
      23
      20
      18
      17
      13
      12
      11
      12
      14
      19
       9
      14
       9
       7
       7
      10
       8
       9
       6
       6
       4
       4
       5
      10
       5
       4
       1
       6
       6
       2
       3
       4
       1
       2
       2
       1
       1
       2
       1
       0
       2
       0
       1
       0
       1
       1
       2
       0
       0
       1
       1
       0
       1
       0
       2
       0
       0
       1
       0
       0
       0
       1
       1
       0
       1
       0
       2
       1
       1
       0
       0
       1
       1
       1
       2
       1
       0
       0
       0
       2
       2
       2
       1
       1
       0
       1
       1
       0
       1
       0
       1
       0
       1
       0
       0
       0
       0
       0
       1
       0
       0
       0
       0
       0
       0
       0
       1
       0
       0
       0
       1
       0
       1
       0
       0
       0
       0
       0
       2
       0
       2
       0
       0
       2
       0
       0
       0
       1
       2
       1
       1
       1
       0
       1
       1
       1
       0
       0
       0
       0
       1
       0
       0
       2
       1
       1
       1
       2
       0
       0
       0
       0
       0
       0
       0
       0
       0
       0
       0
       1
       1
       1
       1
       0
       0
       0
       0
       0
       3
       1
       1
       0
       0
       1
       2
       0
       0
       0
       0
       0
       2
       0
       0
       2
       0
       0
       0
       2
       1
       0
       0
       1
       0
       0
       0
       0
       0
       2
       0
       2
       0
       0
       0
       0
       0
       0
       1
       0
       0
       1
       0
       3
       1
       0
       0
       1
       0
       0
       2
       1
       0
       0
       0
       0
       1
       0
       1
       0
       1
       0
       2
       2
       0
       1
       1
       0
       0
       1
       0
       1
       1
       0
       1
       0
       1
       0
       0
       0
       0
       0
       0
       0
       1
       0
       0
       0
       0
       1
       0
       0
       1
       0
       0
       0
       0
       0
       0
       1
       3
       0
       0
       0
       1
       1
       0
       1
       0
       2
       0
       1
       0
       1
       1
       1
       2
       0
       0
       0
       0
       0
       0
       0
       0
       1
       1
       0
       1
       0
       0
       0
       0
       1
       0
       0
       0
       0
       1
       1
       0
       2
       0
       0
       0
       0
       2
       1
       0
       0
       0
       0
       0
       0
       2
       0
       0
       0
       0
       0
       0
       0
       0
       0
       0
       1
       0
       1
       1
       0
       0
       2
       1
       1
       0
       0
       0
       0
       0
       0
       0
       0
       0
       0
       1
       0
       0
       0
       0
       0
       2
       0
       0
       1
       0
       0
       1
       2
       0
       0
       0
       2
       1
       0
       0
       0
       2
       0
       0
       1
       0
       1
       0
       0
       0
       0
       0
       0
       1
       0
       0
       2
       1
       0
       0
       0
       3
       2
       1
       0
       1
       0
       1
       0
       1
       0
       0
       0
       0
       1
       1
       1
       1
       0
       0
       0
       0
       1
       0
       0
       0
       0
       0
       3
       0
       0
       0
       0
       1
       3
       0
       0
       0
       0
       0
       0
       2
       0
       0
       0
       1
       0
       0
       1
       0
       0
       1
       0
       1
       1
       0
       0
       1
       0
       0
       0
       1
       0
       0
       0
       0
       1
       0
       0
       0
       0
       0
       0
       0
       1
       0
       0
       1
       0
       0
       0
       1
       0
       2
       0
       1
       2
       1
       0
       0
       2
       0
       0
       0
       1
       0
       0
       0
       0
       0
       0
       0
       1
       0
       0
       0
       0
       0
       0
       0
       0
       0
       0
       0
       0
       0
       0
       0
       0
       0
       0
       0
       0
       0
       0
       0
       0
       0
       0
       0
$ROI:
3
162 224
345 375
1304 1586
$PRESETS:
Live Time
1200
0
$ENER_FIT:
0.000000 0.359353
$MCA_CAL:
3
0.000000E+000 3.593530E-001 0.000000E+000 keV
$SHAPE_CAL:
3
0.000000E+000 0.000000E+000 0.000000E+000
