$SPEC_ID:
This is sample 140.
$SPEC_REM:
DET# 1
DETDESC# DIP1456 PCI-Trump SN 253
AP# Maestro Version 7.01
$DATE_MEA:
02/02/2025 21:53:11
$MEAS_TIM:
1200 1235
$DATA:
0 2047
       0
       0
       0
       0
       0
       0
       0
       0
       0
       0
       0
       0
       0
       0
       0
       0
       0
       1
       1
       6
       5
       8
       7
      14
       4
       9
      14
       9
      11
      11
       4
      17
      20
      19
      21
      17
      13
      18
      18
      25
      23
      14
      17
      10
      22
      20
      18
      20
      12
      14
      20
      20
      22
      14
      11
      13
      22
      21
      22
      24
      12
      14
      16
      18
      25
      16
      21
      21
      18
      19
      15
      24
      14
      12
      22
      26
      16
      16
      20
      18
      19
      22
      24
      19
      12
      22
      19
      10
      17
      21
      13
      21
      17
      16
      16
      22
      24
      19
      19
      22
      29
      25
      19
      22
      17
      20
      18
      19
      24
      13
      20
      15
      14
      18
      22
      18
      26
      23
      22
      19
      23
      17
      21
      20
      19
      23
      20
      20
      17
      17
      13
      19
      29
      20
      14
      22
      14
      22
      24
      16
      18
      23
       9
      23
      26
      29
      21
      24
      17
      21
      18
      20
      18
      23
      16
      20
      24
      24
      17
      20
      16
      17
      24
      26
      24
      19
      30
      17
      17
      20
      20
      14
      24
      22
      18
      21
      19
      24
      16
      17
      24
      14
      21
      13
      17
      22
      18
      22
      19
      18
      16
      19
      16
      17
      18
      15
      11
      14
      20
      21
      15
      31
      21
      18
      14
      18
      24
      23
      27
      23
      16
      27
      27
      28
      18
      19
      28
      20
      22
      21
      17
      26
      24
      19
      19
      16
      22
      19
      24
      25
      22
       9
      23
      17
      22
      17
      29
      17
      19
      22
      19
      20
      19
      21
      16
       8
      17
      20
      13
      20
      19
      20
      18
      12
      19
      26
      22
      27
      20
      23
      26
      16
      18
      22
      21
      28
      22
      13
      20
      25
      16
      25
      17
      16
      13
      27
      25
      20
      19
      20
      17
      14
      25
      18
      15
      27
      27
      21
      13
      28
      28
      15
      11
      19
      18
      24
      21
      22
      21
      27
      21
      17
      27
      25
      22
      29
      18
      23
      20
      23
      17
      25
      19
      24
      20
      21
      19
      19
      18
      21
      27
      26
      27
      21
      18
      24
      21
      14
      21
      23
      21
      16
      22
      22
      16
      19
      21
      19
      25
      25
      14
      16
      18
      28
      26
      29
      21
      21
      27
      24
      20
      25
      12
      21
      33
      16
      16
      18
      16
      18
      20
      33
      25
      17
      15
      16
      23
      17
      28
      12
      15
      19
      32
      22
      23
      23
      16
      21
      25
      23
      29
      20
      33
      20
      21
      19
      13
      23
      16
      19
      33
      22
      16
      28
      22
      19
      22
      16
      20
      17
      24
      25
      26
      21
      25
      19
      21
      24
      18
      34
      19
      25
      19
      26
      14
      19
      23
      23
      20
      29
      13
      19
      29
      26
      15
      19
      14
      27
      27
      18
      20
      20
      16
      19
      18
      26
      16
      25
      29
      21
      20
      20
      15
      15
      14
      25
      15
      27
      18
      26
      31
      26
      22
      27
      21
      18
      27
      26
      17
      18
      20
      17
      20
      22
      22
      28
      23
      18
      16
      19
      24
      20
      24
      16
      21
      33
      21
      26
      29
      20
      20
      28
      24
      26
      20
      19
      18
      23
      21
      20
      21
      27
      28
      22
      27
      20
      19
      18
      15
      24
      18
      24
      18
      25
      18
      22
      33
      23
      26
      22
      20
      14
      31
      21
      24
      33
      24
      20
      26
      21
      20
      27
      24
      19
      25
      25
      22
      19
      25
      24
      22
      23
      23
      16
      24
      20
      26
      14
      23
      26
      19
      25
      22
      21
      23
      19
      22
      19
      33
      20
      26
      27
      16
      15
      28
      20
      23
      14
      22
      21
      27
      20
      20
      25
      21
      27
      20
      22
      20
      18
      11
      21
      14
      20
      18
      23
      22
      24
      15
      17
      26
      23
      21
      24
      25
      19
      19
      17
      26
      20
      18
      30
      22
      17
      16
      16
      22
      27
      18
      22
      15
      22
      15
      22
      21
      19
      16
      14
      25
      16
      25
      14
      19
      22
      24
      16
      26
      21
      33
      16
      22
      23
      21
      28
      22
      14
      16
      26
      17
      18
      19
      16
      26
      24
      20
      26
      12
      18
      15
      22
      29
      19
      15
      20
      20
      20
      23
      28
      28
       9
      18
      15
      20
      20
      14
      16
      18
      19
      30
      17
      18
      22
      33
      23
      15
      21
      18
      20
      28
      18
      21
      20
      15
      17
      16
      19
      15
      15
      12
      16
      18
      23
      16
      28
      21
      18
      21
      18
      22
      18
      23
      15
      18
      24
      24
      15
      17
      21
      25
      17
      23
      15
      27
      17
      14
      16
      17
      23
       9
      23
      26
      20
      16
      20
      26
      14
      18
      16
      21
      18
      25
      22
      15
      15
      20
      23
      17
      23
      20
      15
      15
      17
      21
      13
      21
      20
      15
      25
      24
      13
      24
      25
      15
      13
      25
      18
      20
      24
      22
      22
      25
      18
      17
      24
      15
      21
      22
      28
      25
      25
      23
      13
      25
      17
      28
      17
      28
      22
      26
      21
      15
      20
      33
      23
      22
      24
      23
      20
      28
      25
      15
      23
      18
      28
      21
      20
      21
      27
      18
      28
      22
      28
      21
      23
      19
      15
      21
      20
      23
      16
      16
      17
      32
      20
      23
      18
      24
      31
      26
      28
      15
      27
      15
      30
      16
      20
      20
      17
      23
      26
      28
      25
      34
      25
      26
      20
      27
      23
      15
      15
      21
      22
      18
      23
      24
      21
      26
      17
      18
      17
      34
      29
      20
      18
      24
      23
      18
      21
      16
      21
      27
      18
      24
      22
      19
      26
      28
      22
      17
      25
      19
      18
      28
      33
      15
      27
      24
      22
      31
      15
      23
      30
      23
      20
      19
      18
      22
      23
      19
      21
      21
      23
      22
      19
      18
      18
      28
      23
      28
      17
      20
      26
      28
      12
      19
      20
      20
      20
      15
      22
      19
      19
      19
      14
      18
      17
      16
      22
      30
      15
      12
      16
      16
      21
      21
      19
       8
      16
      24
      15
      17
      20
      23
      14
      15
      20
      19
      10
      13
      15
      11
      12
      11
       6
      17
       6
       9
      12
       8
      10
      13
      11
       9
       5
       9
      10
       6
      12
       9
       4
      13
       9
      14
      18
      14
       6
       9
      10
      10
       5
      16
       7
      14
       7
       5
       7
       7
       6
       4
      15
       6
       4
      11
       5
       6
       6
       2
      11
       4
       8
       4
      11
       9
       6
       8
       3
       9
       3
       4
       8
       4
       8
       5
       6
       3
       4
       4
       5
       3
       4
       5
       2
       7
       8
       3
       4
       3
       3
       3
       8
       4
       4
       4
       4
       1
       8
       3
       5
       5
       9
       2
       1
       4
       5
       2
       1
       1
       4
       3
       5
       5
       1
       3
       3
       2
       4
       1
       8
       3
       1
       1
       3
       4
       3
       4
       5
       7
       0
       3
       8
       3
       1
       2
       3
       5
       3
       3
       2
       1
       4
       2
       3
       1
       3
       2
       4
       1
       3
       2
       4
       4
       3
       1
       2
       3
       2
       5
       3
       4
       3
       3
       3
       1
       2
       2
       3
       1
       1
       1
       3
       3
       2
       1
       1
       2
       2
       4
       1
       1
       2
       2
       4
       2
       2
       0
       1
       3
       2
       2
       3
       3
       1
       1
       0
       2
       2
       4
       1
       0
       1
       3
       2
       2
       2
       1
       3
       1
       1
       3
       2
       0
       3
       3
       2
       2
       1
       1
       2
       0
       2
       0
       3
       1
       0
       4
       0
       2
       1
       1
       0
       1
       2
       2
       2
       1
      11
       3
       0
       0
       2
       2
       1
       3
       1
       0
       4
       2
       2
       6
       2
       1
       2
       2
       2
       2
       2
       2
       0
       1
       3
       3
       3
       0
       0
       0
       4
       0
       1
       0
       3
       4
       5
       2
       0
       3
       0
       1
       2
       2
       2
       4
       3
       1
       1
       0
       1
       2
       0
       4
       2
       2
       0
       1
       0
       2
       2
       1
       1
       3
       2
       1
       2
       3
       2
       1
       3
       2
       2
       2
       2
       3
       2
       1
       1
       0
       2
       1
       3
       1
       2
       0
       4
       1
       0
       0
       1
       2
       0
       0
       1
       2
       0
       2
       0
       0
       3
       1
       2
       0
       1
       4
       2
       0
       3
       1
       1
       2
       1
       1
       3
       3
       3
       3
       3
       2
       3
       4
       0
       1
       5
       1
       3
       3
       1
       3
       3
       2
       4
       1
       5
       6
       5
       1
       0
       2
       4
       2
       5
       2
       4
       4
       7
       2
       6
       4
       5
       5
       4
      10
       9
       9
       7
       7
       7
       9
      16
      13
      16
      14
      13
      12
      17
      15
      14
      19
      14
      23
      26
      28
      22
      36
      37
      32
      40
      35
      41
      40
      49
      36
      44
      34
      42
      36
      59
      47
      53
      56
      72
      66
      60
      64
      75
      66
      83
     103
     103
      94
     110
     106
     117
      90
     108
     115
     130
     117
     123
     119
     128
     117
     133
     143
     164
     153
     178
     158
     169
     178
     171
     154
     174
     167
     179
     188
     221
     206
     218
     207
     210
     242
     239
     200
     230
     219
     235
     250
     217
     248
     253
     264
     290
     273
     262
     275
     281
     291
     271
     309
     300
     298
     297
     282
     296
     303
     322
     312
     335
     341
     319
     330
     315
     329
     296
     315
     330
     325
     338
     309
     317
     330
     285
     301
     314
     323
     321
     307
     292
     312
     318
     314
     302
     298
     296
     279
     284
     274
     273
     289
     237
     266
     260
     266
     257
     269
     234
     266
     239
     238
     255
     211
     212
     245
     201
     227
     218
     197
     203
     186
     198
     185
     168
     173
     144
     154
     154
     145
     161
     127
     183
     137
     146
     141
     140
     126
     112
     131
     125
     118
     109
      88
      95
      89
      80
      87
      92
      95
      80
      89
      87
      79
      59
      68
      74
      46
      60
      52
      60
      62
      47
      53
      43
      44
      46
      30
      52
      36
      32
      33
      31
      31
      21
      24
      21
      18
      24
      15
      16
      13
       8
      20
      17
      16
      12
      12
       7
      13
       5
      12
       6
      12
       8
       9
       3
       6
       3
      13
       6
       5
       3
       4
       7
       4
       4
       2
       1
       1
       1
       3
       3
       2
       3
       1
       0
       2
       2
       1
       0
       0
       1
       0
       1
       1
       0
       1
       2
       2
       0
       1
       1
       0
       1
       1
       0
       1
       0
       0
       0
       0
       0
       0
       0
       0
       1
       1
       3
       1
       2
       0
       1
       0
       1
       2
       0
       0
       0
       2
       0
       0
       0
       1
       1
       0
       1
       2
       0
       1
       1
       0
       2
       2
       1
       1
       0
       0
       0
       1
       0
       1
       0
       2
       1
       2
       0
       1
       1
       1
       0
       0
       1
       0
       0
       1
       0
       2
       1
       0
       0
       1
       1
       3
       0
       1
       0
       1
       1
       0
       0
       0
       0
       0
       0
       2
       0
       1
       1
       2
       1
       1
       1
       0
       0
       0
       0
       1
       0
       0
       1
       1
       0
       0
       0
       0
       0
       1
       1
       0
       0
       1
       1
       1
       1
       0
       1
       0
       0
       0
       1
       1
       0
       1
       0
       0
       1
       0
       1
       0
       1
       0
       1
       0
       1
       0
       1
       0
       1
       0
       0
       0
       0
       0
       0
       0
       0
       0
       0
       1
       0
       0
       0
       0
       0
       1
       0
       0
       2
       0
       1
       0
       1
       2
       1
       1
       0
       0
       1
       0
       1
       0
       0
       0
       0
       0
       1
       0
       0
       0
       0
       0
       1
       0
       0
       2
       1
       0
       0
       1
       1
       0
       1
       0
       0
       1
       1
       1
       0
       0
       0
       2
       1
       1
       2
       0
       1
       0
       2
       0
       0
       0
       0
       1
       1
       1
       0
       0
       1
       0
       0
       0
       2
       1
       0
       0
       1
       0
       0
       0
       0
       1
       1
       0
       0
       0
       0
       0
       0
       0
       0
       0
       1
       0
       0
       0
       1
       0
       1
       0
       2
       0
       0
       0
       0
       0
       0
       1
       0
       0
       0
       0
       0
       1
       0
       0
       0
       0
       0
       0
       0
       1
       1
       0
       1
       0
       0
       0
       0
       1
       0
       0
       1
       0
       0
       1
       0
       1
       1
       0
       0
       0
       0
       0
       0
       1
       3
       0
       0
       1
       0
       0
       0
       0
       0
       1
       0
       0
       0
       0
       0
       1
       0
       0
       0
       0
       2
       0
       0
       0
       0
       0
       0
       0
       0
       0
       0
       0
       0
       0
       1
       0
       1
       0
       0
       0
       0
       0
       0
       1
       0
       0
       1
       0
       0
       0
       1
       0
       0
       0
       1
       1
       0
       1
       0
       1
       1
       0
       0
       0
       1
       0
       0
       0
       0
       1
       0
       0
       0
       0
       0
       1
       1
       0
       0
       1
       0
       0
       0
       0
       0
       0
       1
       0
       0
       1
       0
       1
       0
       1
       0
       1
       0
       0
       0
       1
       0
       0
       0
       0
       0
       0
       3
       0
       0
       0
       0
       0
       1
       1
       0
       0
       0
       0
       0
       0
       0
       0
       0
       0
       0
       0
       0
       0
       0
       0
       0
       0
       1
       0
       0
       0
       1
       0
       0
       0
       0
       0
       0
       1
       1
       0
       0
       0
       0
       0
       0
       0
       1
       0
       0
       0
       0
       0
       0
       0
       0
       0
       0
       0
       0
       0
       0
       0
       0
       0
       0
       0
       0
       0
       0
       0
       0
$ROI:
3
162 224
345 375
1304 1586
$PRESETS:
Live Time
1200
0
$ENER_FIT:
0.000000 0.359353
$MCA_CAL:
3
0.000000E+000 3.593530E-001 0.000000E+000 keV
$SHAPE_CAL:
3
0.000000E+000 0.000000E+000 0.000000E+000
