$SPEC_ID:
This is sample 094.
$SPEC_REM:
DET# 1
DETDESC# DIP1456 PCI-Trump SN 253
AP# Maestro Version 7.01
$DATE_MEA:
02/02/2025 04:49:35
$MEAS_TIM:
1200 1235
$DATA:
0 2047
       0
       0
       0
       0
       0
       0
       0
       0
       0
       0
       0
       0
       0
       0
       0
       0
       0
       3
       4
       3
       3
       3
       8
       4
       8
       8
      17
       7
      13
      17
      15
      17
      23
      24
      14
      10
      17
      16
      14
      21
      15
      17
      16
      17
      14
      14
      19
      14
      14
      25
      19
      17
      17
      13
      11
      14
      21
      18
      19
      16
      21
      16
      23
      20
      14
      17
      16
      17
      14
      14
      18
      16
      19
      23
      13
      14
       8
      13
      18
      18
      13
      26
      27
      18
      25
      16
      18
      25
      23
      15
      16
      19
      15
      14
      27
      19
      17
      19
      15
      16
      12
      18
      33
      20
      17
      15
      18
      15
      22
      29
      19
      22
      23
      16
      15
      17
      12
      19
      25
      26
      14
      23
      21
      16
      21
      17
      15
      24
      19
      13
      17
      21
      24
      20
       9
      18
      18
      26
      15
      18
      20
      25
      25
      18
      19
      29
      23
      18
      20
      25
      16
      18
      15
      20
      22
      24
      28
      12
      17
      19
      16
      24
      16
      18
      25
      25
      20
      18
      23
      18
      12
      17
      21
      10
      19
      31
      20
      26
      24
      12
      20
      19
      24
      23
      23
      21
      19
      27
      23
      16
      20
      20
      26
      19
      20
      27
      15
      21
      22
      16
      21
      17
      29
      25
      16
      23
      19
      11
      18
      18
      18
      24
      20
      20
      23
      19
      18
      23
      18
      16
      22
      16
      24
      17
      20
      25
      16
      25
      21
      21
      30
      28
      20
      20
      16
      24
      18
      23
      21
      21
      28
      17
      22
      27
      13
      17
      22
      16
      14
      19
      22
      19
      21
      21
      15
      16
      21
      17
      23
      25
      22
      28
      14
      24
      19
      18
      17
      18
      15
      21
      19
      22
      11
      20
      19
      18
      18
      23
      21
      16
      32
      14
      16
      14
      26
      22
      22
      25
      19
      25
      23
      17
      23
      25
      16
      28
      19
      21
      22
      18
      31
      17
      24
      24
      28
      16
      23
      16
      26
      18
      19
      16
      17
      24
      28
      27
      24
      16
      19
      22
      19
      16
      25
      34
      24
      16
      19
      18
      18
      21
      23
      15
      21
      23
      16
      25
      20
      18
      25
      17
      22
      17
      25
      18
      20
      19
      19
      19
      30
      23
      22
      31
      23
      21
      21
      21
      20
      31
      25
      30
      22
      21
      16
      23
      20
      27
      14
      17
      22
      18
      27
      32
      25
      18
      21
      27
      13
      20
      19
      15
      17
      20
      21
      16
      18
      21
      27
      24
      22
      13
      14
      24
      26
      25
      19
      30
      16
      25
      17
      16
      28
      21
      22
      26
      20
      22
      23
      18
      19
      29
      14
      17
      27
      25
      18
      24
      16
      19
      18
      11
      32
      12
      26
      27
      21
      19
      31
      28
      19
      13
      16
      28
      22
      20
      21
      23
      12
      17
      16
      12
      19
      16
      16
      24
      18
      34
      19
      11
      25
      11
      16
      19
      20
      24
      22
      19
      15
      16
      15
      18
      25
      23
      34
      12
      17
      28
      29
      18
      23
      21
      17
      21
      17
      25
      14
      29
      22
      27
      20
      23
      22
      22
      19
      23
      22
      20
      20
      24
      21
      20
      18
      13
      18
      22
      22
      24
      23
      20
      19
      14
      24
      15
      20
      17
      14
      20
      20
      19
      19
      30
      22
      14
      20
      23
      18
      24
      23
      21
      20
      28
      22
      24
      18
      13
      18
       7
      23
      19
      16
      22
      24
      22
      21
      16
      33
      32
      24
      22
      25
      13
      28
      21
      18
      31
      22
      18
      30
      25
      17
      30
      17
      21
      25
      26
      24
      19
      18
      18
      20
      24
      15
      17
      13
      21
      25
      16
      14
      23
      25
      20
      20
      27
      24
      17
      32
      13
      22
      19
      25
      26
      24
      18
      21
      18
      20
      25
      24
      17
      22
      20
      23
      22
      19
      25
      16
      17
      19
      24
      20
      23
      19
      20
      26
      22
      19
      30
      30
      31
      24
      12
      16
      19
      27
      24
      32
      19
      27
      19
      20
      14
      19
      23
      26
      21
      20
      21
      24
      28
      19
      20
      24
      15
      20
      26
      20
      25
      22
      18
      28
      16
      29
      20
      16
      25
      24
      16
      20
      20
      26
      18
      21
      15
      25
      15
      29
      17
      18
      18
      15
      19
      16
      28
      22
      20
      22
      21
      16
      18
      21
      21
      14
      22
      18
      25
      18
      20
      15
      18
      23
      22
      20
      13
      11
      14
      26
      22
      22
      29
      25
      11
      23
      11
      12
      17
      20
      15
      29
      19
      14
      14
      18
      22
      17
      22
      25
      15
      20
      22
      26
      15
      22
      12
      12
      19
      15
      18
      26
      21
       9
      20
      20
      25
      30
      19
      19
      16
      14
      18
      30
      16
      14
      21
      21
      25
      15
      19
      18
      22
      21
      26
      24
      23
      14
       9
      18
      20
      21
      21
      20
      20
      17
      22
      16
      26
      18
      21
      26
      16
      23
      24
      28
      13
      27
      28
      17
      25
      35
      30
       9
      27
      19
      32
      24
      21
      22
      13
      23
      10
      17
      22
      24
      13
      13
      21
      25
      20
      26
      13
      28
      25
      19
      26
      25
      28
      26
      23
      16
      20
      21
      25
      14
      26
      19
      32
      16
      21
      29
      31
      25
      28
      15
      17
      21
      26
      20
      19
      27
      18
      30
      24
      21
      24
      22
      18
      20
      22
      15
      21
      23
      26
      18
      29
      13
      15
      22
      17
      37
      27
      17
      23
      21
      26
      18
      25
      22
      26
      23
      26
      33
      18
      24
      25
      20
      26
      17
      24
      26
      18
      18
      34
      25
      27
      18
      22
      16
      24
      19
      21
      22
      20
      27
      26
      27
      26
      23
      21
      14
      25
      29
      25
      23
      23
      23
      18
      19
      18
      23
      14
      27
      28
      18
      15
      23
      21
      18
      32
      17
      16
      14
      24
      16
      13
      21
      20
      17
      23
      19
      22
      19
      21
      17
      11
      22
      15
      17
      12
      18
      23
      17
      16
      17
      18
      11
      15
      13
      16
      15
      18
      22
      14
      17
      10
      15
      21
      13
      13
      21
      12
      18
      13
      11
      10
      11
       7
      18
      10
       8
      11
       8
      10
      17
       8
      15
       7
      10
       8
       7
       9
      10
       5
      15
       4
       5
      10
       3
       7
      13
       8
       7
       4
       7
      12
       7
       8
       8
       5
       2
       8
       8
      10
       5
       2
       8
       8
       9
       1
       7
       7
       7
       4
      10
       7
       9
       7
      10
       3
       8
       8
       4
       3
       5
       7
       3
       6
       8
      11
       5
       3
       3
       5
       2
       2
       5
       8
       1
       2
       4
       3
       3
       5
       1
       5
       4
       5
       2
       6
       7
       3
       3
       2
       5
       5
       1
       2
       2
       3
       2
       6
       5
       1
       3
       6
       3
       3
       5
       4
       2
       2
       3
       5
       2
       6
       3
       3
       4
       7
       2
       2
       2
       1
       4
       1
       1
       2
       4
       0
       2
       0
       0
       1
       2
       6
       1
       2
       4
       3
       1
       5
       3
       0
       4
       0
       0
       1
       2
       2
       2
       2
       2
       2
       2
       1
       1
       4
       2
       0
       2
       2
       3
       1
       3
       1
       2
       1
       5
       2
       0
       0
       0
       1
       2
       3
       1
       1
       2
       3
       1
       1
       1
       2
       3
       0
       6
       2
       1
       2
       2
       1
       4
       2
       1
       2
       0
       1
       3
       4
       3
       3
       2
       3
       4
       0
       1
       2
       2
       1
       2
       2
       3
       0
       1
       3
       1
       3
       1
       2
       1
       1
       1
       0
       5
       2
       1
       3
       3
       1
       1
       0
       2
       1
       3
       1
       0
       1
       2
       0
       0
       2
       2
       1
       0
       1
       1
       1
       4
       1
       1
       0
       1
       2
       6
       1
       3
       0
       1
       2
       2
       1
       2
       0
       0
       2
       3
       2
       2
       1
       2
       1
       2
       2
       4
       2
       1
       3
       0
       2
       1
       0
       0
       2
       2
       2
       1
       2
       0
       1
       2
       1
       1
       2
       2
       2
       2
       2
       2
       1
       4
       1
       2
       4
       2
       1
       2
       1
       3
       1
       2
       0
       7
       3
       3
       1
       0
       3
       1
       0
       3
       0
       2
       2
       1
       3
       3
       1
       2
       3
       2
       2
       0
       1
       1
       1
       0
       3
       3
       2
       1
       3
       1
       3
       3
       2
       2
       4
       0
       5
       8
       2
       1
       4
       2
       4
       2
       4
       5
       4
       5
       6
       6
       4
       4
       3
       3
       6
       7
       5
       8
       5
       5
       8
       9
      10
       6
       8
      11
       6
       7
      11
       8
      11
      12
      10
      18
       8
      15
      16
      18
      23
      15
      20
      21
      29
      33
      17
      21
      30
      34
      35
      45
      39
      39
      39
      51
      51
      55
      46
      51
      52
      54
      60
      52
      71
      58
      88
      76
      89
      71
      91
      77
      80
     100
      90
     104
     105
     104
     125
     112
     117
     125
     131
     110
     150
     134
     143
     137
     158
     148
     149
     166
     153
     188
     192
     150
     194
     193
     202
     187
     183
     208
     200
     229
     232
     239
     232
     219
     237
     240
     254
     237
     265
     250
     265
     272
     253
     252
     285
     281
     280
     278
     313
     244
     310
     278
     276
     294
     323
     304
     308
     322
     321
     309
     316
     323
     322
     315
     303
     342
     303
     346
     298
     323
     303
     278
     295
     325
     301
     271
     322
     315
     341
     303
     326
     304
     289
     342
     292
     302
     291
     283
     289
     262
     282
     276
     294
     251
     253
     253
     248
     249
     270
     236
     246
     217
     220
     232
     211
     218
     197
     226
     207
     192
     172
     192
     185
     157
     173
     153
     157
     147
     149
     169
     139
     133
     138
     124
     129
     119
     120
     119
      89
      91
      91
     104
      75
      87
      83
      72
      78
      73
      85
      67
      72
      57
      65
      50
      56
      45
      50
      46
      46
      54
      37
      39
      44
      42
      27
      29
      33
      32
      26
      24
      25
      29
      20
      21
      36
      22
      20
      22
      17
      16
      19
      13
      10
      18
      11
      14
       8
      13
      10
       8
       5
      12
       4
       4
      12
       4
       4
       5
       4
       3
       0
       2
       4
       6
       1
       3
       3
       5
       4
       0
       4
       1
       1
       0
       0
       1
       1
       2
       1
       0
       2
       0
       0
       1
       2
       2
       2
       2
       2
       1
       0
       0
       0
       0
       1
       0
       0
       1
       1
       1
       0
       2
       4
       1
       0
       1
       2
       0
       0
       0
       1
       2
       0
       1
       0
       0
       1
       1
       0
       0
       2
       0
       1
       1
       0
       1
       0
       2
       0
       0
       0
       1
       0
       0
       3
       0
       0
       1
       2
       2
       1
       0
       0
       0
       1
       1
       1
       0
       0
       0
       2
       0
       1
       0
       1
       1
       0
       0
       0
       0
       0
       2
       2
       1
       0
       0
       0
       1
       2
       0
       1
       0
       0
       0
       0
       0
       0
       0
       0
       0
       0
       0
       0
       1
       0
       2
       0
       0
       0
       0
       1
       0
       1
       1
       2
       1
       3
       0
       0
       0
       0
       0
       0
       1
       1
       2
       1
       0
       1
       0
       1
       1
       1
       0
       0
       1
       0
       1
       0
       0
       0
       0
       1
       0
       0
       0
       1
       0
       0
       0
       3
       0
       0
       2
       0
       1
       0
       1
       1
       1
       0
       0
       0
       0
       0
       0
       1
       0
       0
       1
       0
       0
       0
       1
       0
       0
       0
       0
       0
       0
       0
       0
       0
       1
       0
       1
       0
       1
       1
       0
       0
       0
       0
       2
       1
       0
       1
       0
       1
       1
       1
       1
       0
       0
       1
       0
       0
       0
       1
       0
       2
       0
       0
       0
       1
       0
       1
       0
       0
       2
       0
       0
       0
       0
       0
       0
       0
       0
       0
       0
       1
       0
       3
       0
       0
       0
       0
       0
       1
       0
       1
       1
       1
       0
       0
       0
       1
       1
       1
       0
       1
       2
       0
       1
       1
       2
       0
       0
       0
       1
       1
       0
       1
       0
       0
       0
       0
       0
       2
       0
       1
       0
       2
       0
       0
       0
       0
       1
       0
       0
       0
       0
       0
       1
       1
       1
       0
       0
       2
       0
       1
       1
       2
       0
       0
       0
       0
       0
       0
       1
       0
       1
       1
       1
       0
       0
       0
       0
       0
       0
       1
       1
       1
       0
       2
       0
       0
       2
       1
       0
       1
       0
       0
       0
       1
       0
       1
       0
       0
       1
       0
       0
       0
       0
       0
       1
       0
       2
       0
       0
       0
       0
       0
       2
       1
       0
       0
       1
       0
       1
       2
       0
       1
       0
       0
       0
       0
       0
       0
       0
       0
       0
       0
       1
       0
       0
       0
       2
       1
       1
       0
       0
       0
       0
       0
       0
       0
       1
       1
       0
       0
       0
       1
       0
       1
       0
       0
       0
       0
       0
       0
       1
       0
       0
       0
       0
       0
       0
       0
       0
       1
       0
       0
       0
       0
       1
       0
       0
       0
       0
       0
       1
       0
       0
       1
       0
       0
       0
       1
       1
       0
       0
       0
       0
       0
       1
       0
       0
       1
       0
       0
       1
       0
       0
       2
       0
       0
       0
       1
       1
       0
       0
       0
       0
       0
       0
       0
       2
       0
       0
       0
       0
       0
       0
       1
       0
       0
       0
       0
       0
       0
       1
       0
       0
       0
       0
       0
       0
       0
       0
       0
       0
       0
       0
       0
       0
       0
$ROI:
3
162 224
345 375
1304 1586
$PRESETS:
Live Time
1200
0
$ENER_FIT:
0.000000 0.359353
$MCA_CAL:
3
0.000000E+000 3.593530E-001 0.000000E+000 keV
$SHAPE_CAL:
3
0.000000E+000 0.000000E+000 0.000000E+000
