$SPEC_ID:
This is sample 145.
$SPEC_REM:
DET# 1
DETDESC# DIP1456 PCI-Trump SN 253
AP# Maestro Version 7.01
$DATE_MEA:
02/02/2025 23:44:27
$MEAS_TIM:
1200 1235
$DATA:
0 2047
       0
       0
       0
       0
       0
       0
       0
       0
       0
       0
       0
       0
       0
       0
       0
       0
       1
       1
       2
       1
       3
       4
       9
       9
      10
      11
       7
      11
       8
       9
      18
      12
      22
      18
      13
      13
      12
      13
      17
      16
      11
      23
      20
      13
      17
      17
      18
      15
      19
      14
      19
      12
      14
      21
      22
      20
      16
      13
      20
      20
      25
      18
      16
      27
      16
      22
      17
      16
      18
      24
      18
      23
      21
      17
      17
      21
      15
      15
      22
      10
      19
      30
      20
      12
      25
      22
      21
      20
      18
      21
      17
      14
      18
      21
      23
      28
      13
      17
      26
       9
      23
      15
      18
      17
      20
      20
      11
      20
      14
      17
      23
      24
      20
      12
      18
      17
      19
      25
      15
      18
      17
      18
      17
      14
      16
      24
      20
      25
      19
      14
      14
      23
      12
      20
      16
      17
      19
      16
      11
      13
      27
      23
       9
      15
      22
      14
      22
      14
       9
      15
      16
      20
      20
      18
      21
      18
      23
      15
      21
      25
      26
      17
      20
      19
      21
      18
      20
      18
      21
      23
      22
      32
      21
      14
      21
      15
      22
      24
      28
      21
      21
      16
      23
      16
      23
      17
      20
      15
      21
      21
      11
      13
      26
      21
      27
      21
      29
      15
      26
      18
      16
      22
      15
      17
      21
      12
      15
      25
      19
      19
      21
      26
      17
      20
      23
      18
      26
      20
      15
      18
      19
      25
      20
      28
      25
      21
      25
      26
      18
      18
      22
      29
      20
      23
      21
      33
      20
      24
      24
      16
      22
      19
      28
      17
      27
      21
      17
      26
      14
      21
      24
      19
      25
      11
      19
      32
      16
      28
      19
      21
      19
      19
      22
      14
      24
      17
      19
      16
      14
      18
      20
      23
      24
      23
      15
      25
      21
      19
      28
      22
      34
      19
      20
      21
      23
       9
      22
      19
      15
      14
      21
      20
      23
      18
      18
      19
      25
      22
      20
      16
      21
      15
      15
      20
      18
      19
      27
      26
      22
      19
      18
      18
      18
      21
      19
      21
      20
      22
      19
      20
      16
      18
      25
      20
      20
      23
      22
      16
      17
      22
      21
      22
      11
      24
      23
      22
      22
      23
      25
      13
      22
      25
      18
      19
      14
      25
      19
      15
      22
      29
      26
      20
      16
      20
      24
      23
      23
      17
      21
      28
      15
      18
      18
      27
      16
      23
      22
      17
      16
      28
      17
      17
      17
      22
      19
      19
      19
      20
      18
      20
      17
      24
      15
      22
      23
      27
      16
      20
      21
      15
      22
      20
      26
      15
      19
      22
      23
      24
      23
      18
      26
      23
      16
      26
      20
      23
      19
      15
      21
      21
      28
      18
      29
      16
      31
      24
      18
      23
      24
      13
      19
      19
      18
      18
      22
      11
      21
      20
      18
      25
      17
      28
      17
      20
      15
      22
      22
      20
      26
      22
      19
      17
      17
      21
      16
      21
      15
      16
      22
      18
      21
      19
      19
      12
      19
      19
      25
      21
      14
      16
      14
      20
      26
      17
      20
      18
      14
      17
      18
      23
      21
      19
      14
      23
      22
      16
      28
      22
      21
      28
      18
      13
      26
      27
      21
      24
      15
      31
      12
      15
      19
      23
      21
      23
      23
      20
      14
      12
      17
      14
      16
      17
      20
      23
      18
      22
      26
      28
      33
      19
      16
      33
      29
      17
      25
      22
      16
      20
      20
      24
      19
      20
      26
      24
      33
      33
      21
      35
      11
      22
      20
      19
      20
      20
      25
      19
      30
      22
      21
      23
      31
      21
      26
      20
      18
      22
      22
      27
      19
      25
      24
      17
      28
      23
      37
      18
      18
      21
      23
      23
      20
      24
      23
      22
      15
      20
      24
      18
      23
      23
      32
      21
      17
      25
      22
      20
      16
      20
      21
      17
      25
      24
      24
      17
      27
      17
      25
      33
      21
      19
      28
      21
      21
      11
      25
      26
      21
      23
      32
      15
      31
      29
      21
      18
      24
      19
      15
      26
      19
      29
      21
      26
      18
      22
      30
      19
      16
      31
      17
      14
      28
      25
      24
      27
      20
      22
      21
      20
      22
      13
      20
      17
      24
      18
      34
      20
      23
      30
      20
      24
      21
      21
      17
      24
      16
      25
      27
      14
      17
      22
      20
      18
      15
      25
      15
      22
      18
      30
      13
      21
      10
      34
      12
      20
      16
      21
      25
      24
      15
      19
      16
      15
      21
      17
      29
      19
      25
      18
      22
      23
      24
      24
      14
      28
      17
      20
      17
      21
      19
      15
      20
      15
      10
      16
      24
      20
      26
      23
      26
      15
      20
      19
      20
      18
      12
      15
      18
      17
      21
      19
      19
      19
      15
      18
      16
      22
      22
      14
      19
      10
      17
      22
      15
      13
      16
      13
      26
      24
      22
      20
      16
      28
      21
      16
      14
      19
      16
      23
      23
      19
      18
      18
      19
      34
      15
      21
      13
      11
      21
      19
      26
      13
      17
      20
      16
      19
      24
      17
      26
      19
      24
      17
      25
      19
      15
      20
      26
      21
      16
      21
      19
      15
      20
      21
      20
      28
      25
      25
      23
      25
      18
      23
      25
      20
      20
      26
      21
      25
      23
      20
      19
       8
      23
      24
      22
      19
      25
      23
      28
      21
      22
      20
      20
      26
      19
      28
      19
      19
      31
      18
      26
      17
      20
      25
      16
      18
      13
      22
      20
      23
      18
      30
      25
      17
      13
      17
      24
      25
      22
      23
      20
      27
      28
      22
      19
      24
      24
      28
      27
      31
      17
      31
      18
      21
      20
      14
      24
      19
      24
      29
      15
      22
      29
      16
      30
      18
      28
      23
      26
      23
      31
      26
      27
      22
      14
      20
      24
      23
      28
      24
      21
      24
      20
      13
      23
      27
      21
      26
      23
      21
      19
      14
      23
      26
      25
      21
      18
      11
      15
      20
      28
      33
      24
      13
      19
      19
      28
      24
      28
      14
      20
      21
      14
      10
      24
      18
      16
      25
      14
      16
      18
      16
      28
      25
      20
      11
      20
      12
      20
      17
      13
      14
      19
      15
      11
      11
      12
      14
       8
      20
      12
      15
       9
      12
      10
      13
      18
       8
      15
      11
      12
      11
      16
       9
       7
       9
       9
      10
       7
      11
       9
      14
      12
       8
       5
       4
       8
      11
       6
       4
       6
      13
       8
       7
       9
       2
       8
      10
       8
      11
       7
       6
       9
       6
       6
      10
       4
       6
      10
       5
       4
       4
       5
       6
      10
       5
       9
       6
       5
       7
       5
       7
       6
       4
       8
       3
       3
       4
       9
       5
       5
       4
       4
       9
       5
       5
       2
       6
       0
       5
       4
       3
       2
       3
       8
       6
       2
       6
       6
       7
       3
       2
       5
       5
       2
       2
       5
       6
       5
       2
       4
       4
       4
       2
       5
       4
       2
       1
       3
       4
       4
       7
       1
       2
       2
       3
       6
       4
       3
       2
       3
       5
       0
       1
       3
       5
       6
       3
       6
       3
       7
       2
       3
       1
       4
       1
       0
       2
       2
       3
       5
       3
       3
       2
       2
       1
       0
       2
       2
       1
       2
       2
       4
       3
       5
       0
       0
       1
       1
       0
       1
       6
       3
       3
       0
       0
       1
       3
       1
       0
       3
       4
       1
       2
       2
       3
       2
       3
       6
       2
       1
       3
       1
       3
       4
       1
       2
       0
       2
       3
       1
       0
       1
       2
       3
       0
       0
       2
       2
       2
       0
       0
       1
       1
       3
       0
       2
       2
       3
       2
       1
       2
       0
       1
       1
       0
       3
       2
       0
       2
       3
       2
       4
       0
       0
       2
       3
       3
       5
       2
       4
       0
       2
       2
       2
       1
       1
       1
       1
       1
       4
       1
       0
       1
       0
       1
       2
       2
       2
       0
       0
       1
       3
       1
       0
       0
       2
       3
       2
       6
       1
       3
       2
       4
       0
       0
       1
       3
       2
       0
       1
       0
       1
       1
       2
       0
       4
       3
       1
       2
       3
       1
       3
       2
       0
       0
       1
       4
       2
       4
       0
       3
       2
       0
       1
       2
       2
       1
       3
       1
       2
       4
       1
       2
       1
       1
       2
       1
       1
       6
       2
       3
       0
       1
       0
       2
       2
       0
       2
       0
       2
       1
       0
       5
       2
       1
       5
       2
       1
       2
       3
       2
       2
       3
       1
       2
       2
       2
       2
       0
       3
       2
       1
       5
       3
       3
       2
       2
       0
       2
       1
       3
       0
       0
       2
       4
       2
       1
       2
       1
       5
       3
       4
       3
       2
       5
       9
       5
       2
       6
       3
       4
       8
       3
       3
       8
       2
      11
      11
      12
       6
       8
       8
       6
      13
       9
      12
      10
      11
      11
      15
      21
      22
      24
      19
      30
      19
      21
      29
      31
      21
      21
      32
      35
      39
      33
      35
      42
      31
      52
      58
      51
      57
      50
      50
      59
      62
      67
      62
      66
      64
      95
      59
      71
      90
      91
      91
      87
      79
      90
      94
     103
     105
     104
     112
     118
     113
     140
     127
     150
     162
     140
     137
     149
     158
     146
     140
     152
     163
     172
     159
     191
     188
     214
     208
     191
     200
     199
     223
     215
     199
     198
     259
     209
     249
     228
     248
     263
     233
     240
     256
     276
     289
     263
     288
     293
     298
     309
     263
     296
     296
     284
     311
     294
     296
     326
     291
     325
     297
     345
     314
     305
     309
     309
     315
     315
     337
     316
     320
     309
     317
     341
     316
     287
     280
     312
     302
     323
     295
     316
     300
     315
     291
     258
     272
     276
     279
     313
     283
     276
     260
     254
     253
     267
     251
     276
     242
     240
     254
     232
     226
     200
     199
     230
     218
     224
     216
     181
     217
     186
     188
     184
     171
     172
     143
     162
     143
     145
     148
     133
     127
     149
     116
     114
     119
     120
     116
     104
     114
     115
     101
      88
      93
      92
      96
      88
      74
      56
      70
      80
      68
      55
      61
      61
      58
      54
      44
      54
      42
      42
      37
      39
      37
      38
      35
      42
      34
      15
      30
      16
      26
      19
      26
      28
      20
      15
      15
      14
      12
      18
      14
      13
       8
      13
       6
      12
      15
       7
       5
       5
       7
       6
       6
       6
       7
      10
       7
       5
       2
       2
       4
       4
       2
       0
       4
       3
       1
       2
       1
       2
       3
       4
       1
       5
       1
       1
       3
       0
       2
       2
       0
       0
       0
       1
       0
       0
       0
       2
       2
       0
       0
       1
       0
       2
       1
       1
       0
       0
       0
       0
       0
       1
       1
       0
       1
       1
       0
       0
       1
       0
       1
       0
       0
       1
       0
       0
       1
       1
       0
       1
       0
       1
       0
       0
       2
       1
       0
       1
       0
       0
       1
       0
       0
       1
       1
       2
       0
       2
       0
       1
       2
       0
       0
       1
       0
       1
       0
       0
       1
       1
       0
       1
       0
       0
       1
       0
       0
       1
       1
       0
       0
       0
       2
       2
       0
       1
       1
       0
       0
       0
       1
       1
       0
       1
       2
       1
       1
       0
       0
       0
       2
       1
       0
       0
       0
       1
       0
       0
       0
       0
       2
       0
       2
       0
       1
       0
       0
       1
       2
       1
       0
       2
       0
       1
       0
       0
       0
       0
       1
       0
       0
       0
       1
       1
       0
       1
       0
       0
       2
       0
       0
       0
       0
       1
       0
       1
       1
       1
       0
       2
       0
       0
       1
       2
       1
       0
       1
       0
       0
       0
       0
       0
       1
       0
       2
       0
       0
       0
       0
       1
       0
       0
       0
       0
       1
       0
       0
       1
       0
       0
       0
       0
       0
       0
       0
       1
       1
       2
       0
       1
       0
       0
       0
       0
       0
       0
       0
       1
       0
       1
       0
       2
       0
       2
       0
       0
       1
       1
       0
       0
       0
       0
       0
       0
       2
       0
       0
       1
       1
       1
       0
       1
       1
       0
       0
       1
       0
       2
       1
       0
       0
       1
       0
       0
       1
       0
       1
       0
       0
       1
       2
       1
       3
       0
       0
       0
       0
       0
       0
       0
       0
       0
       0
       0
       1
       0
       0
       0
       1
       0
       0
       2
       0
       0
       0
       0
       0
       0
       0
       1
       0
       0
       0
       1
       0
       0
       1
       1
       0
       0
       1
       1
       0
       0
       0
       0
       0
       0
       1
       0
       1
       0
       0
       0
       1
       0
       0
       0
       0
       0
       1
       0
       1
       0
       0
       0
       0
       0
       1
       0
       0
       0
       0
       0
       0
       0
       0
       0
       0
       0
       1
       0
       0
       0
       0
       0
       0
       0
       0
       1
       1
       1
       2
       0
       0
       1
       1
       0
       0
       0
       0
       0
       1
       0
       1
       0
       0
       0
       0
       0
       0
       0
       1
       1
       0
       2
       0
       1
       0
       1
       0
       0
       0
       1
       2
       2
       0
       0
       0
       1
       0
       1
       0
       0
       0
       0
       0
       1
       0
       0
       1
       0
       0
       0
       0
       2
       0
       0
       0
       1
       0
       0
       1
       1
       1
       1
       0
       0
       0
       1
       0
       1
       1
       1
       0
       1
       0
       0
       0
       0
       1
       1
       0
       0
       0
       0
       0
       0
       0
       0
       0
       1
       1
       0
       1
       1
       0
       1
       0
       0
       0
       1
       1
       0
       2
       0
       0
       0
       0
       1
       1
       0
       0
       0
       0
       1
       0
       0
       0
       0
       0
       1
       0
       0
       1
       0
       0
       0
       0
       0
       0
       0
       0
       0
       0
       0
       0
       0
       0
       0
       0
       0
       0
       0
       0
       0
       0
       0
$ROI:
3
162 224
345 375
1304 1586
$PRESETS:
Live Time
1200
0
$ENER_FIT:
0.000000 0.359353
$MCA_CAL:
3
0.000000E+000 3.593530E-001 0.000000E+000 keV
$SHAPE_CAL:
3
0.000000E+000 0.000000E+000 0.000000E+000
