$SPEC_ID:
This is sample 199.
$SPEC_REM:
DET# 1
DETDESC# DIP1456 PCI-Trump SN 253
AP# Maestro Version 7.01
$DATE_MEA:
02/03/2025 19:46:02
$MEAS_TIM:
1200 1235
$DATA:
0 2047
       0
       0
       0
       0
       0
       0
       0
       0
       0
       0
       0
       0
       0
       0
       0
       0
       1
       2
       4
       2
       4
       3
       9
       5
      13
       5
      12
       9
      11
      13
      12
      17
      16
      19
      14
      18
      14
      20
      11
      16
      23
       9
      16
      11
      20
      28
      13
      21
      12
      16
      15
      21
      17
      14
      12
      20
      18
      26
      21
      15
      17
      20
      19
      24
      18
      15
      16
      20
      25
      16
      15
      18
      17
      14
      18
      17
      16
      15
      16
      19
      17
      18
      15
      15
      16
      16
      14
      21
      15
      18
      11
      17
      18
      23
      13
      16
      16
      21
      18
      13
      27
      13
      14
      20
      11
      13
      18
      23
      21
      21
      24
      15
      22
      17
      18
      19
      17
      13
      14
      19
      19
      17
      28
      28
      21
      17
      19
      24
      16
      19
      28
      31
      19
      14
      11
      23
      16
      30
      21
      19
      16
      21
      23
      23
      29
      16
      26
      23
      23
      17
      22
      16
      16
      16
      19
      13
      26
      31
      19
      18
      21
      21
      12
      20
      17
      19
      21
      23
      18
      18
      21
      21
      15
      20
      18
      20
      22
      16
      23
      24
      23
      18
      18
      25
      27
      18
      24
      25
      15
      13
      15
      15
      20
      20
      15
      14
      20
      23
      19
      16
      28
      22
      19
      15
      19
      21
      22
      24
      10
      18
      25
      25
      25
      18
      18
      24
      22
      16
      29
      16
      23
      32
      14
      24
      21
      22
      22
      26
      16
      15
      31
      10
      21
      27
      19
      29
      25
      21
      15
      18
      29
      22
      24
      22
      16
      23
      24
      26
      24
      18
      24
      21
      20
      21
      25
      13
      21
      11
      24
      19
      17
      24
      17
      18
      19
      23
      20
      15
      20
      24
      22
      27
      24
      20
      21
      17
      18
      15
      25
      23
      13
      16
      16
      23
      16
      21
      21
      22
      17
      18
      17
      18
      18
      18
      18
      25
      22
      30
      19
      33
      15
      16
      13
      24
      17
      14
      21
      19
      21
      28
      24
      26
      18
      25
      17
      17
      21
      24
      30
      21
      26
      15
      17
      23
      20
      11
      16
      25
      23
      25
      25
      15
      17
      26
      26
      19
      24
      25
      23
      23
      26
      14
      21
      23
      23
      14
      22
      20
      22
      21
      22
      21
      25
      30
      24
      18
      22
      18
      18
      21
      28
      24
      20
      17
      23
      22
      22
      20
      25
      16
      23
      16
      16
      28
      18
      19
      25
      23
      19
      23
      20
      18
      20
      16
      24
      15
      22
      24
      17
      13
      20
      22
      21
      27
      23
      15
      12
      29
      20
      21
      17
      25
      24
      21
      15
      31
      17
      18
      31
      18
      18
      19
      25
      21
      20
      18
      20
      17
      18
      22
      23
      12
      23
      21
      18
      26
      26
      27
      20
      18
      17
      25
      27
      22
      17
      22
      12
      20
      18
      20
      24
      14
      16
      20
      14
      20
      21
      16
      19
      31
      17
      14
      15
      18
      25
      15
      15
      20
      14
      31
      21
      27
      16
      20
      20
      15
      21
      20
      20
      24
      19
      16
      20
      19
      21
      22
      16
      25
      16
      12
      23
      15
      23
      14
      24
      19
      22
      23
      28
      18
      20
      25
      20
      24
      30
      19
      18
      27
      23
      24
      23
      23
      20
      24
      19
      25
      20
      21
      24
      25
      17
      22
      30
      25
      28
      17
      25
      23
      18
      19
      33
      23
      24
      15
      19
      15
      18
      22
      21
      21
      14
      26
      25
      15
      21
      32
      24
      21
      17
      14
      22
      20
      27
      22
      22
      25
      27
      22
      22
      15
      24
      18
      18
      19
      23
      22
      22
      18
      25
      20
      19
      15
      29
      17
      26
      29
      22
      25
      14
      25
      20
      20
      26
      29
      24
      24
      25
      15
      26
      23
      19
      25
      18
      20
      24
      23
      26
      18
      17
      19
      18
      29
      20
      18
      15
      22
      21
      17
      26
      19
      21
      15
      16
      33
      12
      18
      17
      23
      22
      13
      15
      30
      16
      29
      18
      16
      23
      24
      16
      21
      17
      18
      20
      26
      20
      20
      28
      19
      35
      29
      14
      18
      16
      29
      21
      15
      22
      23
      16
      14
      18
      23
      21
      12
      19
      21
      20
      21
      20
      23
      13
      19
      20
      19
      22
      20
      15
      26
      16
      23
      21
      26
      24
      23
      16
      17
      21
      19
      28
      27
      26
      24
      15
      20
      16
      21
      20
      20
      20
      21
      24
      28
      15
      18
      20
      14
      14
      12
      20
      19
      23
      20
      15
      27
      21
      23
      16
      19
      20
      15
      17
      16
      20
      33
      18
      19
      18
      27
      19
      17
      19
      18
      23
      21
      17
      17
      24
      18
      12
      22
      15
      19
      26
      23
      19
      20
      20
      23
      19
      18
      22
      12
      13
      14
      18
      24
      16
      21
      22
      16
      16
      17
      21
      18
      16
      28
      19
      10
      26
      17
      20
      13
      20
      25
      22
      17
      16
      21
      21
      15
      15
      20
      17
      24
      20
      25
      24
      11
      14
      20
      18
      17
      24
      26
      16
      18
      20
      21
      30
      15
      24
      22
      35
      20
      21
      21
      19
      21
      19
      21
      27
      27
      19
      18
      19
      15
      20
      24
      23
      15
      20
      16
      19
      24
      21
      21
      24
      30
      32
      19
      24
      16
      30
      19
      24
      25
      23
      21
      22
      12
      21
      26
      24
      19
      18
      29
      26
      24
      22
      27
      33
      19
      20
      21
      17
      21
      20
      25
      26
      17
      13
      26
      16
      33
      19
      24
      26
      28
      19
      20
      27
      20
      21
      26
      26
      23
      32
      22
      24
      26
      23
      20
      22
      18
      24
      15
      27
      21
      26
      19
      26
      17
      18
      30
      15
      23
      21
      20
      16
      21
      28
      23
      18
      28
      19
      22
      23
      31
      37
      14
      29
      19
      15
      24
      24
      16
      19
      18
      25
      14
      18
      22
      22
      24
      16
      17
      15
      14
      15
      20
      21
      17
      21
      23
      22
      17
      14
      17
       9
      17
      15
      21
      10
       9
       8
       9
       8
      19
       9
      14
      20
      17
      19
      17
       9
       8
      17
      10
      14
      10
      19
      10
      13
      15
      10
      17
      11
      12
       5
      13
       9
      14
      11
      11
      12
       2
      11
       3
       8
      10
       8
       9
       6
       7
      11
      10
       7
       9
       8
       3
       6
      11
       7
       4
       8
       7
       8
      11
       7
      12
       3
       4
       9
       7
       8
       5
       4
       7
      10
       4
       4
       6
       6
       5
       6
       2
       5
       6
       4
       5
       6
       5
       3
       8
       5
       3
       6
       5
       6
       5
       5
       5
       2
       3
       3
       7
       4
       4
       4
       2
       5
       1
       3
       5
       4
       2
       4
       1
       5
       3
       3
       4
       2
       3
       3
       4
       1
       2
       3
       4
       5
       4
       6
       5
       2
       5
       2
       4
       1
       3
       5
       7
       2
       2
       1
       6
       4
       3
       2
       3
       2
       4
       0
       2
       7
       3
       0
       1
       3
       1
       2
       2
       7
       2
       1
       5
       3
       3
       5
       3
       1
       4
       1
       3
       3
       1
       1
       2
       1
       0
       1
       5
       3
       2
       3
       4
       2
       0
       1
       2
       3
       3
       2
       6
       2
       4
       1
       3
       4
       0
       1
       1
       2
       2
       1
       1
       0
       3
       4
       3
       3
       2
       0
       0
       2
       1
       2
       3
       1
       1
       1
       2
       2
       0
       0
       0
       3
       2
       2
       2
       1
       2
       4
       3
       2
       2
       2
       4
       5
       4
       2
       3
       2
       1
       2
       1
       3
       3
       0
       3
       2
       2
       1
       1
       0
       0
       1
       1
       2
       3
       1
       3
       0
       0
       0
       2
       3
       2
       2
       0
       0
       2
       2
       3
       1
       1
       2
       0
       0
       1
       0
       0
       2
       1
       2
       5
       0
       1
       5
       0
       1
       2
       4
       1
       2
       2
       2
       2
       1
       0
       2
       2
       0
       1
       0
       1
       2
       2
       2
       1
       1
       3
       2
       2
       0
       3
       2
       3
       0
       2
       2
       1
       0
       1
       2
       0
       0
       2
       1
       1
       2
       1
       1
       1
       4
       3
       2
       3
       3
       0
       0
       0
       2
       1
       3
       3
       1
       3
       3
       2
       4
       3
       1
       1
       2
       1
       3
       0
       2
       3
       0
       0
       1
       4
       2
       3
       4
       3
       1
       4
       3
       3
       2
       1
       0
       2
       3
       4
       8
       2
       4
       3
       3
       4
       3
       6
       1
       7
       8
       5
       9
      10
      11
       8
       8
       9
       7
       7
       7
      10
       9
      12
      13
      15
      14
      15
      13
      21
      16
      22
      20
      24
      23
      18
      42
      24
      25
      31
      27
      25
      24
      27
      45
      35
      41
      45
      36
      34
      43
      54
      49
      49
      53
      59
      66
      66
      57
      67
      67
      80
      83
      72
      85
      91
     104
      86
     101
     104
      99
     118
     107
     101
     122
     131
     135
     130
     127
     151
     145
     163
     149
     134
     153
     175
     153
     162
     181
     176
     166
     182
     205
     185
     215
     206
     193
     214
     209
     212
     245
     261
     205
     251
     247
     254
     247
     247
     267
     263
     260
     290
     272
     284
     269
     312
     284
     297
     285
     318
     303
     306
     329
     325
     291
     299
     315
     346
     314
     313
     345
     319
     332
     339
     324
     304
     311
     303
     349
     321
     307
     320
     321
     305
     324
     307
     342
     285
     297
     305
     279
     280
     276
     272
     251
     285
     262
     300
     277
     268
     278
     263
     248
     243
     256
     260
     237
     267
     217
     224
     221
     219
     182
     180
     239
     178
     215
     183
     182
     181
     178
     165
     180
     158
     174
     160
     157
     165
     129
     135
     128
     111
     130
     120
     109
     109
     100
     107
     109
      96
      97
      98
      82
      93
      58
      71
      79
      62
      67
      75
      54
      61
      57
      69
      40
      56
      49
      47
      50
      47
      40
      33
      46
      23
      30
      30
      28
      27
      23
      27
      33
      18
      16
      18
      19
      21
      22
      16
      10
      18
      14
       5
       8
       9
       8
       8
       9
       5
       3
      10
       3
       3
       7
       6
       3
       4
       2
       7
       4
       7
       4
       3
       4
       2
       1
       0
       3
       3
       1
       4
       2
       5
       2
       1
       3
       0
       1
       1
       0
       2
       3
       0
       1
       0
       4
       2
       1
       1
       2
       0
       0
       1
       0
       0
       3
       0
       0
       0
       1
       1
       1
       0
       2
       0
       2
       1
       0
       1
       0
       2
       0
       1
       1
       1
       1
       2
       0
       1
       0
       0
       2
       0
       0
       0
       0
       1
       0
       2
       1
       0
       0
       1
       0
       0
       1
       0
       0
       0
       0
       0
       0
       0
       0
       1
       1
       0
       1
       0
       1
       0
       0
       1
       0
       1
       0
       1
       0
       2
       2
       0
       1
       0
       0
       2
       1
       0
       1
       1
       0
       0
       1
       1
       0
       0
       0
       1
       1
       0
       0
       1
       0
       1
       0
       1
       0
       0
       1
       0
       0
       0
       1
       0
       0
       0
       0
       0
       2
       0
       0
       2
       0
       1
       0
       0
       0
       0
       2
       0
       1
       0
       0
       0
       0
       1
       1
       0
       3
       0
       1
       3
       0
       0
       0
       1
       2
       0
       1
       0
       1
       1
       0
       0
       0
       2
       1
       0
       0
       0
       1
       0
       0
       1
       1
       0
       0
       0
       0
       0
       0
       0
       0
       0
       0
       0
       0
       0
       3
       1
       2
       1
       0
       1
       0
       0
       0
       1
       0
       1
       0
       0
       1
       0
       0
       0
       2
       0
       0
       0
       0
       0
       0
       0
       1
       0
       0
       2
       0
       3
       0
       0
       0
       0
       0
       1
       1
       0
       1
       0
       1
       0
       0
       2
       0
       0
       1
       0
       0
       0
       0
       0
       0
       0
       0
       0
       0
       3
       0
       1
       1
       1
       1
       0
       0
       0
       0
       0
       0
       0
       0
       0
       1
       1
       0
       0
       1
       1
       0
       1
       1
       1
       0
       0
       1
       0
       0
       0
       0
       0
       2
       2
       1
       0
       0
       0
       0
       0
       0
       1
       2
       0
       1
       2
       0
       0
       0
       0
       1
       1
       1
       0
       0
       0
       1
       1
       0
       0
       0
       0
       0
       1
       0
       0
       0
       1
       1
       1
       1
       0
       0
       1
       2
       1
       0
       0
       0
       1
       0
       0
       0
       0
       0
       1
       0
       0
       0
       1
       0
       1
       0
       1
       1
       1
       1
       0
       0
       0
       1
       1
       0
       1
       0
       0
       1
       0
       2
       2
       2
       0
       0
       0
       0
       0
       1
       1
       0
       0
       0
       0
       0
       0
       0
       0
       0
       0
       0
       0
       1
       0
       0
       0
       1
       1
       1
       2
       0
       1
       0
       0
       0
       0
       0
       0
       0
       0
       1
       0
       0
       0
       2
       0
       2
       1
       0
       1
       0
       0
       0
       0
       0
       1
       0
       0
       1
       0
       0
       0
       0
       0
       0
       0
       1
       1
       0
       0
       0
       0
       1
       1
       1
       0
       1
       1
       0
       0
       0
       0
       1
       2
       1
       0
       0
       2
       0
       0
       0
       0
       1
       0
       0
       1
       1
       0
       0
       1
       0
       0
       0
       1
       1
       0
       2
       1
       0
       0
       0
       0
       0
       0
       0
       0
       1
       0
       0
       0
       0
       0
       0
       0
       0
       0
       0
       0
       0
       0
       0
       0
       0
       0
       0
       0
$ROI:
3
162 224
345 375
1304 1586
$PRESETS:
Live Time
1200
0
$ENER_FIT:
0.000000 0.359353
$MCA_CAL:
3
0.000000E+000 3.593530E-001 0.000000E+000 keV
$SHAPE_CAL:
3
0.000000E+000 0.000000E+000 0.000000E+000
