$SPEC_ID:
This is sample 093.
$SPEC_REM:
DET# 1
DETDESC# DIP1456 PCI-Trump SN 253
AP# Maestro Version 7.01
$DATE_MEA:
02/02/2025 04:27:20
$MEAS_TIM:
1200 1235
$DATA:
0 2047
       0
       0
       0
       0
       0
       0
       0
       0
       0
       0
       0
       0
       0
       0
       0
       0
       0
       1
       3
       3
       6
       6
       3
       7
       7
       9
      13
      17
      13
      19
      14
      15
      15
      11
      13
      13
      16
      13
      18
      18
      19
      19
      15
      11
      12
       8
      16
      25
      15
      16
      11
      18
      15
      14
      14
      10
      18
      22
      14
      24
      16
      18
      21
      14
      14
      20
      27
      16
      19
      19
      15
      14
      22
      20
      28
      13
      22
      25
      21
      12
      20
      19
      11
      22
      16
      28
       9
      23
      22
      22
      15
      12
      24
      18
      19
      25
      14
      17
      14
      19
      19
      15
      19
      16
      16
      21
      24
      22
      16
      15
      18
      13
      20
      18
      25
      15
      18
      21
      15
      16
      18
      14
      22
      14
      21
      27
      21
      21
      25
      22
      20
      19
      14
      12
      21
      17
      24
      16
      20
      19
      18
      16
      25
      10
      25
      12
      19
      25
      17
      25
      17
      13
      13
      17
      19
      22
      17
      22
      15
      20
      19
      19
      21
      19
      18
      15
      21
      29
      25
      14
      18
      19
      14
      14
      17
      21
      25
      17
      24
      16
      18
      11
      14
      20
      20
      23
      19
      22
      26
      24
      24
      20
      19
      28
      15
      37
      20
      14
      12
      21
      20
      19
      19
      23
      25
      17
      22
      19
      24
      19
      23
      15
      22
      29
      15
      28
      23
      23
      16
      17
      15
      22
      30
      20
      26
      18
      14
      24
      23
      21
      31
      20
      20
      23
      29
      16
      16
      17
      20
      18
      21
      14
      30
      33
      13
      21
      25
      25
      24
      18
      21
      23
      24
      25
      14
      20
      14
      18
      13
      19
      24
      20
      19
      18
      15
      23
      23
      22
      20
      20
      14
      28
      23
      15
      17
      22
      17
      25
      23
      21
      28
      17
      20
      17
      22
      12
      18
      21
      20
      21
      17
      16
      24
      11
      16
      11
      15
      17
      14
      22
      14
      17
      14
      21
      30
      21
      24
      24
       8
      11
      16
      20
      23
      28
      24
      25
      23
      12
      20
      17
      23
      18
      19
      14
      14
      24
      16
      18
      24
      18
      17
      16
      23
      25
      22
      30
      21
      23
      26
      23
      17
      21
      21
      23
      11
      22
      18
      22
      16
      22
      24
      13
      26
      16
      21
      27
      21
      24
      21
      24
      21
      26
      16
      21
      24
      21
      21
      20
      17
      18
      25
      14
      18
      19
      16
      25
      23
      20
      20
      21
      19
      22
      18
      23
      17
      24
      17
      19
      26
      25
      20
      24
      23
      28
      26
      30
      21
      25
      21
      29
      23
      15
      13
      19
      18
      24
      21
      17
      16
      22
      21
      32
      19
      17
      25
      22
      14
      27
      21
      27
      22
      25
      15
      23
      21
      20
      19
      21
      27
      25
      21
      20
      17
      15
      19
      22
      15
      17
      16
      21
      18
      21
      19
      20
      18
      14
      16
      27
      18
      26
      16
      18
      21
      19
      25
      20
      28
      15
      29
      18
      23
      18
      15
      14
      21
      21
      23
      14
      26
      18
      24
      19
      19
      20
      19
      28
      32
      30
      26
      19
      27
      19
      18
      27
      19
      20
      26
      20
      19
      18
      24
      17
      31
      23
      29
      28
      25
      27
       8
      20
      24
      24
      14
      16
      18
      26
      21
      20
      22
      22
      27
      23
      15
      10
      18
      22
      24
      21
      27
      20
      24
      20
      20
      16
      17
      18
      13
      19
      32
      25
      20
      23
      27
      25
      19
      15
      23
      27
      22
      26
      23
      22
      19
      22
      18
      31
      13
      19
      25
      26
      30
      12
      20
      26
      20
      19
      30
      26
      14
      25
      15
      16
      24
      21
      21
      26
      22
      15
      12
      25
      24
      23
      16
      15
      24
      16
      27
      16
      16
      24
      16
      24
      17
      12
      16
      13
      20
      24
      27
      28
      16
      27
      20
      16
      14
      25
      19
      25
      27
      17
      15
      26
      21
      25
      28
      18
      20
      20
      20
      26
      16
      15
      23
      19
      24
      23
      15
      17
      20
      26
      10
      12
      25
      15
      20
      18
      15
      30
      20
      22
      18
      11
      21
      18
      21
      18
      17
      21
      23
      17
      25
      20
      23
      20
      24
      24
      22
      24
      18
      24
      26
      14
      24
      18
      27
      24
      11
      21
      19
      31
      23
      15
      12
      18
      21
      20
      24
      26
      11
      19
      17
      20
      21
      11
      20
      20
      24
      20
      25
      22
      20
      21
      17
      19
      16
      26
      21
      28
      20
      30
      15
      17
      28
      30
      21
      22
      20
      24
      24
      20
      21
      22
      14
      17
       9
      21
      16
      21
      17
      11
      20
      12
      15
      22
      29
      19
      11
      18
      19
      17
      22
      18
      21
      21
      16
      25
      11
      19
      29
      15
      25
      21
      14
      18
      25
      32
      20
      23
      19
      17
      20
      13
      34
      21
      20
      16
      24
      25
      19
      19
      16
      22
      12
      19
      18
      17
      19
      21
      19
      14
      27
      15
      19
      20
      20
      23
      19
      30
      24
      26
      14
      27
      17
      26
      21
      22
      20
      18
      27
      13
      17
      24
      20
      23
      23
      28
      20
      24
      20
      20
      17
      16
      24
      20
      22
      25
      21
      11
      23
      24
      25
      19
      24
      19
      26
      30
      23
      28
      13
      21
      14
      27
      15
      20
      13
      23
      27
      25
      14
      17
      17
      27
      23
      22
      21
      30
      24
      28
      23
      23
      14
      24
      27
      23
      18
      23
      27
      22
      20
      26
      22
      17
      24
      15
      30
      18
      26
      24
      24
      22
      25
      29
      25
      18
      20
      23
      16
      17
      27
      19
      16
      17
      32
      23
      24
      21
      22
      27
      26
      17
      21
      25
      32
      16
      20
      21
      29
      29
      22
      32
      35
      22
      26
      21
      18
      26
      21
      29
      17
      26
      19
      20
      24
      21
      13
      27
      17
      19
      18
      18
      20
      22
      32
      21
      20
      29
      24
      19
      17
      16
      15
      20
      18
      24
      16
      15
      16
      16
      12
      13
      29
      25
      14
      15
      16
      12
      15
      12
      15
       9
       9
      11
       9
      19
      15
      13
      15
      10
      23
      15
      13
      12
      12
       7
       7
      10
      19
       8
      10
       9
       9
      16
       5
       7
       9
      13
      11
       6
       7
       9
      13
       7
       5
       8
       5
       7
       6
       5
       5
       4
       8
       0
       9
       6
       6
       9
       4
       8
      10
      11
       3
       5
       3
       4
       5
       8
      11
       7
       6
      12
      10
       9
       9
       6
       4
       4
       2
       5
       3
       5
       5
       3
       1
       8
       8
       6
       4
       7
       4
       3
       4
       6
       5
       7
       8
       3
       5
       2
       7
       2
       4
       6
       6
       3
       4
       4
       5
       5
       5
       2
       6
       4
       5
       5
       3
       1
       4
       4
       3
       0
       4
       6
       2
       2
       3
       5
       6
       3
       2
       3
       1
       1
       5
       5
       5
       2
       2
       2
       3
       2
       1
       4
       2
       2
       2
       3
       0
       1
       7
       1
       2
       2
       1
       1
       3
       4
       3
       2
       3
       0
       2
       3
       1
       0
       4
       2
       0
       6
       3
       1
       2
       3
       4
       1
       2
       3
       4
       3
       2
       2
       9
       3
       3
       0
       1
       4
       2
       1
       0
       2
       3
       4
       1
       4
       2
       2
       2
       3
       5
       4
       4
       2
       0
       2
       2
       2
       1
       5
       4
       0
       2
       1
       3
       2
       2
       1
       2
       1
       1
       3
       4
       1
       1
       5
       1
       1
       0
       1
       4
       2
       2
       2
       2
       1
       2
       0
       3
       3
       0
       2
       1
       1
       2
       3
       0
       1
       1
       2
       1
       2
       2
       2
       2
       1
       0
       1
       1
       2
       1
       2
       1
       2
       0
       2
       1
       1
       2
       1
       3
       1
       3
       3
       2
       0
       3
       2
       1
       2
       1
       2
       1
       2
       2
       2
       1
       5
       1
       2
       1
       1
       4
       0
       3
       2
       1
       2
       0
       1
       2
       3
       2
       0
       1
       2
       0
       2
       3
       1
       2
       2
       1
       2
       1
       1
       3
       3
       2
       2
       3
       1
       2
       2
       0
       2
       1
       2
       1
       0
       0
       2
       3
       1
       1
       0
       2
       1
       4
       1
       2
       2
       2
       2
       3
       3
       1
       4
       3
       1
       2
       4
       2
       1
       3
       1
       1
       0
       1
       1
       1
       2
       3
       5
       2
       1
       2
       0
       0
       2
       5
       7
       2
       4
       4
       3
       3
       5
       4
       2
       4
       4
       5
       5
       6
       9
       3
       7
       6
       6
       7
       6
       5
       6
      13
       3
      12
       8
      20
      16
      11
      19
      19
      15
      16
      15
      14
      19
      24
      15
      32
      14
      23
      23
      25
      29
      32
      27
      29
      37
      41
      40
      36
      57
      42
      45
      54
      40
      60
      50
      64
      55
      54
      71
      69
      70
      71
      80
      88
      77
      82
      99
      97
      90
     108
      96
     122
     106
     128
     124
     135
     137
     137
     148
     119
     135
     125
     169
     143
     152
     178
     184
     161
     199
     140
     199
     174
     201
     182
     201
     209
     211
     209
     224
     207
     228
     213
     219
     232
     257
     247
     287
     252
     285
     264
     267
     263
     330
     283
     304
     284
     292
     309
     301
     285
     300
     296
     288
     275
     282
     304
     340
     309
     310
     281
     326
     306
     313
     320
     332
     299
     309
     289
     290
     300
     321
     328
     308
     326
     302
     294
     271
     288
     318
     291
     308
     321
     283
     292
     280
     289
     273
     284
     254
     280
     276
     250
     256
     245
     273
     240
     232
     242
     210
     225
     210
     211
     203
     194
     221
     180
     198
     173
     177
     173
     197
     151
     170
     160
     134
     141
     169
     134
     147
     138
     143
     140
     133
     112
     116
      91
     114
     105
     102
      98
      84
      82
      89
      84
      74
      66
      78
      57
      81
      71
      77
      46
      53
      42
      62
      53
      36
      53
      41
      51
      32
      33
      29
      24
      25
      30
      21
      29
      28
      25
      25
      24
      22
      16
      15
      21
      16
      15
      16
      19
      15
      11
      10
      12
      11
      10
       8
       5
       4
       7
       7
       3
       8
       5
       4
       4
       4
       7
       3
       3
       2
       1
       5
       2
       2
       1
       2
       1
       2
       3
       2
       1
       6
       1
       1
       0
       2
       0
       2
       1
       2
       0
       0
       1
       3
       0
       2
       0
       0
       1
       1
       1
       2
       1
       2
       2
       0
       0
       1
       0
       2
       1
       1
       1
       0
       0
       1
       0
       1
       1
       1
       0
       1
       1
       1
       1
       0
       0
       1
       0
       0
       2
       1
       0
       0
       0
       0
       0
       0
       0
       1
       0
       1
       1
       0
       0
       0
       1
       1
       1
       0
       1
       1
       1
       0
       0
       0
       0
       1
       1
       0
       0
       0
       0
       1
       1
       0
       0
       0
       0
       1
       1
       0
       0
       3
       1
       0
       2
       0
       1
       0
       2
       0
       0
       1
       0
       1
       1
       1
       2
       0
       0
       0
       0
       0
       0
       0
       0
       0
       0
       0
       0
       2
       0
       0
       0
       0
       0
       0
       0
       0
       0
       0
       1
       1
       0
       0
       0
       0
       1
       2
       1
       0
       2
       2
       0
       1
       1
       1
       1
       0
       0
       0
       1
       0
       1
       0
       0
       0
       0
       0
       1
       0
       1
       0
       2
       0
       0
       0
       1
       0
       0
       0
       0
       0
       1
       2
       1
       0
       0
       0
       2
       1
       0
       2
       0
       0
       0
       2
       0
       0
       0
       0
       3
       1
       0
       1
       0
       0
       0
       2
       0
       1
       0
       0
       1
       1
       0
       0
       0
       0
       1
       1
       2
       0
       0
       1
       1
       0
       1
       0
       1
       1
       2
       0
       0
       0
       0
       0
       2
       0
       3
       0
       0
       0
       1
       0
       0
       0
       2
       1
       0
       0
       0
       0
       0
       0
       1
       0
       1
       1
       0
       1
       0
       0
       0
       0
       0
       0
       1
       0
       0
       1
       0
       0
       0
       0
       0
       0
       1
       0
       0
       0
       0
       1
       0
       2
       1
       1
       0
       1
       2
       1
       1
       0
       0
       0
       0
       1
       0
       1
       0
       0
       0
       0
       0
       0
       0
       0
       0
       1
       0
       0
       0
       0
       0
       1
       1
       2
       0
       0
       0
       2
       0
       1
       0
       1
       0
       0
       0
       1
       0
       0
       1
       0
       0
       1
       0
       0
       1
       0
       0
       0
       0
       0
       1
       0
       0
       0
       0
       0
       0
       0
       2
       1
       0
       0
       0
       0
       1
       2
       2
       1
       1
       0
       1
       1
       0
       2
       0
       0
       0
       0
       1
       1
       0
       0
       0
       0
       0
       0
       1
       1
       0
       0
       0
       1
       0
       0
       1
       0
       1
       1
       0
       0
       0
       0
       0
       0
       0
       2
       1
       0
       0
       1
       1
       0
       1
       0
       0
       1
       0
       0
       0
       1
       1
       0
       0
       1
       0
       0
       1
       0
       0
       0
       0
       1
       0
       0
       0
       0
       0
       0
       0
       1
       1
       0
       1
       0
       0
       0
       0
       2
       0
       0
       0
       1
       0
       0
       0
       1
       0
       0
       0
       1
       1
       0
       2
       0
       1
       2
       0
       0
       0
       0
       0
       0
       0
       0
       0
       0
       0
       2
       0
       0
       0
       0
       0
       0
       0
       0
       0
       0
       0
       0
       0
       0
       0
       0
       0
       0
       0
       0
       0
       0
$ROI:
3
162 224
345 375
1304 1586
$PRESETS:
Live Time
1200
0
$ENER_FIT:
0.000000 0.359353
$MCA_CAL:
3
0.000000E+000 3.593530E-001 0.000000E+000 keV
$SHAPE_CAL:
3
0.000000E+000 0.000000E+000 0.000000E+000
