Number of photons that left the target: 645614
Number of photons that interacted with the target: 1000000
Number of photoelectric interactions: 45931
Number of Compton interactions: 954069
Number of Compton interactions (2nd): 738393
Number of Compton interactions (3rd): 503243
Number of photons that reached the detector: 485
Number of photons observed by the detector: 169
Detected Energies:
368.84680454395317
270.77072582603876
298.66017930853747
62.347253405156465
246.92721956343058
390.36269236656716
172.0218165924219
429.0955786043724
202.20890701524323
337.7688122104627
252.81634815645572
300.25929166186586
10.04559455729197
139.49757841811248
40.615859120403506
197.8250396574237
119.76558777683879
167.52389448523166
348.07742672092525
348.88380320901484
256.81209244525843
231.7667924714889
163.81243826559427
406.50258052455695
150.84517379258838
13.430560996742384
238.0948239860933
306.3095670933669
278.2412257956453
379.961811087474
127.41406701603792
122.52409705266454
368.35797695647545
137.90837802338157
152.60750638694145
135.82713169501938
13.419031998127977
170.15234756271317
125.93240897923776
25.360960322119865
85.0905358149565
158.87903262827865
151.75838840835704
84.51763604153683
193.4055331102644
287.87775525617246
9.761067188230342
281.25231196348545
284.29890626493943
0.2847844676013355
331.4387550716333
318.89480634603285
311.05879254047204
8.903827933408133
61.51915956088224
17.432587560416707
22.800223014235886
177.08328476020154
46.58526365872422
342.1223520356389
208.9695246958994
14.632784404527909
250.26156868781598
232.27628289094451
277.54740030489154
209.8098189209251
134.16594331854958
220.96683393390455
374.4659778037788
337.6383609353402
323.185321628119
208.4881158260337
402.81832197890185
436.26693348248625
0.10777121057681974
166.72756241701342
58.98880428126049
174.9626311642528
62.06089005060243
4.998169178056123
285.8059491430622
158.47670277105303
379.83101518558243
34.44116704398798
298.92265154015195
349.05852649461076
233.11388949516382
134.66451050353766
273.1399398878715
396.4716450723845
357.80425123518006
356.75000782057924
13.452057657022312
150.98046933598908
312.6023607647461
311.77266922859735
144.59819631935414
201.16800033357967
256.3389803934624
127.23586950631544
74.39332024196923
226.29860652676942
25.704462564713207
312.09924548446526
127.00493249288901
167.34141623918438
309.22718243126434
328.88385988409334
37.91562931676021
96.15364713902831
348.2746688810561
17.501754249789407
205.55442249529358
177.24412944251503
220.95816059979353
8.886749981605542
374.5580301822863
400.71020309320545
30.074712903981432
60.25349170418852
373.54363159938987
88.71544732043432
340.41313692465576
8.96602145523593
192.2491399647132
179.55355574664577
183.0646660664638
169.18758095125648
98.99903793159588
141.48116105612638
179.4315438604522
250.73388119567505
55.74947506565189
188.29328456136864
70.18054529634888
220.14820299854298
130.46866587127988
240.43461812437192
212.6331043055765
322.24606353403743
323.4281471660166
1.3011852872874141
85.04413308882229
224.06919972252715
326.30345916673775
420.865270188952
224.5772021382251
200.58819402555548
274.9298722128504
157.5991155429615
177.97508500694778
173.75909733179574
36.941166250251236
411.7467853080583
146.49745906201457
300.9522791196732
184.9740503496685
150.5198106243129
20.167733743068148
119.55535078670387
168.94261157152368
259.025034209281
221.26636316549022
373.4254311380928
146.27273661278144
125.73333250243766
0.9194186634345252
243.2915367851341
195.5165111242195
