Number of photons that left the target: 645868
Number of photons that interacted with the target: 1000000
Number of photoelectric interactions: 46136
Number of Compton interactions: 953864
Number of Compton interactions (2nd): 737833
Number of Compton interactions (3rd): 502729
Number of photons that reached the detector: 441
Number of photons observed by the detector: 158
Detected Energies:
135.68967612529062
359.5624599846838
234.22074226218115
387.3801658281918
300.0359241912892
50.819635418504895
6.877420193494601
280.63431346033315
333.04936106527975
197.70082018119209
364.9766740736596
0.4020822573492739
0.9498722147473037
268.4423114678704
163.7528695230966
4.15135113952303
247.40390699772573
320.72298332066805
160.31952773199433
128.9787845521178
148.49368960308328
173.74193183925107
361.4955913466514
410.9716091278687
162.30248403117776
52.96923934670443
22.211509187673162
10.412481123723092
311.39291878514933
175.70049719251665
70.38570744833719
319.9666996138614
301.52195431323713
121.52875785201583
267.39146040250847
128.79364329469155
0.029391730834010227
222.29467762692852
248.73175878004477
353.42204174386757
25.731093897376766
186.5606501943173
185.46389090948412
170.88817606794692
358.0413063336198
176.08023781313952
372.3080310568316
330.2845716720074
200.81753583249812
331.772484361461
35.45852529493315
141.9394502463555
383.0729222524747
181.1551764889293
66.28591893586538
3.5904671255732725
130.94118209866352
75.68057886584444
42.70148130249371
362.56408391649916
341.6262724675854
298.1168509123823
8.945748974199567
192.76221876952505
350.5047977819815
167.87069178206502
20.984538849100346
185.563283289398
304.1878763241594
130.68709686634583
139.8301198894404
400.68224950000484
54.61389375386881
223.2765958573602
182.41125998311202
206.31589773853344
250.51984211902635
358.85598903266947
282.78074588180334
191.48193257362016
398.53591071636305
34.07310238044777
1.6159404136567292
333.08267903828556
389.097768089408
312.7313789102194
188.93582049417134
7.422448379606999
222.88614888412903
175.7855386481908
221.42213264239794
364.4032286293123
7.540737704153176
352.31075273567683
412.58645552449195
0.005314348935292112
26.88174652690819
406.0180409935841
237.3414629853436
219.98134678943205
158.8187476324474
290.40243988142726
136.76217722137955
385.0946936636287
401.2899936771187
153.01054761151724
120.43577002784279
177.04213861131328
251.6560388061473
14.554161501976028
211.4289480052599
1.1601833156622403
299.6154909885174
153.64975186772304
153.79142854770515
361.9215600434039
158.55784114513224
125.85517346989485
158.13974941586704
10.393054680276975
146.67900920630203
337.5602801066882
7.808037168911344
194.8998919463936
347.17719440787306
127.8882919095232
273.74249738039504
207.4305805244478
48.902025911027366
187.51130002639172
8.05491659130804
416.61809412632925
373.8211283966825
69.76679871738023
23.43797143071849
233.16391913961533
156.82893960734364
165.7851493427874
354.0612923923402
166.35206369052548
149.08848554328043
24.381773678782725
253.0693050343469
398.7475266616948
284.1764439157763
168.2040853723865
233.563492542423
62.507670965344026
196.88533921565246
169.32667876045554
171.73949729922106
304.99543216375747
371.34965017009375
190.35210394846467
406.5393729296235
56.42639011876066
82.8724241903053
370.1848213720479
