$SPEC_ID:
This is sample 047.
$SPEC_REM:
DET# 1
DETDESC# DIP1456 PCI-Trump SN 253
AP# Maestro Version 7.01
$DATE_MEA:
11/06/2024 17:36:21
$MEAS_TIM:
25 27
$DATA:
0 2047
       0
       0
       0
       0
       0
       0
       0
       0
       0
       0
       0
       0
       0
       0
       0
       0
       0
       0
       0
       0
       0
       0
       0
       0
       0
       0
       0
       0
       0
       0
       0
       0
       0
       0
       0
       0
       0
       0
       0
       0
       0
       0
       0
       0
       0
       0
       0
       0
       0
       0
       0
       1
      16
     125
     114
      88
      88
      98
      83
      69
     102
      76
      91
      90
      94
      82
      92
      88
     107
      98
      99
     105
      92
     115
     102
     113
     115
     103
      98
     114
     111
     125
     124
      98
      84
     119
     111
     107
     117
     122
     133
     118
     102
     123
     112
     128
     107
     125
     136
     131
     126
     133
     139
     133
     115
     109
     134
     140
     135
     141
     125
     138
     121
     122
     123
     139
     130
     142
     142
     118
     143
     134
     135
     133
     138
     127
     134
     122
     142
     134
     124
     145
     106
     137
     157
     132
     109
     154
     119
     147
     149
     141
     140
     138
     141
     142
     143
     154
     131
     130
     155
     153
     140
     136
     142
     120
     145
     131
     148
     137
     158
     134
     127
     149
     147
     118
     143
     124
     152
     144
     136
     150
     161
     135
     148
     147
     167
     161
     126
     157
     176
     155
     139
     148
     192
     142
     150
     139
     185
     179
     173
     166
     185
     162
     156
     169
     178
     206
     173
     160
     176
     171
     169
     183
     181
     196
     182
     168
     186
     188
     178
     199
     160
     185
     172
     150
     193
     177
     181
     171
     156
     175
     190
     174
     182
     199
     182
     171
     166
     164
     181
     178
     169
     159
     158
     164
     161
     141
     134
     165
     155
     173
     160
     163
     165
     143
     148
     154
     165
     142
     152
     143
     174
     166
     154
     159
     147
     153
     150
     153
     160
     150
     155
     145
     164
     157
     148
     154
     156
     136
     137
     147
     147
     120
     142
     131
     129
     131
     147
     135
     140
     130
     139
     113
     121
     110
     126
     130
     121
     119
     119
     144
     118
     140
     125
     130
     124
     126
     121
     126
     108
     130
     108
     108
     109
     144
     100
     113
     104
     128
     126
      97
     110
     119
     103
     127
     107
     122
     109
      98
     113
      90
     105
     101
     119
     101
     102
      92
     106
     102
     109
     102
     111
     106
     109
      98
     104
      82
     100
     107
      98
     113
     105
      92
      95
     108
     113
      90
      98
      99
     104
      98
     112
      85
      81
      90
      80
      83
     102
      95
      72
      89
      70
      95
      88
      75
      94
      77
      93
      66
      74
      64
      64
      77
      72
      52
      69
      61
      65
      65
      63
      59
      54
      54
      48
      58
      55
      51
      36
      48
      61
      58
      50
      51
      46
      47
      66
      69
      60
      45
      47
      43
      32
      51
      44
      46
      38
      39
      59
      45
      41
      38
      41
      37
      31
      49
      43
      38
      46
      43
      50
      46
      34
      46
      40
      24
      40
      44
      40
      43
      41
      44
      32
      33
      26
      50
      33
      51
      39
      30
      38
      37
      42
      33
      39
      35
      29
      42
      42
      32
      42
      31
      31
      32
      37
      32
      44
      42
      39
      39
      30
      28
      32
      24
      23
      31
      35
      32
      22
      29
      33
      26
      26
      29
      33
      30
      33
      26
      26
      31
      22
      33
      32
      36
      29
      48
      32
      32
      36
      24
      31
      28
      36
      29
      27
      36
      35
      37
      25
      35
      34
      25
      23
      24
      33
      29
      29
      29
      31
      37
      27
      33
      20
      41
      49
      38
      41
      50
      34
      64
      54
      51
      58
      79
      66
      87
      81
      98
     103
     116
     134
     125
     154
     173
     164
     186
     185
     215
     211
     251
     231
     261
     289
     292
     281
     342
     340
     381
     370
     371
     401
     434
     430
     420
     437
     458
     460
     474
     487
     475
     539
     561
     530
     525
     513
     554
     531
     548
     524
     454
     491
     479
     467
     445
     458
     464
     412
     417
     415
     359
     328
     312
     301
     304
     304
     262
     245
     236
     220
     215
     227
     183
     181
     148
     126
     132
     123
     113
     111
     106
      83
      88
      82
      60
      51
      56
      48
      46
      54
      43
      27
      35
      35
      30
      26
      17
      27
      32
      29
      23
      25
      25
      21
      20
      20
      14
      10
      15
      15
      13
      16
       9
      13
      15
      20
      15
      18
      15
      21
       9
      14
      19
      20
      15
      20
      16
      15
      15
       9
      21
      20
      13
      14
      12
      17
       8
      16
      13
      17
      12
      24
      13
      12
      19
      14
      13
      11
      15
      18
      17
       9
      12
       9
      12
      14
      18
      16
      15
      13
      16
      11
      10
      16
      22
      12
      12
      22
      15
      12
      18
      16
      12
      15
      11
      14
      16
      15
      15
      22
       7
      16
      12
      13
      20
      15
      13
      14
      11
      11
      15
      15
      13
      12
      15
      16
      13
      14
      17
      15
      22
      11
      14
      17
      15
      11
      27
      17
      23
      11
      19
       8
       4
      17
      11
      23
      11
      13
      19
      17
      17
      13
      14
      13
      12
      18
      12
      12
      16
      16
       6
      18
      16
      12
      11
      15
      10
      10
      10
      13
      15
      20
      11
      12
      13
      23
       8
       8
       9
      10
      18
      16
      10
      15
      15
      19
      12
      15
       9
      13
      16
      14
      11
      19
      19
       7
      11
      12
      12
      12
      11
      14
      10
      12
      21
      17
      18
      14
      12
      11
      12
      14
      26
       9
      11
      13
      16
      15
      10
      11
      15
      12
      13
      16
      10
      15
      13
      20
      14
       9
      11
      10
      13
      13
      17
      14
       8
       9
      14
       8
      19
      17
      21
      13
      17
      14
      18
      13
      19
      22
      17
      14
      17
      17
      24
      13
      12
      18
       9
      16
      14
      18
      17
      16
      19
      19
      15
      14
      14
      11
      18
      11
      14
      17
      14
      17
      20
      15
      18
      15
      11
      17
      18
      16
      13
      19
      13
      17
      12
      12
      12
      15
       9
      10
       8
      13
      11
      15
      16
      18
      19
      13
      12
      11
      15
       6
      14
      10
       7
      13
      17
      13
      16
      16
      21
      11
      17
      14
      13
       9
      13
      16
      11
      13
      13
      17
      12
      13
      11
      10
      14
      13
      15
      13
      17
      15
      18
      19
      14
      16
      16
      10
      18
      13
      10
      22
      15
      17
      11
      16
      14
      13
      12
      16
      13
      15
       8
      12
      16
      12
       9
      14
      18
      15
      18
      16
      13
      14
      21
      10
      17
      14
       7
      11
      19
      10
      19
      22
      18
      11
      16
      19
      21
      15
       7
      12
      20
      16
      26
      15
      13
      14
      14
       9
      13
      15
      15
      15
      17
      16
      17
      17
      19
      14
      20
      11
      13
      14
      16
      22
      16
      20
      15
      18
      11
      15
      17
      17
      18
      16
      19
      17
      18
      18
      18
      15
      15
      10
      15
      12
      16
      10
      16
      19
      25
      16
      16
      18
      12
      10
      16
      20
      17
      19
      17
      15
      15
      13
      13
      13
      19
      17
      18
      23
      17
      11
      14
      17
      17
      14
      14
      13
      10
      18
      13
      19
      24
      23
      18
      13
      17
      12
      28
      23
      15
      11
      25
      18
      16
      13
      14
      29
      25
      22
      21
      20
      14
       9
      26
      22
      17
      20
      15
      14
      19
      16
      19
      16
      15
      15
      18
      23
      12
      15
       9
      20
      12
      19
      12
      19
      12
      19
      18
      16
      10
      13
      13
      18
      15
      15
      14
      18
      11
       9
      10
      11
      10
       6
      13
      12
       9
      10
       8
       9
       9
      18
      10
      10
       6
      11
       7
      14
      10
       6
      12
      11
       9
      14
      11
      14
       5
       3
       6
       7
       9
       7
       8
       5
       4
       7
       8
       7
       4
       8
       3
       7
      10
       5
       9
       5
       2
       7
       6
       5
       7
       2
       4
       1
       3
       4
       5
       5
       6
       2
       5
       4
       4
       4
       4
       1
       4
       2
       4
       5
       3
       6
       5
       2
       5
       1
       2
       2
       3
       2
       3
       7
       2
       1
       4
       4
       2
       3
       6
       1
       0
       1
       7
       5
       4
       4
       1
       3
       1
       5
       1
       2
       1
       5
       1
       4
       0
       3
       0
       3
       2
       2
       3
       0
       2
       1
       2
       0
       3
       0
       0
       0
       1
       2
       3
       2
       0
       0
       1
       1
       2
       3
       1
       1
       0
       1
       2
       2
       0
       3
       3
       0
       1
       0
       1
       0
       1
       0
       2
       3
       1
       2
       2
       5
       3
       2
       1
       0
       1
       2
       6
       4
       4
       3
       1
       5
       3
       3
       5
       2
       1
       4
       1
       6
       1
       1
       7
       8
       9
       4
       6
       5
       3
       6
       5
       5
       9
       6
       7
      10
      13
       6
      11
       8
       7
      19
      18
      17
      22
      22
      30
      22
      23
      25
      30
      27
      38
      27
      27
      34
      28
      39
      29
      46
      45
      41
      45
      37
      52
      41
      43
      49
      56
      40
      56
      52
      47
      59
      45
      63
      61
      66
      49
      55
      62
      66
      58
      58
      65
      48
      50
      55
      63
      65
      56
      69
      66
      72
      78
      55
      52
      71
      62
      48
      64
      64
      56
      59
      70
      65
      59
      50
      49
      60
      62
      47
      41
      50
      38
      47
      28
      50
      37
      41
      37
      37
      22
      32
      24
      29
      23
      29
      22
      21
      28
      35
      20
      10
      28
      24
      19
      12
      16
      10
      10
      11
      13
      15
      17
      15
      11
       7
      16
      13
       7
       7
      13
       5
      10
       4
       6
       6
      10
       4
       6
       9
       2
       2
       1
       6
       2
       2
       3
       3
       5
       2
       5
       2
       0
       3
       1
       3
       1
       2
       0
       1
       0
       2
       0
       0
       1
       1
       2
       0
       0
       3
       1
       0
       1
       0
       1
       0
       0
       0
       1
       2
       1
       1
       0
       0
       0
       0
       0
       1
       1
       1
       2
       1
       0
       2
       0
       1
       0
       1
       1
       0
       2
       0
       2
       1
       1
       0
       1
       0
       1
       1
       1
       0
       0
       1
       0
       3
       1
       0
       0
       0
       0
       1
       1
       0
       0
       2
       0
       2
       1
       2
       1
       1
       1
       2
       2
       0
       0
       2
       3
       0
       0
       2
       1
       1
       1
       1
       4
       1
       0
       1
       2
       0
       1
       1
       1
       1
       1
       2
       2
       0
       0
       2
       1
       2
       1
       1
       3
       2
       1
       1
       2
       2
       1
       1
       0
       1
       0
       3
       1
       1
       1
       2
       2
       0
       2
       2
       1
       0
       0
       1
       2
       3
       1
       1
       0
       0
       0
       1
       3
       0
       0
       3
       0
       0
       0
       0
       2
       0
       0
       0
       0
       0
       0
       0
       0
       1
       0
       0
       1
       0
       0
       0
       0
       3
       2
       1
       0
       1
       0
       0
       2
       0
       0
       1
       0
       0
       1
       0
       0
       0
       1
       1
       0
       1
       1
       0
       0
       0
       0
       0
       1
       0
       0
       0
       1
       1
       1
       1
       2
       0
       0
       0
       1
       1
       1
       0
       0
       1
       0
       0
       1
       0
       0
       0
       0
       0
       0
       0
       0
       0
       1
       0
       0
       1
       0
       0
       1
       1
       0
       0
       0
       2
       0
       0
       0
       0
       0
       1
       0
       0
       0
       0
       0
       0
       1
       0
       3
       0
       0
       0
       0
       0
       0
       0
       1
       0
       0
       0
       0
       1
       0
       0
       0
       0
       0
       0
       0
       0
       0
       0
       0
       0
       0
       1
       0
       0
       0
       0
       0
       0
       0
       0
       1
       1
       0
       1
       0
       0
       0
       0
       0
       0
       0
       0
       0
       0
       1
       0
       0
       1
       0
       1
       0
       0
       0
       0
       0
       0
       0
       0
       1
       0
       1
       0
       0
       0
       0
       0
       0
       0
       1
       0
       0
       0
       0
       0
       0
       0
       0
       0
       0
       0
       0
       0
       2
       0
       0
       3
       1
       0
       0
       0
       0
       0
       0
       1
       0
       1
       0
       0
       0
       0
       0
       0
       0
       0
       0
       0
       0
       0
       1
       1
       0
       1
       1
       0
       0
       0
       0
       0
       0
       1
       0
       0
       0
       0
       0
       0
       0
       0
       1
       0
       1
       0
       0
       1
       0
       0
       0
       0
       1
       0
       0
       0
       0
       0
       1
       0
       0
       1
       0
       1
       0
       1
       0
       0
       0
       1
       1
       1
       0
       0
       0
       0
       0
       0
       0
       0
       0
       0
       0
       1
       0
       0
       0
       2
       0
       2
       1
       0
       1
       0
       0
       0
       1
       1
       1
       1
       2
       1
       1
       0
       2
       1
       0
       0
       0
       1
       0
       0
       0
       1
       1
       0
       0
       0
       1
       0
       0
       0
       0
       0
       0
       0
       0
       0
       0
       0
       0
       1
       2
       0
       0
       2
       3
       1
       1
       0
       0
       0
       0
       0
       0
       0
       0
       0
       0
       0
       0
       0
       0
       0
       0
       0
       0
       0
       0
       0
       0
       0
       0
       0
       0
       0
       0
       0
       0
       0
       0
       0
       0
       0
       0
       0
       0
       0
       0
       0
       0
       0
       0
       0
       0
       0
       0
       0
       0
       0
       0
       0
       0
       0
       0
       0
       0
       0
       0
       0
       0
       0
       0
       0
       0
       0
       0
       0
       0
       0
       0
       0
       0
       0
       0
       0
       0
       0
       0
       0
       0
       0
       0
       0
       0
       0
       0
       0
       0
       0
       0
       0
       0
       0
       0
       0
       0
       0
       0
       0
       0
       0
       0
       0
       0
       0
       0
       0
       0
       0
       0
       0
       0
       0
       0
       0
       0
       0
       0
       0
       0
$ROI:
3
17 25
525 614
1043 1386
$PRESETS:
Live Time
1036800
0
$ENER_FIT:
-37.406231 1.986979
$MCA_CAL:
3
-3.740623E+001 1.986979E+000 0.000000E+000 keV
$SHAPE_CAL:
3
0.000000E+000 0.000000E+000 0.000000E+000
