Number of photons that left the target: 718001
Number of photons that interacted with the target: 879187
Number of photons that interacted with the target (2nd): 549577
Number of photons that interacted with the target (3rd): 316432
Number of photons that interacted with the target (4th): 160228
Number of photoelectric interactions: 40744
Number of photoelectric interactions (2nd): 85515
Number of photoelectric interactions (3rd): 91169
Number of photoelectric interactions (4th): 64571
Number of Compton interactions: 838443
Number of Compton interactions (2nd): 464062
Number of Compton interactions (3rd): 225263
Number of Compton interactions (4th): 95657
Number of photons that reached the detector: 3012
Number of photons observed by the detector: 1236
Detected Energies:
418.1778860667431
307.0791199447391
4.2971270342694154
86.6962503073155
308.13752852190015
411.95896200290804
43.64560666513819
4.9640860314874615
450.37263516585165
376.76882493279635
406.34743927605433
414.0646791973057
414.7074144356194
405.0995230942574
9.740911751905628
7.283161591517166
356.7969213529144
272.6330958261597
104.20723173602116
42.950086636721515
162.5747127928301
182.96572595618485
229.74918595701922
2.6971793551702232
407.74915398860026
121.16696396844603
240.73201188014403
5.907232579744227
104.81276114593763
384.7009401691496
103.19881579026159
24.05997159097097
414.40734053462256
248.73161078786575
103.64531109661877
0.25177148407945954
400.5217597854509
100.00206181857995
134.8446529012077
422.3236701757205
299.22601479311476
186.93408445176914
288.57978777142534
2.3297722777175984
2.7817786838863396
27.130788469168536
20.473865040934225
398.0010622272926
409.9648014171059
25.66496621857356
47.12804288768479
110.52312966003278
137.2134751591617
139.36847163437162
435.84044399440313
228.69731751751073
406.09340945616
438.9776488080342
0.2665212129707773
82.57505232931759
300.40740334686785
40.4049150603805
433.07626524461864
305.19912792147693
56.03666940889816
1.525336915033995
51.15460829334454
411.7088849225328
264.99287295100766
13.278285104297758
395.0214373822876
167.46084841648351
249.55541934228125
1.8096526803071127
429.659505558031
135.1778889719767
102.26301843145396
366.68057891034306
397.86530726078746
130.57273039996522
391.5169331168675
50.29993811121459
251.208847610526
0.1023878018706765
162.48224023533348
419.18847395398836
422.8911277601378
154.78450224325906
46.42846047508692
280.1082161054176
44.66063790790795
422.5866525685088
88.24327882931237
410.40247439881455
400.80029457330966
76.60309942250494
248.08849581335235
222.98698023866004
215.53047220650072
184.8773091451309
188.6663450454525
171.81551811175174
20.313235480947352
422.90935734080267
401.36052731349656
6.307877704105775
0.22086349335935768
11.542278313980294
271.5085247951061
184.95777907684473
26.025454442321205
3.4823965254521827
0.7883079059895672
406.18654872632834
0.053425440514306255
429.28648891454526
0.3929443450439606
16.528517759672773
153.58950474166295
177.9405049174083
31.514604892932365
1.4864775427253436
419.3395266755848
154.59937923234756
178.76560817548736
420.4185721947952
245.48009618046166
148.01827883625262
404.6093185101508
140.02868448601512
244.09804207261732
294.78349972735793
234.80650834941386
59.73884359869616
229.4751622651499
414.30664964438733
159.43028013984855
113.57175988658196
237.94431920566726
111.42467594387493
0.6638115107138735
12.027109155878614
3.8526655683774935
17.671569265211126
168.54411149694732
234.9366215461196
180.8183101710311
296.33332202208715
285.2468371829278
267.7103411086336
156.54539540463122
88.5518458553778
368.8571313004321
41.64869272613291
420.41022265477153
158.82057614991817
422.4531276065795
404.9440410197603
199.27100007784043
45.453715798070775
436.027787345506
284.96700429670886
256.89317106007843
228.87717150111916
452.7916625304982
422.85313485645224
25.194829943956425
114.87486105759577
212.59125911395796
139.5571523620426
8.987032512814585
383.5036223358435
257.58233021986507
8.718044818500303
115.78465507927787
225.8833002348194
399.57979250426973
245.89059465108252
34.15834200904424
240.31752527497517
159.56459829730096
164.18349450316546
17.341293567143403
290.4225612207959
204.78857668099175
164.7411594369703
303.2519163051779
0.6678999946379861
185.53953800510715
252.0543230528004
206.49561903949373
430.670186641449
411.93073642980056
151.31864266246242
164.3507473858078
105.93844766010335
25.749803010090904
382.8255442134206
14.155936704457341
117.20044863595446
46.67237736097866
423.4939663304256
275.7520032921346
0.08256214569793155
227.6819063986931
188.2387303443623
103.32278079278305
259.10905996673273
303.122915217231
258.4792355897234
160.0591890516511
165.54069452245793
414.95948481448505
10.60615176329391
395.3246325942794
108.9683563320118
216.58284955747195
9.364509777990854
179.8494922064614
58.64210086716557
424.29216184491384
397.45706717898554
10.514559416249261
286.36867882711425
0.06155132094413168
4.567887189147989
6.045557070051969
260.6415160798747
351.6757486185483
429.9635201928914
426.1396475438388
106.53200223654733
207.57903159343232
9.658686174016971
403.4664768705866
269.90630293834215
49.31019357784012
5.360560439003857
164.0764356839335
50.39128435435401
409.6018955206729
75.7879696341951
1.3730604194826825
41.38646128202274
29.38889511888369
389.5768227818575
75.95531791312226
45.85866273256302
445.04982236989423
360.38474487332377
284.035067533252
0.19805897230144773
192.45791910995774
121.0989508357463
204.4104177235703
404.44573413192904
421.66214195595865
107.21432565112245
15.805089771378457
351.1542773052726
334.0379296569665
5.0158102231211545
157.85654120298568
228.82962010990343
425.71822936193286
203.3612960342186
15.346125621105044
253.56830444832076
3.9548836206193188
156.634099109802
203.98411585806662
1.733902446765592
159.12267497900115
125.45686560366062
433.2222971995651
18.25043119923111
402.63174250056835
389.3973174336748
227.09105679635206
375.4952816199181
8.640438290314105
353.5625856116294
175.4846987235051
86.51755226207531
75.2602995782524
65.53229064956831
434.62653264465547
406.1372577666845
45.28658001500757
422.7638724713188
83.30538181370152
416.8122138454616
28.02415557516385
225.4490082135224
147.52899569391272
0.007150155278893789
10.946987686289814
32.90234868311137
430.0909758009615
0.35600442308031516
404.1214747607204
244.36101956488656
427.92634112513474
417.17305399814694
18.23481547936818
241.92669154854286
410.62213932149103
115.40844090453567
425.6417396096922
142.07626020184026
3.1072242334266638
46.31072290016509
262.03174697630396
37.886675339101856
187.2754095717421
93.5973384863398
206.78038313436574
36.06573401795822
1.3542502022483216
412.3536795178064
21.744179199883135
244.2393261405986
422.91586941074235
438.04881412647256
134.97076545389706
25.50188660101472
238.2031372467266
208.46325369041648
57.922392947448195
36.8239283347985
4.645132238810067
177.4834765405581
33.85785238316267
309.6477557759623
18.403749874042788
29.81080958111153
0.774514215281556
3.231678386695024
0.3983072506527043
191.60581499744265
393.24382464547887
254.85423292989506
31.641504966616644
197.89461615153184
401.66504222070915
47.65058072591684
183.51949157161494
28.457237252578143
393.8953450613847
429.5900136830617
399.7121152892329
27.3537498302273
123.9676880075216
157.14147083186054
5.100357576803648
443.02541109614714
17.101930738810136
407.751314187644
167.9921191556327
396.5060321660999
0.1464351593361394
395.3137331642018
139.6632875861356
17.12728370395959
421.5530707057973
321.94923657785773
182.37420012793726
117.33948132631318
60.16188799349588
198.29669723509963
384.29499597679893
6.772831066116699
0.3280074499968305
161.3761457975287
254.41753490536482
0.11309861978583655
295.0018712449005
414.72196949937086
424.52906963917263
3.999758237779692
26.313513860477435
453.02644851168395
223.76512771248338
220.48210901077107
399.6497450988388
19.49691194329064
420.5133256120386
9.066255280160693
45.660509283126096
406.3606178002098
11.409546608547819
436.14479216277437
9.714227521158122
201.40096712966402
5.454045503289357
416.087791100799
3.165952245768247
393.2159826225203
99.27209099868801
420.8703661129957
6.968422547760267
215.15861150594105
240.2145825560752
426.7958475141831
143.9880474803954
309.9111311117885
393.70492769290644
31.58037088685426
214.41888116895598
57.855930703789895
95.74903591033872
184.43763290435075
258.4191679445471
417.06966271776844
0.5375175196059827
78.67382410205464
423.5790751261161
385.144108951882
15.965080696652212
414.84767293473357
1.26654232144014
90.72558647129175
410.4832569007881
74.19124316576742
182.84347830386906
425.50730365693124
25.390760587359477
461.62188711824865
18.31148748894424
43.70580425892514
284.79887406278675
288.66752265752626
33.27913556900734
428.1809535200397
136.20755076142584
7.458202527146693
1.2126707951127633
404.8124395413295
30.189751366406618
0.018902334027546472
159.0381666629161
266.74363664229054
155.4604536886578
370.53400076568045
162.5001049872584
247.12684311349054
100.87345800633246
339.466752892737
310.9873807847514
201.892711083853
135.43305407708942
420.93701563084846
0.16583621202972446
8.394818736466602
406.53585335565634
205.78603128734315
370.969809033689
369.3546729674581
210.49459753412629
444.49579108913
186.9489293134278
401.9421581961969
170.38201428486676
280.01824700878694
62.06489863451787
74.0393826087033
110.78289523774627
169.38570872820085
251.20376294388313
101.5250117982841
99.62352942982295
0.9099571813618323
43.463690729145746
117.18028207801247
229.85673781013924
140.17697003014004
150.75566324207784
208.02457865639155
404.76707251636054
348.2118713872481
403.8037487890004
2.3514350109573865
388.5838087741549
4.3103418173532635
304.766270021818
161.19814353282408
8.785600604325655
50.91616481548102
162.76686961729447
94.0463102574465
173.09207233233624
400.2885992193854
338.2228771550739
13.037265280487473
196.8903552350415
125.63007398635462
144.35758441627732
261.55457053949857
410.71594172129835
436.4138473050519
220.3639621816202
12.57838364814275
189.56901299147225
397.6207055805085
207.9829478587086
409.7854607940646
419.4761009269837
407.2447988014634
393.44529865921595
322.9547302474845
233.30709968927957
2.0450310229745816
13.798585055212996
381.8506990500937
433.58968692021307
29.715714228020076
364.6277494819006
153.06318807905518
143.0270013714571
174.92599707520918
40.04339698110866
37.159921219612684
46.31393770713947
431.7212107754642
0.04228039133518997
5.176942983111681
147.99047895763778
399.0863769072203
149.91748074044648
232.547273925709
48.11930092214118
0.7562325987391987
328.13448281565195
426.1145040221934
3.214599219322365
161.54072369021094
416.20197783013475
137.414851028158
378.1277774715374
247.53129872463967
0.05286091662086923
417.2154061862714
0.037971407939802714
10.777561736272801
422.19178805110045
400.954125315354
409.6649725909183
50.150945183934475
4.356571241295014
22.64557660230174
388.6981907000386
62.07312618737074
38.49710793768668
425.1430871940482
2.3236527325193235
396.39675404588945
403.303816164618
404.51928571266575
146.07672286636503
389.20031930696985
53.28138636265574
232.90775466911123
0.022985962766049084
92.43787819188755
40.888300877988165
383.6615214559901
81.29857801962916
411.772301731373
446.024084941936
0.18676158326158165
203.42917690330734
166.11193597850658
76.88863378049517
244.6700608361313
26.54243504864059
421.951365746695
166.87481520264777
420.61472321595585
15.024255490096845
427.67562267771734
2.077589989395513
320.8513365248777
300.8592432921687
208.2481228551135
381.4554163313202
330.52583082364424
196.59307704812747
158.62556324386858
401.799738406528
425.59582638695616
41.923653080832715
421.38055566922407
415.07938181491187
170.85765731497415
277.06390900988004
146.8016573853667
51.31415134229622
285.62780290793114
297.02147210927126
85.10043031571023
408.5824877574657
410.9357669677196
109.23151447826788
138.60809299756446
153.624162537503
6.010193135147662
162.70702137820058
264.6616809506903
310.1697845488508
154.815472624351
98.01789575073687
20.18797727322343
148.46004166232058
197.64341523454493
421.19004027152664
414.5337657961564
8.14358313558006
421.51738605064315
145.20756539506024
425.35619107646284
19.85138642593095
426.29314053083664
169.0811579662549
70.14146088137623
420.15646398993994
433.8081445611969
145.84108113175296
347.0151821279929
438.52705195923556
23.245220420635736
249.74320340575343
405.11069161869773
19.35722307993852
11.512065090860478
237.86440571765635
173.6476608533362
404.95950039385843
360.8372576969168
238.8532908123225
2.5691813026776034
407.3148064192549
194.43263676429763
4.611722326646749
434.3933850053656
22.52748746742726
91.54691555218862
47.69778049824954
0.7312773550406918
34.185725510012524
78.51499733568768
274.7347487716334
405.2151226504912
183.4807087084955
429.74866854032354
400.1516697572203
44.342681377821
9.17112154394635
105.30374499733614
437.20223412548734
434.3086939543158
185.69482627661168
23.662893597375206
183.6505419578843
177.84863449989305
243.96228367462126
3.464899450547943
401.9748790981419
331.64846612419274
133.0720116137798
220.49702618124414
341.02836756109406
195.29227297615898
410.0087551072779
149.67182446247003
439.29612899715136
48.875113818530735
246.55904713316835
5.343769057544714
16.782473308680103
100.41261382133683
425.4477938210414
404.95783163988597
419.226751171138
423.19903913880995
400.82674552308777
386.9897592115586
409.557240058843
219.57681203821892
322.5010937509746
406.73833395160375
450.9180687227225
428.63810818465623
232.9328655657622
424.37333550968265
204.30173624748426
11.980006471524314
168.40191049036943
89.34352949528603
29.774128129568666
310.8196010065276
404.16570988093525
405.7223055595597
263.88186367491056
259.9424681528067
407.7635314679713
149.64783620057963
415.3418070172793
423.88080484292993
263.3754889486542
146.27595353639055
9.84786304394392
13.51048657347351
190.02414854799596
178.22264123917827
21.985659204979953
413.56002539287664
410.52407787444
2.68366226068071
375.4198028642926
401.8173355378857
112.47752290707152
407.56964482203455
191.17850906069523
397.91543245972287
384.31962032569317
208.6543996887702
191.87233316279196
415.48672385529727
4.964880639842306
148.4416773956693
117.48175834701733
435.9894154855461
424.99453950016346
26.222493726093123
265.4584173227551
425.1360012927507
187.559246673644
1.6932986205192124
454.321386856928
384.9469269728111
445.90129854493114
31.309358000660335
1.9669502638196956
142.86126719070893
419.64033528954064
145.52981501065335
7.33319601778171
436.8921120455648
253.37119595406983
0.015947505638151616
7.701974487332063
258.1837885808244
443.91221435838514
426.8733038145392
44.3172915111753
354.6009029404903
10.952286088093686
422.32463107658975
44.55489943571566
408.093821090638
188.71715997914887
8.491032018260702
32.86069488440604
435.2917497872308
433.53072704099856
0.021945243466882768
149.02454621304693
421.472282926722
117.71170820851106
272.0229056638545
1.4146980406536902
432.6608492855344
426.7647257337026
389.9643065553548
20.223993968216266
5.119624996254457
124.81778087197809
87.66758370552162
22.935603704164755
434.276392362683
0.8335827942449378
19.62263861911025
149.85990857229032
161.59527131115945
259.5481344081111
203.36439803539744
52.082886494113325
193.24886675855007
229.0064121199785
211.70594745813563
409.7170677498936
320.5358405608863
12.743868404167753
313.0352909879826
48.4405388805986
28.037953106525165
173.32819845355726
430.0764744046604
232.65588926108438
423.44728613693314
181.40994842096944
413.9905017560837
367.34148294878014
439.37287770881017
13.629465382055807
307.7496541269925
176.67144554809119
22.35328119459554
394.89976560441363
411.87644833898577
400.9660363120672
135.31025843794617
385.0184421663958
420.5993280146444
76.94795035040204
150.9631062609384
165.07073004290388
74.93756060369473
152.7203490786806
234.0700810390736
9.3328779175196
400.85915634838744
342.4263452560682
408.3861112198641
46.67962620830478
266.1280768669681
258.44953845220135
412.1739688118481
418.2460660606859
174.77402047740392
19.91689990722683
19.620095939696654
432.92503935526315
420.23961754676617
10.348211449914212
36.472094989753785
0.03237556758948437
243.166203659719
1.9935627449053226
2.5035800562003647
409.10452809170687
18.13101481631299
4.655944421698995
4.787289225976528
386.6239788900314
51.67285008913096
17.0687117574588
0.10024975170452462
423.33830445745
0.06596975698804022
195.78800008798729
30.676071676425526
56.346766763548544
416.66202668880703
403.7590126364563
180.3179188912838
1.910674255457836
390.2883295504239
24.57570594780376
428.10367044190775
342.1505513087792
232.15350054817736
317.0784162416188
104.30997310704976
139.73521511850797
4.398899380739981
401.05826753533665
418.1260627192404
0.030142969438382388
249.9279800902607
107.72477789756192
338.1126846257464
185.95734345774193
211.28245318838862
25.159586617268108
118.10367770658547
428.3502013023136
406.08244205793426
41.48490170638585
208.85963138120087
426.7228323704743
257.2280824257227
175.91932704025982
400.363450769281
408.1057476066155
395.75203159532305
427.9943199417633
20.346943524234703
4.079364312554268
267.74177036139093
404.83148431985506
288.0058943896084
406.0706847128008
279.1603308899031
106.58003955720841
38.48825933535804
382.6413922133951
252.7946762842925
246.18790706089905
28.30748165757823
95.35004485681678
414.20357868223266
98.89121178327663
144.13348625362735
384.4599599705746
4.13839641484446
57.87044958296975
84.47854026698428
192.8662410436685
281.67318135845767
440.8005744992067
377.7914271481263
270.5377577457023
307.27270224720866
352.06048951303
142.475637549459
434.3003641702339
160.84282474581227
428.62848941985595
199.6752798956726
219.7384660640477
172.44618205063904
293.0941397247285
28.358968617025848
247.47480247588075
381.0956463135666
45.060575089039446
38.28070698644951
145.49270913925005
264.4214221355728
417.98101255352867
401.599794475622
421.7882337070694
15.193495117107217
383.6355904162011
90.58180201379822
395.52739610278815
404.4875632894293
417.59470185094136
176.0293994303307
408.03053776543385
227.78940578220354
58.74231450050587
436.94348007837846
0.4221078195557135
448.05584981072036
6.981423955903325
152.7978327956472
51.526449027621275
131.27630311447626
191.8077974656732
446.087391620546
91.93600031537464
442.6853839011442
108.2194883847452
413.02842843965556
403.3490508030679
434.8204960084729
446.7779909872064
378.9673659741982
335.054131303453
425.2945256598235
77.49148354066735
408.90388338492363
392.1209224514254
185.63330074225158
0.04303558683747919
349.26879925302865
335.84971822862457
193.12499022977013
202.19214878213225
163.89772006339905
18.9744115288139
171.54175422026546
400.25012253797576
181.30184024240276
166.60035973165466
246.12337472087265
407.1527569661329
188.62129381741426
158.18099374765004
0.6474030062347828
402.640118325881
404.24582921571596
403.3006293914857
224.21064777470394
369.03135455842295
5.549836006866606
266.2093010864699
82.405316048454
399.13344612399084
414.918193372526
186.94740124286471
247.35073822662144
189.62858798075746
334.5675572068322
157.28554477040308
211.09960179406022
234.9698069011033
21.195132455858513
140.40285216236225
158.99929755988953
412.36704588417405
22.700149096144663
423.86028824059025
250.69787220347683
0.3264254452071648
7.584807135656159
164.36642249628275
209.34739986030445
0.03479379605251219
398.81843239484726
394.4487496864803
208.2638185904255
35.740935389019455
413.32624795664265
74.49624461457849
6.69406320451014
436.4114413209967
1.3574604180067396
129.628524785018
205.24394134557338
413.2842462713782
371.4963360430712
419.2715081086067
419.4409307740305
410.5620749171551
390.1013855705829
3.527399626009553
81.31011577221575
8.587611166854892
111.84131538721319
281.02778887917503
413.931382003189
401.3839980687551
170.47733561165438
22.02008425390079
374.7411198314739
441.17207639686023
1.054807502834335
389.7297163239895
282.1648415931875
191.71821150869988
90.46837638975028
240.5878622865868
14.99912826971805
341.73121290100215
247.04772973770113
418.14206131374846
418.1988636671718
84.18484749871185
53.89767499415615
437.5990592325436
17.13156569124755
19.78297404560695
1.3130558120449847
0.08168680137522122
180.80090105060927
79.02630804543642
424.759442440152
404.4555598001778
418.55577287488677
373.028673815042
28.98677200502389
417.636871617517
5.1475873377531185
97.87448057866504
420.2057049068279
22.984189507952788
179.1796271045954
203.27899763956196
237.38159627554126
143.46130531439096
237.86864266635502
392.6019610349758
233.04614386193944
419.9323533439448
331.741970195459
409.11922044413217
8.67417956414688
15.642795798551107
180.24552795219367
153.68574895866468
191.9682843528298
43.46851377325479
414.9126302936291
428.8065058076025
54.978476458434834
38.33259427722715
8.764496767990238
173.6387235299603
14.124660441379293
297.27562098823506
176.19240029656555
38.35840790195699
423.5896050811431
0.8702871938180968
24.92830325719258
264.7858914094361
427.9149036304817
249.06965321021292
334.7324348305772
8.02240733658043
0.12111840795592997
399.88889340700854
4.495742033489937
215.38921198902727
24.561352936911828
352.33900673241124
239.45408538150087
456.59826048608164
234.2397864889912
426.2619428200252
114.84703326094876
330.7395799416488
173.55439201503975
181.80671639204607
219.75246786980352
167.25006490182875
21.47437581186702
369.5930535102317
425.7218891144065
0.19135510689635823
11.950255019925505
46.984217417481275
9.161617655823278
424.0334712570521
56.147103617023056
423.38647163028133
174.49984023345013
389.61083992459714
20.48758406121973
267.1931184523993
364.6198846009598
379.5839366066091
224.99902788994677
208.53770676918154
278.52943104702575
420.8685396635788
160.3360181355183
130.3812522615398
229.84695717245978
402.0354824972652
397.3928274937085
401.8235273676182
4.158399577194838
420.2311826600699
195.0558580163396
371.4762801912989
220.27058927691803
454.3219645642438
188.60135986266306
403.06675005274025
104.25751299402998
149.21627627258027
394.5405190241546
209.9505471203599
2.484486688224287
25.80165003536737
273.8651589598666
172.83357262649906
437.05135538934826
80.97070651414363
181.4891976039425
4.114836268998309
163.63243622066892
350.6872655172435
6.826165162127288
415.3113688902549
387.28301852829134
0.4208044790470184
137.54649778680397
342.18163045537466
266.47890723790545
360.1313328407402
22.617478333170688
121.24752110882672
8.109529878687342
430.77808416650186
56.64633385202691
177.17546900199176
145.0705690204407
264.87753240599307
112.99822821350803
8.190026474664757
79.43411527066888
116.68296403772749
409.09539087083056
2.2999917182483682
25.24245505177018
425.9468197847375
425.5034788511202
160.75191793085258
4.913846538373918
415.90180767521315
334.78482245866604
398.5848006190123
172.10969480784544
299.90934098895855
191.0563064390622
401.50461208379124
273.15194286643685
206.0593599484403
19.748552073563495
146.36881515629932
43.59576131415169
242.5551566549163
83.01733921004494
416.41035537787644
221.0514423023016
397.5625958948927
6.876707479883232
147.939247048796
7.0027134931363975
430.1938870918781
242.33996447357936
426.4745363103208
142.36439293415071
392.500598882317
17.024892263616643
405.8790153818432
12.411515076987753
24.77716365362169
4.1982875044819306
182.61678687750208
0.7631477724293839
6.723458379125824
115.97100174123182
353.0661329639673
125.11524862566743
0.4255573445173286
115.9931914821605
412.4355648667863
325.1245687911131
194.1421766413758
16.226305158524852
True Detected Energies:
428.1182713654055
304.3862648465665
4.158956669046859
85.19838391735863
305.44993644813604
424.8844309663444
43.055412045315904
5.07680558906344
428.45799443599503
376.175249113127
413.82134503028436
398.62908435891114
416.4405063930418
411.6174585168614
10.11846030685274
7.534078672566579
348.35566837331936
275.7553494426822
104.17457312481724
45.887619044713176
163.19729717956352
186.27272430796006
223.26422258536164
2.5980687529003603
411.7277596319817
123.72484890243854
249.66824408861333
6.129967998410109
104.59127281988575
402.94357820860677
104.15698045290912
24.4973329856939
414.1551946568597
251.40236388010027
106.42428757267425
0.2523202554027648
419.4119182826863
98.62680737066415
129.5016731106904
426.9889975403002
301.7218824166363
192.18815724782954
283.84504269878295
2.2901770552703624
2.7431793749152007
26.871618908804635
20.973584146745225
387.0997201224903
408.7828628087907
27.13847512770394
50.16524482542957
114.48161476524643
150.83741902042766
141.5901692575245
418.5898795804194
227.25966926627785
412.3008698884506
423.8341294762944
0.2680584838171285
83.97357513096864
289.9569275413453
36.471461467780216
420.0805169145188
316.1497521739742
54.6812165376524
1.5074292529261015
53.7470616540495
420.38312158355046
257.6198378089847
12.04314882345193
401.3872719359104
160.89271185512388
253.03640856785614
1.8621249940568987
419.3762734357461
142.2505701096569
100.53203467717995
384.1936723444786
413.4640796296036
137.69144898213534
411.8063834846384
48.715033460151005
251.10606451668534
0.11317348033696817
160.72531296777564
401.9415569511677
403.1665161285364
159.022576895887
46.35786485925374
261.3747504929191
43.8347479532041
416.3175762075619
84.55651933469579
416.9188421069261
413.4445123647335
74.04767490285235
253.4511709265038
223.63365852582564
211.27553496083743
175.0344734864805
183.07817338955385
172.48674141090487
20.409143677386197
422.9199554811714
400.5048867612129
6.016829996263425
0.2204052760573063
11.008328862465703
265.5879664189721
188.3210733444738
26.35783498221494
3.2888611695411782
0.784223491000489
402.705996868304
0.052769414284341565
426.4650384796542
0.3872109867434119
16.921194516035087
159.22105437376288
178.53487538045414
31.399254396122217
1.628407000480479
425.97786189773177
161.4103166668724
166.90100427948335
428.2483300687883
245.926933516925
141.37918459519315
405.9548122194568
136.81583390228778
248.84939188173306
294.67082380387217
237.87277183928447
59.985119384655945
238.58152883812696
408.5643657849386
162.75074878387562
117.72519691208218
231.6686395986609
114.1077124485357
0.6706516568786469
12.371073578328378
3.815538899986791
17.138053614709634
173.99330950214667
232.44375220217242
184.05627368112997
298.99895103345983
279.73990586483325
264.1963516036189
157.76185148842015
89.83878526879846
354.411501129715
39.80820676096971
418.6074101053557
154.7719540116986
411.364760430562
407.77035538884553
203.7515480023156
46.016457660902574
433.40433107169446
276.9489575166875
241.84967317606163
247.85888739153725
427.3602810290898
432.29915252333814
24.1819846685014
109.81459573436788
213.68539310770595
144.53268269458707
9.472781718502063
414.6229761348306
257.53689113765597
8.442083573158754
110.92976651632216
226.5411920152509
408.8003800494184
235.610628509455
33.77341367906604
238.63603111514664
157.17300605692876
168.19788387836192
16.813923173464104
278.8199720015267
207.04774593940988
159.45057059790895
297.1581251493723
0.6583218950969467
191.87998506216834
248.54460114121775
207.75532145282855
414.7235369305405
414.9248298371276
150.48873645235687
163.70461349205624
114.32959383245492
25.000721499959866
381.1884384308051
13.663340964019824
115.57298451350619
44.76755060226401
427.74727210017613
274.0734207059426
0.08409740016770684
236.3012755693615
186.59106636638705
100.99164073355242
263.337095289163
310.0711713451916
266.04061481942534
161.56947032785294
163.65500120353806
410.06009646913515
10.610807856275414
408.9387982912553
110.47708989986216
207.48171172634017
9.025031740454892
178.6417077093773
59.55295802331244
411.35762875601415
405.5934119465308
10.56434369401677
285.24150389793573
0.05904822005697952
4.703350221564847
5.925334769355288
266.15984554937984
346.5537336199989
426.19238485818073
426.9784428118402
108.75068489293653
202.59447058904559
9.912783762313154
406.9891785514663
268.33686780511323
49.11737937345242
5.5319027653932835
163.36000176157566
50.99188046812134
408.4265612196638
76.37249938897571
1.373109937103436
41.34463074137466
29.94262061681718
418.2229965463358
73.89709140576804
43.895067420119744
415.9027268444631
363.584684133519
284.32637574788134
0.19599357710899312
200.9385880328355
121.017920705861
204.18640648423565
421.8881035643642
416.63344554659153
104.70486070330594
15.629936150704566
354.27530313537926
322.8575266631867
5.012741107197996
159.40061928180467
237.6439371149421
423.43476492877306
211.75941420378456
15.963881838729321
250.4595119150707
3.9676547419286408
161.43910611823785
202.10436385581716
1.7702117070564896
158.42923944072578
129.59706206271858
415.7133230049441
18.01034441397428
410.710126499797
385.121139718974
226.20674341824747
408.41764305956826
8.654197807205605
350.4887583009351
174.92228821229233
84.4587922736248
71.33242910684265
64.45653685209197
429.86182932823755
418.5248488017945
45.00800368951536
418.1244106691785
84.50011445292222
418.1647039390565
28.985573389947092
229.74094096472143
146.53657185780168
0.006952533328558275
10.888940587893728
32.649949515786716
430.9712159480069
0.3741597392918834
413.2367959266476
248.43534646416123
418.91851190470663
426.23046612224056
18.192160501898968
245.99469095491722
403.0131542115128
116.26788512205951
413.5229495562158
139.73788628480318
2.9884346218300095
45.11283539313615
255.94305952398753
37.91362984288361
188.311885521258
95.00939336162193
206.82297354483129
35.87608906090446
1.3309277077050865
415.95520069459155
22.82694140225857
237.9223721306085
423.8986162175615
431.6210530346449
135.24786700219255
25.532937876640176
235.16339039147843
211.48569266284332
57.48927326330397
35.924575394166425
4.45236166448268
173.59769057173096
34.2616187728741
294.28194094470626
17.784848408135417
28.5623349194517
0.7974932309347764
3.1962959680537324
0.39007476365685534
188.4773688485558
395.5532436411209
256.96660707889606
32.85747156144225
195.05393971472137
400.86308825085445
47.55885069357845
179.36156535571243
27.105299583084104
401.12662935047626
423.52550096723985
423.10830744665685
27.081002726384952
123.0674017746498
163.7494515951029
5.081386870005815
421.8920601893078
17.778208460464782
416.8372853667176
167.56526631631738
412.8903874516787
0.15182530250251602
402.41043020845336
151.45264819549044
17.955537964327846
417.84695186445333
335.07045779542756
173.62798123067353
119.99651909032406
57.92768728796784
194.73928817058308
393.3296274749393
6.853083275487336
0.3239021619786513
167.7945289473618
253.0000166692283
0.10976623086128257
293.9878828065594
418.1071960895632
410.51167306506693
4.149554475809396
26.95218376285817
430.7317174502701
221.81332679240145
222.2374761578291
388.16864030215106
19.291649287217922
424.1505230792058
8.884834479109713
46.93850399056805
413.95073940827893
11.560857002382761
420.3194805962905
9.693860625719026
214.93684594500337
5.341833613913934
426.73538966922195
3.192757581570561
398.85979985587613
103.97170904662893
410.35347539460116
6.844585686835842
218.15913150200277
242.61078207850423
416.8956592679169
144.7406811126084
307.76451124566154
414.20867642799845
30.47166659040812
231.46482950495187
57.01165804078124
98.74377391849157
175.46587885940386
264.1916746464168
424.1338171049338
0.5487587311868651
79.60125569776102
429.2635526924862
412.5640772697361
16.404937066696164
416.85815571920665
1.2944475844836916
88.3369654245767
411.665263330716
81.15752474344282
189.771149656338
405.60391823397504
25.42516688866897
432.91636039864574
18.897582794578966
43.09531101046326
283.6439721667654
298.28697768465054
32.573532735525646
427.3821194754967
145.63374718608472
7.69362210857048
1.2589203096657684
420.0390651153417
28.94613753410664
0.018530729623989828
159.54031373188946
264.8350583885293
153.4327839972766
359.759890667215
162.68859878559545
237.33606171996374
99.92658015599045
347.25627751598716
291.95319125646967
205.3671570897229
137.24260671804632
419.77197607993406
0.16985686249319087
8.742114228316836
418.9083063756606
204.25186271534142
369.76228933248825
379.48775277279253
210.74769542101745
423.10362724599617
179.57154759442102
403.21791006834167
157.49930199290333
265.2382721768929
63.17947817178106
73.92974249578293
106.11969566275263
172.9158849845041
253.0850289009728
99.08481786997186
97.88667124408715
0.9523147708386546
45.4786872463917
111.77325919207789
218.24342035853837
137.69569947644644
147.82880882901415
218.5902129787485
407.2342105258718
347.8569969488095
408.99958769173435
2.315058929694999
378.84165269621303
4.1034130592424845
291.33831464644385
163.061248538894
8.398003850484201
52.72848531840265
165.70006470155272
92.26470032896873
173.8986852555475
402.2390141938206
330.8465337174274
13.069077460274684
195.56035769318643
130.93909457485165
139.5617384259383
261.1919159733616
407.8726951335705
405.92909000352444
216.90659466017775
12.609455024885847
181.6762505225901
405.81562262063886
218.4291524418101
415.384765829893
405.39435367169267
412.78839261278046
410.4365408427331
323.7259510556086
238.4030145921947
1.9471362601317423
13.50202670672411
394.63111488515034
429.4957679928574
28.65525073807953
373.3197928292437
153.27618762002598
139.7853259692434
183.13067865036933
39.9740764206303
37.21428989739985
45.89201343783276
426.70931552005914
0.04060875709120637
5.206495063171872
152.17419520090317
417.4082543821983
146.81791745511097
230.28686042385698
51.446011712451366
0.7657935304139301
330.44637365751237
419.3535857276652
3.100880245108499
156.28099460072292
422.26800190430515
134.5028355073316
374.11475246159256
243.50232084271812
0.051868189029619316
429.13131745318395
0.038003110955003194
11.003582532499536
430.077722046003
394.61760991834
413.27313987294036
51.213037371404596
4.5128764329115825
23.087654944651433
405.5472223551877
62.5838116025098
36.777912761894356
425.54516685204175
2.258301788973313
396.613967566314
400.80695826832124
407.75993030573727
144.24107148046792
391.8571008126794
54.058696471011956
230.59090403283776
0.0230543753167467
91.7449412667238
42.19467422303643
413.6119908632898
83.27410419437982
412.8004862865978
428.56577148334924
0.184373428314359
221.2832668926773
166.30514160408126
79.91990247206473
245.67587629267388
26.378472250802588
421.9007569879008
164.29137492018808
430.161817421812
15.436864459779997
416.24114475650964
2.0339996420277657
325.3541585355441
293.746766115199
214.74728737630156
382.56395567612327
318.7159514268826
195.48911761050815
159.44626434377636
408.2161356572691
420.57084308337215
42.94060068888655
428.3492219346342
418.3053789165689
173.1730018053691
276.8997675145955
153.67957431832815
49.832480285733425
300.04527350131156
314.2887619631179
90.32310208890397
401.31511783537945
398.112432964126
116.20969745295326
131.3893124773996
146.70756153664658
5.813571730139643
164.56846426541486
266.86307552511335
294.1979590796188
144.31943088304786
95.75276278752256
20.211548869817534
148.65852765242929
204.85879557560068
407.89697554564395
411.4026694453863
8.193605077181644
420.5378430022947
140.4884701277973
420.3123241454368
19.84401088998311
425.1055735271306
173.51043442482754
69.16218522069693
412.65409845713543
432.70674653712314
156.4066053985205
339.4579499087082
424.9556942739236
22.918830493767075
261.1202908840489
406.940982632244
20.281769151425635
11.831710503631314
227.30216788170716
168.34229254724485
420.97142478131394
345.9804758391855
228.36197154066045
2.675297930268755
384.028065765466
196.7584628942051
4.397039625287562
419.70333168052
22.278568289077782
92.30742443280894
47.17595706172904
0.6943091709719624
33.754026951832884
79.81100901408564
282.1621069821812
414.84158419798115
190.4936478619701
412.4309150522745
413.4513445347972
45.330228799991744
9.555902973711454
100.43383790904929
428.61178268673694
426.2034621967505
173.82129152123608
23.031772598835744
186.22844705881434
177.91620564287143
243.51059608037468
3.546162217166682
413.0848631901492
341.0963473561795
134.6036644511928
207.66882578786175
357.22233862945734
184.66664631872322
424.91574825758994
148.66549920711572
412.256089668287
51.74916185976605
238.9010318684882
5.311130763011192
16.528406746546807
102.41732710521705
417.2381967147092
405.5457340594247
428.3159715470924
416.0368153640985
407.6823387026857
403.1151015043558
407.70769705055596
217.17627000705622
327.7245543485509
414.22913831654716
425.40884969969346
414.2930343288064
233.106881072952
421.8686855187055
204.03809948081962
11.861677264622983
171.28389575396213
89.39875229829266
30.298672775209695
324.7321400226078
393.6735587372615
402.7383591094565
273.2162338384728
261.6372972894868
407.2305847275581
152.32399185644582
434.6805794231916
425.8136973980565
261.4855871701704
146.5489446977627
9.769170859729911
13.100040979792368
182.17502615881406
174.64581618089804
20.8298204911967
424.1867525435745
416.5729061201721
2.973012802548567
382.3575450924072
377.39893264597197
109.85369893297548
416.6010389440451
189.14635873366058
409.27188715761935
384.5480197371664
202.76232309834498
186.0019849530706
407.8744269902054
4.8931716952369015
143.54693536721533
117.91838265377697
426.0965379241083
411.0215337494442
25.261462950421162
256.0924766442555
426.47329292559147
186.2465026749548
1.6457711936549515
426.1500904061499
386.9023145015661
415.5535748685015
31.430991396444938
1.9730111737179072
146.82013911483517
413.199337818719
145.37389371844105
7.315777573923981
418.17326328059556
254.8128987310929
0.015728831196554438
7.624387236627456
258.0871945767434
424.5456193312157
417.8845915787418
44.47312177735819
338.7223610613099
10.849124383750564
401.74644986626635
44.092307538540126
420.9242405801252
187.43411995571321
8.612850273185842
32.86997265934525
421.7189306818963
420.7087648349353
0.022192213031985375
151.68506879741201
413.5873638018977
122.3531410629339
268.5564655971534
1.4348953900011452
429.4903748535181
430.1519960152855
413.252595984751
19.79868688265782
5.246840736057379
133.43546212757758
89.99520601388832
23.407871680397875
420.5915016995638
0.8263472423462304
19.74522896504618
155.44647061586733
158.19198345556367
258.6076844760539
208.66838884720372
50.43566655759804
196.34712829189755
229.2051344978641
216.3427446184653
424.4192349037364
334.0046332952618
12.645183820811383
323.06005400583695
47.668703720479016
28.303643080427378
171.18366299654102
418.01453076950764
230.34814670947458
419.97845676896435
187.28215960234957
412.570705340707
367.17463632958305
433.794506339111
13.609603554114813
311.57645649427
182.30119559642532
22.80681805117888
403.24006295377757
404.33078495893824
412.57666044493175
133.13455507546365
372.07548476408454
421.276258060484
83.3788445973471
157.41775418889952
168.0532780459156
78.53905258587099
144.86304015243314
246.09309922239703
9.721441888109268
403.10689678118797
339.73210247863915
427.8324642503844
47.875070662162955
259.20817190587616
245.48448710233026
409.3803019065432
410.14463834579976
165.88562562669003
20.45598870335698
19.28689693218797
421.25583855156486
414.8253788413616
10.229157075026137
36.154893272798176
0.03257627547509401
246.88646447414195
2.12061726332945
2.4329843732008953
422.06359293610313
18.210424278050596
4.6872893958694135
5.003842274589033
386.3019007623058
52.03979479314091
17.98862789405962
0.10582495796359126
427.3458637192098
0.06847536505739527
199.68438859982422
29.884877398318338
57.20691054481563
397.2655605707227
413.4782003414743
189.02092794271414
1.8571732967874937
373.2274592449648
24.422149549094
416.72123943420667
333.35123743010575
224.1924611959201
306.29978982143155
99.8978250226877
134.71261944833643
4.343537069460808
420.1270519772593
419.8984245591049
0.030669620547712384
257.223193837777
104.59531934159077
335.651084682262
182.52513646605027
204.86711766180267
25.211854117014866
121.41531079174229
420.6376008578269
411.4755152711205
42.73300507768141
204.73694497161526
418.6164672692384
258.25874960892344
180.1302177182821
408.32792999928
397.0347610836317
401.9402623918622
432.124864507422
20.59918580602931
4.105391656013012
259.82596476338665
425.13905334447094
292.83188688481937
411.5161671231581
278.6741181196203
104.45748963520808
37.25381305473252
366.0287008050885
251.69245702347868
251.210400446598
29.474843228163934
94.29875559268254
430.19782973984474
95.79451470406246
142.38022936752742
401.47486321346025
4.291436890510624
61.01702213552346
84.10977401473156
179.26396135005126
273.6768071162365
427.04437806429706
391.97128475889923
276.45207933685316
302.3067957050111
348.20787995588165
137.01432731764186
425.3993829190023
164.72121419132793
421.5627456504323
209.48842529627527
210.6818451192935
168.7214689399973
309.8847623085555
27.07296313957238
244.05467250111184
397.3646469143809
43.24787956960773
39.15802717569852
150.37463262013296
261.1972578606591
410.5638366286163
399.8071852495736
421.3144383932792
15.304826787368313
391.58402547736813
84.23123088334637
393.2770457240078
417.0437310139806
409.4095268488479
168.59184271247278
416.3211084057103
227.17392407752803
60.82606001043058
421.6993972909261
0.4241049050577317
431.0033469592654
6.8884708683741565
153.52050990907918
51.827259367171564
127.80178091660117
195.25301625029797
423.7629610959333
94.51132719798534
407.7520777751489
106.97694510821651
427.82168631096687
421.9568222991297
430.099063963237
433.6899419843784
374.42736496755
338.47059774120686
414.3332379065023
76.77913674088649
412.69566886936025
385.69658687736035
184.45308596677606
0.04420985610209982
339.8640044104109
332.27056989990547
193.91745451302552
197.90157001778329
166.45936963558952
18.80187397186097
173.42480911589925
409.602088634702
182.24649430976234
163.10235947757
254.3139254029501
416.2789334607009
194.51263422537477
147.7757172871847
0.6183957761226679
398.8867533772308
412.3814825960898
397.97064811480186
225.98882092451234
380.28133345233056
5.692526044293913
263.3809846986928
93.40296472619912
425.22079087841666
417.0021650790915
199.03561658734904
251.5888519854727
183.15956337635245
327.7246970490993
157.830661927745
208.16323784899143
229.7745729514154
20.70886393347348
143.11816485041714
161.24531971127328
418.3116099803248
22.793781984999896
403.3666232792754
253.20261855102981
0.3334717040806936
7.24041067658635
160.98982469214494
217.59057666806189
0.03439500207957735
405.9001973423769
424.2307356506032
213.31903654506675
36.62797458157638
411.3705529301031
73.43795254158323
6.460334819664581
419.211448372786
1.338877278984171
132.92011158129748
192.92706340753472
424.7323446226621
360.053892938834
423.34718780004664
411.54789379769176
405.9831922647991
405.06941967253266
3.4683142310572066
77.93216341084917
8.850897499497705
111.9502881238829
278.25400116995155
411.16281587914426
402.29714543024534
172.50544337049104
21.49512920004389
384.904026613211
426.41428659302875
1.039695855981165
401.0908525939472
287.996723480425
195.02600430876606
88.27611914589323
230.53543999314647
15.40815435423039
335.405471440243
256.92704970127255
415.6439571787244
419.01592649043215
81.38976699808939
55.69275263098132
427.77297850709806
17.071521379105377
20.62479358364294
1.3515951098297876
0.08506098028078668
183.89309278335054
75.21956572521907
419.7646699231744
419.05640376623984
417.9860667148901
379.2109533475432
29.8717390171754
424.87414706132597
5.108485475708676
96.17902762169615
428.06882085168013
23.505867435600152
174.41665769587559
211.39236265995333
244.43444823385826
142.0565288923509
235.25718271976652
401.98649963111836
227.24019720189705
406.3055671966423
330.48014919744594
418.5056727759386
8.736072042359865
16.55986010980422
184.13205088344472
149.57320183039815
196.88721233005904
43.761626515376236
416.7008715034055
408.36223907654374
54.03900985951054
37.534059667099314
8.964040670093539
177.0218614484599
13.989196593012025
295.4366355064381
181.74155728529925
37.28952798698299
420.7436992232867
0.8736076127653405
25.667105501705237
270.4205039536196
429.10103186350926
248.90114802288463
319.25697521194536
8.414260166776955
0.12232177918383513
411.47540481268834
4.508418419397515
219.05225848636616
24.921713259887213
356.2166243379058
242.11773536063762
429.9399278089948
231.7830570684351
432.77048513311263
115.6232650677772
333.32918626013077
171.8119029845609
184.65340874715324
228.59878055328866
163.40302519511522
21.178039185830585
397.20336153399313
408.0616323596056
0.19139279549034427
12.000950355132147
46.23876780053848
9.108602772337804
422.4937524420528
56.96516544286398
415.9267392973686
177.97514223797285
405.6411553082618
21.575147061252096
266.96233510254484
367.36505049461357
370.92154253096555
238.2708964043559
199.15608350376516
283.7556689515094
426.8492935780544
159.1551417900229
137.57880597119856
224.6038917780646
406.2771832354255
389.4099557601751
402.429964756148
4.149901538352594
407.30593204368574
194.39907030624474
368.49967442949975
219.47985137688664
433.67721869744406
185.38308842134475
406.93756192439054
103.36696123187181
151.56787697315428
402.3621698420154
212.1673222968571
2.5282782440858114
26.395110110415715
285.3734403653514
164.51675728036838
421.43591414485434
82.61622839020612
173.01204772558705
4.086894697471735
159.76959390023893
362.20102123702696
6.82289954715543
411.2175550907512
410.49412652831097
0.4226037067715538
137.63993111876465
343.00116898888814
259.5105901369715
365.1138551972616
21.80467168582851
122.43532975299868
8.13217399055651
424.9958098622714
57.15623283026598
186.76570427835458
144.94181582829566
268.05079583554146
111.91737565276821
7.867243714487131
79.79276860109593
112.34717987788935
408.10754941985334
2.254333072094255
24.86498741876136
430.72464904805696
430.83101092219357
162.8508499664507
4.991336127517457
408.6068177632234
341.8386095245606
401.6760975843597
177.83407944587276
289.3446448199297
192.0602529171145
402.562594785826
265.5996006036072
215.2948083128552
19.997021771411767
147.9365610451133
44.22307654199517
247.84970327128553
81.13599584488838
426.01423373110543
235.5368075799225
406.58506932834484
6.895037724390136
158.17769913108577
6.884166196509625
411.45202009596375
252.5555743418082
424.62199463071056
145.64325976765272
409.4928563401219
17.12335913093068
407.24696769151296
12.565277320352777
24.977457777692564
4.1998567634724395
179.28945854721522
0.7506741367794802
7.163193291397306
115.00698829331434
346.87053267139385
121.7240696987123
0.4147077983919303
117.57388081419413
422.80635258699783
330.4642490253925
193.64596941503018
15.898796832908431
