Number of photons that left the target: 717888
Number of photons that interacted with the target: 879536
Number of photons that interacted with the target (2nd): 549132
Number of photons that interacted with the target (3rd): 315955
Number of photons that interacted with the target (4th): 160117
Number of photoelectric interactions: 40786
Number of photoelectric interactions (2nd): 84982
Number of photoelectric interactions (3rd): 91125
Number of photoelectric interactions (4th): 65219
Number of Compton interactions: 838750
Number of Compton interactions (2nd): 464150
Number of Compton interactions (3rd): 224830
Number of Compton interactions (4th): 94898
Number of photons that reached the detector: 2979
Number of photons observed by the detector: 1211
Detected Energies:
430.4394446417902
378.4295971826992
162.91122513406995
238.03019363613498
420.3941977746637
28.818253357265732
378.6874719652713
428.8717899584226
419.63561418399314
414.4921358850063
417.5559009094589
88.26685106500588
111.32597453191913
409.11594602445206
3.3183332377690253
429.65246697645733
384.94278001667846
245.57471082422407
160.53144700271292
392.5014096110347
12.737575910628463
357.9213776161547
424.38140951382155
422.82694739459987
247.96955431871737
128.54656185132123
63.55041562817821
3.3132253215223675
162.4979374488527
158.79390199236613
424.7908601691433
399.5431891291102
173.93418003008628
25.911394087015275
422.80741680370585
431.01044744418334
392.84608551576224
422.898400459272
62.33216583014416
8.136814080069053
406.7455433425251
356.071310740451
17.24940008114228
251.18779098202324
0.37155977657410016
237.93945061862422
342.86112529842234
23.680620620925936
169.39364784587897
52.105512259943964
7.415710865657073
126.04822406346952
1.8249012787032028
242.54010046672457
223.95040297223844
236.9613835362647
430.3501210916875
262.32300775174025
442.4708067890341
168.9170105823198
408.03028441027243
28.621817878897723
439.1490857252991
193.40341129931153
0.3292118479222524
153.3862016415334
378.32285621257756
415.4009986997327
414.1543548481587
409.8511337372742
3.4799545857129046
188.37747480366127
2.5973891011818444
164.77858460954144
236.46554541793313
354.44759980614725
177.6182510658431
428.59794336661565
173.95728599868912
299.0753896177933
18.493428745179706
361.62438323660155
249.59586333689055
54.07670733641688
398.1606839185476
320.97424698733437
426.9344571577857
73.07308981020991
400.06271806117843
41.24757130351977
406.251832706037
421.26088532996204
220.6764451767739
400.16246460149847
112.38917102654088
429.8643774090952
9.556612466745277
49.09289488207267
395.31727481666223
390.3730860314747
408.86939625380427
446.16763821157576
126.65124847292056
424.4036491833813
64.32080847881531
0.16168824749018526
408.40652231769457
8.585226293230393
28.72008621883726
380.7803778030047
60.37373512274585
243.48155455075909
45.404189825970185
406.7908002632708
417.6284987525453
0.25695769352276826
238.86110700274438
413.21425348068885
455.6593278024733
397.74104053334224
166.94189859347998
157.43367926530388
248.4403157767634
402.379266733729
145.9573101410697
423.05530854274866
69.16898557520918
417.24279296219794
144.90853874641272
2.062165110828387
156.91126087383458
405.60425018810037
398.53330521153146
158.1688612859073
49.803418014259094
386.38276097950614
231.54244051693988
247.37435827492138
415.4676177635535
45.48864812383357
168.18067134937522
220.15830103331567
142.02363629314846
148.65007191438326
404.4023014211877
29.543981594672154
137.14050931999628
424.2037496206317
215.97400730358436
419.380866583394
441.0484398830092
1.2160547600772589
266.5262619411706
177.57391671756366
332.6145171742106
5.005341552307706
41.66562388091931
126.20322696337783
63.87993061184286
179.10971052901075
430.1763557414761
400.06396225000066
255.3485330673358
413.29552915061356
230.8912493021476
1.774632991351825
47.04240068327327
428.7712344469619
428.9543649807072
223.5158477022926
227.02970308073262
100.64751040758092
454.81413657271446
1.1961433993727715
405.8977520187363
186.42577487815797
316.53143434359083
0.1063668306363014
0.4310313115827649
68.54238623161004
2.343373547067292
407.6796565277057
30.359104270815696
426.74727925661585
291.1968295894391
2.523050299176645
402.4276777884611
90.16786734488782
66.79036728351771
317.8191316278789
402.3162533032799
231.7719287192275
224.28115165246805
334.5326639715395
157.73612814624857
1.1203223753321108
161.90638280306717
417.74881665000555
19.920462531579766
393.9947656648783
195.9735156985982
89.15006561808309
29.63228922044828
99.64150930245582
123.54766393153812
191.4707774625671
159.59949030444054
367.3545980527208
426.0535712634046
1.1028084108169989
388.71140583425876
59.56424212502583
206.59849830204251
60.06307369450043
433.6863257653178
408.7241561501204
243.54627354029066
229.7369709070354
21.50113355620649
185.4307399617815
452.83621374550177
0.2299553757233906
154.57644001798434
244.02484846028807
405.930443197114
422.71742013438956
337.0344138074291
442.40725946165253
386.13182738628365
394.0738199512718
97.56505309467912
56.79187497343514
28.8740789767911
234.26291698685858
339.7969700151699
18.044448277956185
184.42758697182535
413.60683863548
411.4086000804371
159.05827300972288
436.2643752045823
378.6351543176387
6.463274831107205
0.11481157832395893
117.79652345059708
19.41730929113965
394.6165176269075
51.95002229820765
353.48549086807265
15.714387212713916
245.73706096828437
51.28347749128132
359.1802802159941
401.10108331169766
352.7931110720747
22.483173860716
437.106533913182
424.81388028262467
253.470143045609
367.9586449317666
0.6420751812770273
433.7906690934393
243.29761213105948
58.74348676233891
149.53624198807026
29.058486197130616
184.69115226306513
137.13200568989956
180.25768910276273
389.22830593820555
445.33624575762104
409.23873566018364
428.1304963366318
398.8386689962461
62.54451770412677
426.94583470709586
179.6786960541911
214.2071740694196
24.8690845435353
254.0960220826207
434.02181913881054
170.2180918870869
404.393772351876
436.501163621088
362.48441956014597
59.49630699391029
165.32833706004257
185.22708265458235
427.09873110804466
413.86798268271843
136.58323974417524
438.1503266810776
113.46257872013055
5.70263324639842
2.34617446624936
407.9554469589002
410.9871357028294
239.173432328814
274.63393965271257
160.0929598972469
338.84937696661825
178.6117185813723
178.7844174754864
213.2714007020322
147.7652069103636
109.36099304584096
50.922294296247664
64.91514388505495
403.0996492412773
278.8289989980096
392.2078050893958
401.40771978532126
4.396016962284419
428.3357487631767
416.0419617130456
419.50529297181964
423.2243036147322
2.8422770197159446
266.61172885822026
190.76673882579576
0.9779413898873507
415.70698251306777
88.41820687782014
1.1750562149183534
193.92889909742277
113.92482713233159
172.94765651527058
388.10559333597723
207.69532563747526
410.9492863077078
405.1087200733719
185.04759491395714
11.233460861073997
5.851264522169535
108.47654254858163
166.05790165520943
23.32738369948765
211.9501796441431
362.26130057651056
203.65102974243328
123.84004280660666
6.553505696832438
403.4932179457102
432.04244828288245
71.18687866245551
155.8049248943028
162.4982071889307
442.8670082722752
422.6185361235139
253.31829313403603
393.26460619190146
295.8994515956969
63.19422743500397
409.0774883369515
429.2363279950947
107.2857093490418
147.4377250175717
430.4900244849542
44.271773192404204
217.7577951711239
280.21188972771193
245.64927624710398
41.52192486828675
185.64096464842365
423.5633917037722
401.68201496895375
23.30039197568698
91.6243204055584
2.420654708297576
151.88470346289495
202.15192657414946
237.18535726175767
5.0564021974547835
263.3937775602075
325.9986662730551
4.652868326640748
214.56494384516006
238.28909147887933
2.4633290173064446
153.7695700952185
396.0416323143411
440.6017130013368
224.93518927970214
390.69858839577586
433.9291556731153
45.38133863654633
108.96283806863443
228.56971537105696
161.85139789218624
155.20018113446122
420.52105778163764
15.692843718105495
10.408804130414243
0.983440392596326
53.044061926957426
15.644453072489858
339.4482660920239
257.91102141249706
147.64722598884043
400.9443890893345
235.9794963144068
369.7693670614979
380.26752743467046
390.46403127134016
160.02101073003456
417.1430658946018
428.3875189795516
70.96461093467155
410.08020801609786
410.21369576456556
34.161807926305165
214.3328917763172
280.9119366801734
166.74899187944095
286.7517954207349
417.95352297421823
359.4909767299124
6.660486679291215
0.0366444560347202
61.3756469301627
184.18067297994315
388.40347104171354
182.624944538775
49.40042359274872
418.1164599674385
404.913202979994
409.5314863170796
26.780059808779967
169.77711239209654
4.5141999568779045
96.56388820031384
427.8207959097105
34.483132629532406
99.92895774392751
270.7717211678423
149.25773119322776
420.5502762536994
246.35279356416987
229.76274705871924
16.4152175917058
122.83505931676885
0.8238253024762704
382.3497121604063
246.5936640599558
398.0410202351739
438.2112633963707
83.25035125387662
414.41807314757347
130.28387875990796
325.6748406210036
190.1520226618535
397.0630254923556
1.0527964944251158
314.3237985833001
2.155186280622709
47.897265716913836
155.07464291091375
14.847266329445942
398.41691638610524
10.835988086886223
171.02546174361515
42.94404477138423
57.821371527547555
101.7533677815132
161.88074463193226
217.89112775846925
13.932451674216441
103.41458473679289
121.35993062688503
394.59934390062455
141.1253882570406
137.6920386731107
52.43662225199333
209.73997516120755
262.9444075318543
432.1466367237452
233.3687221934643
398.16365407285537
441.1726737101447
237.14676427706868
159.2983356692817
187.95837538980092
442.14025964364436
67.30187286414758
176.9313778827453
107.11929270376869
428.5342469059603
195.11559565408646
337.3260729328675
258.5502274859183
228.92228840992237
113.68610407788366
26.76799177821829
38.75391944211155
0.07581118057213315
87.54744090356036
424.8900294825237
110.67120708730317
0.2889939927419896
206.7466597055221
409.8882766723498
114.54454489367554
2.6417388103220336
1.21203651368638
175.94942504554226
421.2416661444155
1.3828370011291575
433.08092955172464
237.26834523079899
76.89554800491696
416.4292568423773
418.6288172556164
420.46453756826133
13.004388013146578
260.6357015418863
312.84317955826845
436.4305388932251
145.2640701636144
29.589763767209934
249.04325318758256
366.0411622781435
17.965528204456295
279.3051914661958
43.570090636790525
14.976298618796827
415.4179050887822
245.75813375788684
150.9196392445316
9.372232045139146
161.08478594919268
259.65617206137074
252.44584084194926
417.05618499613473
411.3934562675609
273.6778970487002
438.1944301368361
170.1599480124728
248.85616570281658
403.57616018499283
129.80679727244896
352.782385816704
411.91206700448697
414.2407339119836
36.504041187484745
131.7960892876734
375.9764043389083
412.3019200154068
255.0943378807905
396.0075015753924
126.68914422969603
134.87643795057636
54.26269756407051
385.6539672190321
79.69617901326482
225.23274339350297
31.955700074972274
297.96388653368354
409.1858544316187
25.136990146695222
162.53098201845253
20.595529473315516
67.87449419346304
252.99492129756084
251.84012874426168
239.89093059135814
39.191560950006874
176.56383138735896
4.352675163418764
249.13182496477944
443.586945684915
105.5833620888334
410.4412285257599
391.83200446810326
69.7683451768428
310.3143597955877
431.72394618171245
284.51981547795936
6.456102603464706
397.7184467919212
42.52660374269235
350.97186920781564
212.6361952745863
393.81492385988395
441.20171481457425
0.5016421701984406
28.62699401132587
349.703242179857
16.16157710622947
366.1640135742136
166.54513500558537
227.49175893528422
221.52316717014992
234.05906418655624
168.78353009563378
412.4600357083579
197.22510937601652
193.32550523774248
168.22043807395167
401.35711938844537
219.28322614014516
187.39476153924502
342.34713598564446
379.17568304352085
8.192757485027393
10.527084880228957
408.52935944056225
174.76837386750532
325.60868356770345
33.556199632090006
9.14421529127703
73.48086430724094
340.1760427887286
109.58904425140724
99.9861254644471
100.64183039413952
445.89899647329327
6.331102485674346
251.31153851925777
86.59713202862581
221.81287176440898
396.7718671620034
404.8991913123454
344.9882038339213
300.1736187302141
129.1885060822907
92.31757421738106
0.0036698459775218175
325.72439510388335
419.3619394055058
410.2216316460258
180.86655282487317
29.92587288158226
388.9492627936147
202.1121133673732
123.83389239908242
8.4307273207991
292.76413417100883
428.3356587082522
240.6401083684288
389.0991278288141
436.1280513430192
291.09298780380766
418.05265462968947
19.030076407612
153.42695491554554
110.35801706401823
261.7203522465466
1.5622476853587604
57.17227310708735
373.6551120979443
353.52173115391287
154.43871463896534
330.4959339526703
223.59939450380378
5.655671395654718
0.8324580007170691
0.30329365544398795
88.20912778222876
457.7923361607416
10.804574899159498
431.6488198001878
345.67500678762354
1.2220464356832128
190.5713115643648
133.89017829640352
72.93275309339097
427.90838040960097
434.6453287142319
277.39764777953286
414.41282360678963
375.8180144781779
166.06501194562867
169.9271442474889
376.9127862891555
425.4929866714726
177.7120800428781
156.674500139936
14.234896360609367
250.23378374538817
177.0448136259127
1.0136223653117096
258.83810658441416
100.75627562121348
259.66365827267276
246.79382937877833
262.9113215326738
89.0175687230145
162.3590101445378
394.4277784574305
43.01697032290859
381.0820200314224
390.7337876456431
253.99382255520817
398.3326454461309
32.80178746515037
286.4884950226196
16.263915380762498
425.59141297160414
232.3046151540522
29.78360953137651
132.77973114132632
260.975338130912
306.7183331455344
273.17716303949464
16.90952357833202
246.22478743456296
397.68206594651184
2.5713846364021853
168.11849587419601
191.4654497435308
21.93257641202714
152.35876739299408
76.63590468579929
423.7903435544563
296.9581375383472
0.11694562875261681
83.41408354825256
232.61021632928887
5.256289867340363
284.72302673130065
413.4730359304616
282.18570116679024
145.75738119063223
404.13981434994116
426.2229157690533
236.53346197010222
54.19894817164599
149.19907849281134
158.62933022594257
398.3648968552971
152.22418251621704
259.6190832711672
105.48373937579771
254.3338814588493
439.0005947890373
8.291205337249133
425.08486821550343
21.708706143808524
77.34464647644688
108.08854673024514
244.4652457420628
80.14468711521155
12.764355547597315
72.73925264964087
51.734853969486885
448.212418981867
160.38378136861616
0.13228542297951015
418.85405905441263
381.662538119154
273.52504494455235
2.216836452837582
121.93426256127029
250.88960033549375
111.73550896762947
409.94481049387673
166.6236314467141
18.914405017483116
152.43348588526493
185.6467795984031
143.70606365322226
2.0049683939158682
0.19159259115453864
70.4621687965934
171.39098600136433
0.2991595100765948
210.32151713136915
251.68278392788778
388.34206404706407
244.95301552686468
8.63616562145792
0.15025297008064412
62.94533345385415
4.216499884870063
218.9143893741344
163.20602448529527
119.63723442269924
194.07849447112307
201.92324530701262
5.821508173516013
30.20920929249711
422.0975909101195
116.02129818980184
163.4373156607885
148.33552062573366
234.97502257289338
395.67406875781444
64.26048478110127
2.45927189603893
185.4922433140103
73.8324430255389
151.28069118041455
413.81444584191553
205.9958342743692
443.95784780397395
2.490810738221517
19.333502179370836
336.06371038653674
155.45648701415845
22.70128793490106
405.341935471242
163.6369115344194
142.94672333659489
30.44896277822031
147.2095784039782
39.80989277706136
205.607471063305
158.38703393839774
179.99369998228673
173.88369132425194
229.12292685652213
417.85321515266884
398.82854260485533
215.07132727973573
114.08400950860117
224.30900428410885
413.59741059366564
158.7492980619306
228.74745509242987
177.51122495303514
416.82526565573596
96.49935791165669
123.49016368989604
233.13166150244354
211.4817421624288
420.90195439414333
357.1042633970586
42.25365026470188
306.4668728871262
107.06659770040005
433.23960943103975
412.1197686230863
224.38485300260626
244.0390370195734
405.1736733860638
247.59863560115366
91.23203771159342
26.741517378852468
385.28604134436506
360.47105316259115
166.67150376340405
49.39702554439502
212.42226421234847
436.55755324567133
413.8337543387263
345.7250641014847
20.524701542784104
400.3609857567449
0.47407099932587365
408.99700089510486
430.5875737046598
83.08518683449299
338.5082725987918
294.0899796126128
271.101584119617
240.19651488416355
297.7922548218803
163.00921840780413
243.89559634809152
4.68096263407443
32.45291777415047
416.4481639164339
249.22133560294841
11.72057433932974
32.635967283838035
424.27963019544427
214.68926522632057
204.69957947004627
26.453070591878053
334.3483503377289
63.209278596548124
30.628062904424798
0.3889917808224929
387.16807706863017
451.7122109732535
39.976818076920665
26.500922472386108
378.30574954864386
57.971252128063846
413.82078205048555
399.64300718532024
209.52962754667317
244.93096406660604
229.84347222819414
416.66589784908734
267.1935704538747
351.3162613861994
168.88499875813739
0.4947212403203544
34.00217716094883
392.07116694272355
91.34459117172212
124.10468064632045
409.35388889022505
397.46060336062595
205.74320772407452
423.51449760516806
409.55863588692483
99.1745041463313
232.3554069295149
254.54685227375336
154.75858857457484
402.8059117997888
1.0029503834624778
250.82811525864386
177.82244053724182
156.0755176932357
153.3601436659175
371.47069818972165
66.8258925398865
106.21146682234816
270.538325998903
407.51929342793585
241.1169309200985
295.90838633037015
312.10342880576366
435.7308804690571
101.81700437879913
405.79109186364445
12.981847722361378
419.4449641981467
107.16916464463449
220.0241657926938
363.14691797881017
400.5787764938587
42.901822757074754
0.4126815768056723
424.6444621791515
1.556055209604905
262.4966589036709
256.6472378309785
80.33605846800401
166.9649161023759
36.92894025331601
433.29599712430354
267.531408586246
422.89895794071924
392.8358203816936
171.64865310661565
48.36386839499517
52.88826498852798
430.1372678985315
5.607627133047747
190.6133082152464
418.4951849264227
281.3121439094555
416.28585351666305
206.83525443569542
219.90041190975685
18.580091269137682
12.171420119115147
447.6858458669921
249.30823354214291
164.5340336787639
5.668926040810666
18.938039554307103
151.43618893425597
201.35216849226669
21.424332999316405
376.5031319357719
0.4689960221108787
21.3196990884243
422.8313750624634
410.9239640242933
148.56511752428085
285.38444844462447
402.6169845219578
11.857257590697188
1.0425172153447813
55.1370908573782
438.0277899906083
164.56450832181744
75.05260615013417
405.8607735133353
385.42302529966605
317.8498424773586
44.654040958178754
52.427380289464494
449.3207204748932
416.99194150028853
58.17327627878622
1.0087338214883272
60.13642853293343
427.8055939745747
36.1804304027084
253.4410489606474
77.30489851577886
429.0298648430077
173.38956475697648
401.41922694105
1.753015330985357
211.40114632045996
93.21235191941597
249.07357850317624
318.7604299678238
54.797276396788085
414.7457192500052
0.5141937808428231
250.44757923935165
295.08185418930117
153.40090640603339
393.2610674281861
40.62265055296531
6.281163469874505
165.96170937150328
421.68626849518853
246.5354554181042
102.27416044283291
392.15710601264755
188.8337607379099
186.13499048813992
417.15778285682694
150.52644428603912
423.30187279625216
363.3964779050519
418.5014917187006
1.5610324637330537
261.7393365058
177.75452897117952
422.7563551091406
0.5621302455413915
33.066284787491746
422.59276648287533
190.84633611075344
185.50977560615365
392.3377386565014
41.5528327747523
133.06084058406017
416.64962883750854
76.39206327827867
14.428176605533194
119.25531371409407
208.27167463796488
221.78075537900278
342.70049925807916
107.49325990702012
126.57091934700517
273.3755286019625
389.66849546354854
411.566748717464
62.35084852761342
211.5731919142298
247.58491223242427
443.10204249183266
418.0569966184417
322.1638316721322
362.57708720629466
428.34458142301446
7.360460647443965
3.021912064149592
419.4430130860771
193.5226637823605
218.34693425822238
236.03906457018064
410.8642997814997
375.62534649116213
150.1149052750757
55.20673220357779
258.1656789924744
76.36284101069889
412.5240966659754
0.0455235418723871
4.580829462434064
172.50311923723982
148.11314485522294
340.3134295758588
418.6986565206832
415.2065555131508
138.13341741021355
434.05212053232447
167.39808663829479
270.9113433022333
5.131376726956701
0.5826854313085625
0.002668911389623699
435.65282677679323
433.90973547287734
171.04539118038267
437.1242890211754
414.0983203154291
183.1392968397046
39.903507039303044
16.231226539938643
111.89279012828092
3.226623527977042
263.8657491201699
237.74144974754893
392.6237599259116
392.8401246272003
201.72459581880616
298.5805967365674
210.57336486965457
430.82761545458345
347.534469034661
212.2859352367734
79.26470523781174
0.47745335941001754
222.77126759141447
2.1851448861714906
444.67960311747805
7.02626809012059
367.5320362947264
6.338439153420683
52.64069490468446
449.32281782807905
144.684375924817
168.4876530104555
47.03570257109698
28.601238736963438
176.1494280890342
168.02236247524883
292.4132999248294
440.6358883890582
0.11022090321982551
196.89693653845407
27.209789663835643
46.79590224636983
251.85824496875722
5.992452819544022
282.60609248913886
399.92038379996956
242.39261651640703
11.906147846320707
10.148237355075308
271.67857548632026
413.5716472283284
1.1155788327019747
398.7764591127303
93.56557011556794
253.36148983884786
122.57185316486824
241.00464962164978
393.80189344409416
388.235494229219
2.4047353948011216
201.91698350491134
0.5822009588863473
328.7070483891486
254.06043951829122
43.840130725518485
311.6491612539781
424.74521002168666
103.30221230454012
55.364159450358436
67.72314701913749
445.80312675011174
5.767077982959225
414.9628671073859
146.88873863232976
42.883865816720835
276.43533944717274
0.22418088470951114
426.1678100629256
390.74399383276824
255.3830444908357
166.5655435744697
98.89541601803163
399.81625318096985
168.58095783843072
0.4609510258481107
401.6628549973147
281.96008043786657
99.3702020277288
419.1335023931222
185.75118141589004
43.44917559869187
279.81224169478054
255.0341037692152
397.39886079714006
432.12672415342263
340.976580634711
20.53281487233555
180.1452170583575
196.17433176045594
4.822912860044844
408.94936429189653
91.08584055177926
135.8551681776271
436.1537069204893
412.33573156628626
166.28288868111503
47.26942511023238
139.55728732554553
85.55674142805952
53.19103943052166
4.314639687343944
404.5752690006429
13.060473895446213
212.2582853816681
261.35541034953036
45.005096984569214
0.15971326562013496
455.86108572024773
268.6422956859125
426.99028522357037
108.96977815360913
352.1182995342289
233.79792608839668
10.980094656128042
86.7775312674108
412.22254301547474
253.79225192676756
410.5914111047451
193.85369151474694
221.7191951999504
150.44287308838778
258.6692577022407
2.613354328382849
40.271847654446525
401.20819826224766
137.75451758776347
True Detected Energies:
420.04657812314025
382.46485270309233
167.08132992484107
239.32373081382548
412.51177827065715
28.332639587575784
384.9735877293842
414.6174669775181
433.0113434050963
409.1991500163081
423.98011014162165
89.23132637171511
119.7609088064471
423.6323142811027
3.420929297411192
420.0201807256928
381.657631198679
261.90297290840357
164.96225544462354
409.2933730579113
12.591992822159568
363.139211084436
416.89012242682395
419.95344594427564
246.93183140648154
129.6741137367489
62.088705870041
3.132573876606557
167.01566170820314
161.34118143938247
409.59921910657584
413.82652058563775
175.81371237568058
25.95023587012554
419.5647577523279
416.64799824314366
407.7775317393564
420.38416884402176
66.53035318983854
8.445425187614433
426.9763194191453
356.84245165607285
16.887483696183835
245.47735570108148
0.3586011529545772
240.56201551750345
346.6804330371917
22.953092920233246
172.42993642388487
48.117494591393836
7.601793916296742
124.92271116916214
1.851329916354473
239.604988564849
221.16683066424858
248.22844092822092
434.391296057458
257.10847260600934
417.64690927838126
163.5407957197435
413.9355100377978
28.820900220489904
428.66362369687266
195.67828249736002
0.3140864096458813
160.543196417855
374.40431765675396
406.2234016163039
399.4220047317592
402.4691260125146
3.3663080399792875
181.68037178253127
2.6059768442609084
160.2724098219334
250.20200425966743
373.5694970001055
174.45309059293186
424.5578398710603
177.19651510090463
296.59950602201354
18.08841820984361
356.4831443685846
256.2218995824545
56.206303945516424
408.0800060770415
323.19791968628016
411.51874117214703
70.75565614389029
413.4887947844417
40.61797010644324
400.62013662765446
415.76488726341734
221.47206660794674
413.75923958905355
119.27991097496647
425.3681360137009
9.783339288624404
50.801455200231544
405.3880464611412
407.45783259099386
421.3194963699145
431.47294258785666
125.66440281500826
417.0940466344963
64.37264580466702
0.16175692485256832
425.7249858345647
8.740788756102063
28.363310383119313
383.0170905334869
60.157082037373016
251.26622185959232
47.655819080152526
416.2194285842289
414.54197135030427
0.25559427830722825
241.1041013005385
419.17279662462096
429.50465331850603
424.1950994449002
164.66641752141444
171.9216981123416
246.1679392292461
408.29758332762196
145.15845157154047
421.26696806623215
68.8195856204639
422.91150820576877
148.8528233981791
1.919058810677825
160.92351257906645
416.3855284911228
422.3493199393975
156.2568135751626
52.08214252929503
401.58521049048767
233.7273642501735
235.35728909172013
418.23993770901694
46.71395681780703
167.87746564595653
216.96713818849994
139.83771905086292
152.5978433679146
410.9588049558348
29.050881589472056
135.49582279403884
414.9525959330316
212.61275001207673
433.098933580826
426.8047978843527
1.2132043355470046
250.26297220124982
180.90946110432174
324.49548751586013
5.014606912704721
40.509750538912726
124.29703284490785
63.5531467667397
176.6528134952479
408.40877555633034
400.5455363943183
255.4089100859539
417.0110256533467
248.40684201614198
1.8431940021237097
46.320429242218324
419.0496334797732
421.81310166212256
225.0690068959618
224.15537276593318
105.1303572854037
421.7665728808745
1.2403950223467746
401.6189884499256
193.40654594976488
320.3860762364006
0.10489601532310644
0.4209208408002496
69.33551814372811
2.278278050071833
426.8207161204092
29.791293503029323
425.5062281043207
286.3711165729203
2.5213512465608687
424.2162772543671
88.45035266866347
67.91366178064098
326.2923009172155
403.7722724856257
229.13533875438344
224.70525896454524
347.25951941116745
153.9058213719369
1.0931385991908087
158.52320656176184
430.0984331576254
19.457605773504753
394.7070523701302
191.225392040681
88.60117258404892
30.5819841124636
102.48434224161507
114.35035237696769
192.01174599219962
162.64529030091626
370.6998032546285
420.9997910512799
1.1199181178658932
381.63335166716485
58.817811362231225
214.58349218092636
60.50939960908903
428.16261935794176
408.3388344318783
239.97640177459414
232.46258002209777
20.67268469889541
175.8898995947077
429.6296121130002
0.2204102331159561
160.47937983182095
241.58529979359858
406.3034703526489
427.02908648759035
339.35733884102916
417.5529356099946
391.90232091298407
422.32886761662127
98.30257736724724
54.77529581621582
30.888313388385484
237.4044111354324
340.8786476052645
18.511735975299217
182.32033402736315
415.03514251521904
409.5447358111173
166.0015053785524
418.6248622261982
401.3850936606177
6.432567318591907
0.11051776940496438
116.06698257776122
19.204729575602755
391.4840191781073
50.773099583056194
360.0048758451523
15.937409980961888
248.24509689974008
50.655639209569046
351.60532969763244
411.0132435476774
346.108491002098
23.44969055556146
426.92900584344164
399.35762894947584
247.50284247127962
367.5556718588331
0.6522521053686887
412.2472466052085
251.27323968547762
59.26762032739839
153.98109796555548
27.970383920571635
190.80655572457812
138.2931148800284
181.4718886712568
377.21882878237346
409.8077590337257
406.02664212345934
431.6401678206883
407.0609674012995
61.17807917436022
420.8278669684932
184.71239918892903
218.60498822891984
25.34472384082767
247.1478800403464
426.3840879809358
163.4410824292507
411.80087367508696
432.63950015070964
377.4193920398816
60.91931648932041
170.09036064046742
181.23540149055293
409.1136994819438
417.65354483051516
133.10010163745716
427.1348038680647
115.30586731844974
5.745029879679862
2.232314287518051
413.90010668763506
410.9466168456564
244.0491086035235
263.3843097282095
150.38793627441711
326.2545104344968
168.89735755232755
180.48796314686908
207.18294846022482
145.91173192832616
105.59166376175568
51.545002777302045
67.04608770475454
415.5802010465224
269.99423056813197
409.8123751527946
390.0672512767254
4.352379795114871
416.43830645477834
429.3666779773094
424.1555330761348
412.72139144333556
2.8832283902381732
262.59898063466784
191.74270002904498
0.9630896190732585
410.49165259648123
87.91431656136808
1.1392620715048452
196.14739897784546
113.97836710498473
167.4811132913567
398.552143322509
201.4375769337032
420.2244745024392
417.7361603128531
185.60103894489438
10.796473921618485
5.705360046455837
106.16802860015781
171.8225572034743
22.215252406546938
216.1554011746872
358.23458590954056
195.75645893336133
120.95051073596485
6.444734645487017
422.82467262161697
421.7395115148914
72.50728554170053
157.71082164771693
162.1408149215923
419.7224130811892
426.2872338705431
246.17422420021995
403.854081458665
301.81559879123006
62.34250638653367
418.34829355998124
407.55492713602547
106.98012607781277
143.86423671784073
407.6629457565978
44.37152597490564
222.02750813524617
274.1548989758847
237.01457762992533
41.7399280743258
187.04273728640024
413.64613895163365
403.73567134971347
22.908497086819068
87.02259211579593
2.4300341422040788
163.04093603110783
202.25741953995032
234.51076459967015
5.14606006492221
256.2892935010906
307.3898408898538
4.48950820594257
218.63757116335742
249.50000319265604
2.345165876120234
156.13250742751606
403.1609885076666
427.54880484438945
219.5730188847408
379.7355045395882
431.52389497176654
44.971068240483135
105.81271023770165
237.42772556432436
167.04040681505398
156.23305150707122
414.449126706356
16.113653177716287
10.765826054561387
0.9845688104777537
56.53441450918734
15.973652847223377
331.7414040383368
250.74490078630168
143.70260944016718
418.12714804353703
248.73356264575952
365.1609149211243
403.67948617431887
389.5226312564808
166.09231128836763
419.1566266083148
419.3713681346104
70.11244253926509
397.369886402008
402.87004361327797
33.85150950036211
221.03212679493305
275.0761741939822
164.03430221841583
289.87007900466165
407.3360757904357
348.4381945474947
6.75333802950388
0.036425208417824706
62.59391507935311
185.82304930867915
394.77754401374415
176.75259903599922
48.801469657324446
428.79857777891385
415.42419360019875
404.219232340278
26.523981209074975
159.03446837844717
4.52039736949348
93.44035188110371
420.5953808404381
34.96612061113785
97.61287204483608
269.5831515335342
152.74596495199023
410.98687712537605
249.38817812269525
252.84422990417667
16.3741010994641
115.92377423880134
0.875012163254496
377.9559889427568
238.85515416435675
410.0400271282295
431.38821279109106
88.49314344651981
404.94158580431576
123.95592513831195
339.15902428370055
190.50342492909087
410.06968655916876
1.1084438115394732
300.57521603575947
2.1238232824522925
49.051063884503435
149.12927498830072
14.135884219137722
411.3960116671957
10.582362977321338
166.9940285945408
43.34663536754624
56.7066647176304
97.35504726513562
163.43559746971854
218.39611069488578
13.793551860627986
108.63500482061443
116.34138436339072
412.65638434290133
139.5188715168018
135.18820220723606
53.81085874828432
204.30763714847936
257.9157234030363
433.2886974860638
220.67657652286692
403.47108281702214
419.5804426640146
239.81752992926056
158.50105422209512
197.72065288602727
433.3118515488896
65.29894848938545
183.1894599821954
106.42575661352777
407.2707632524237
198.12999594136863
322.87914010585365
251.62099889452008
248.48314231006336
116.39591415300876
27.395873932824998
38.45815438514768
0.07390131043183601
94.3965798211882
424.56463804692726
107.82207006255067
0.3012995915443639
213.64509737804977
415.15044305997344
114.31061577634337
2.706513801777021
1.1992822411433508
183.90592842909837
387.44224130554045
1.324484990416238
432.3476041534666
239.60410783167205
75.6280083141404
413.4739268494956
422.2254824014644
411.3287508586917
13.562270855000463
271.46272872275824
307.4579278938068
423.6293722806966
147.27463381610568
30.337404808450856
262.18286034434186
384.2413197427295
18.491068900589312
276.90619591514104
43.02978189726775
15.910352288329136
429.46999050924666
264.7116486419411
149.25542974972763
9.57234719659607
167.6860578612681
263.7070003127966
249.3685833263699
414.89383686162614
404.74692643054055
264.1405345633666
425.7838980354624
181.47522815656814
246.17902029933623
401.4173920104885
131.06477449675458
354.07172416484883
415.2424329850698
416.5031059733516
36.00431469086044
137.0393645230796
374.0395277014209
420.7139094626053
254.27584102682286
414.66235028183496
129.0970923590223
133.79143758570393
57.220427057199174
375.8121243727382
78.74819615669469
226.7123678041495
32.468115020190055
288.92234889279234
429.34257303817424
26.603548089481762
157.49750876222424
20.29700440459169
69.42263336360088
243.44091778595936
251.86844967715336
242.34902988010623
39.99465118733917
179.16691304320315
4.318110752362031
257.0462859323508
431.0547162329279
104.03648435080919
412.8450568019525
397.8371419591126
71.11879065414911
304.8912895414402
425.42877285284885
293.47543139273387
6.421440204773347
404.5210509167061
43.12423445083863
352.1522552469833
201.19347254185098
420.60364454884905
419.7320620509097
0.49895712140283877
29.97623429593392
356.4197259564814
15.908758434954507
341.908878024643
166.72440220459325
236.38661042396978
225.63550990808415
224.06090547182154
172.88069328241298
409.0134877011773
203.8338595760164
189.03480421643317
161.77938177923033
408.66365449552177
220.15501455965682
191.54697751544924
335.80867130074324
387.3437408943907
8.44866829263239
10.88342729175514
401.0976253162578
169.42549113049574
323.0171859899316
35.067001432374525
9.0962465186077
74.9469678511947
340.16415709502314
112.62624385418928
97.63152640171165
104.10749272312819
429.1257766658053
6.095666702386325
251.442485920516
91.06168140835035
218.55979766472458
416.3874565631288
410.0295339283184
339.7885681077588
299.7839176983483
137.3882499899994
94.35303582255004
0.0036563566292784344
311.0060830886956
408.5125346759512
417.96129180636666
182.68558396824898
29.96466297224498
399.8886655955802
197.41940307925063
123.66292066567547
8.164111200989055
289.346864612432
429.00873242460403
238.9700882812324
431.2351360901508
433.37543294050255
281.10222980813404
415.04199570928597
17.942758715389175
157.96525449368048
110.89972654116923
266.0541367701803
1.5394426124475444
56.620279565723536
405.57642826622543
361.4524953752837
156.67129014819278
333.26258528188424
230.85207097108812
5.435876466293394
0.8264588786517493
0.3077923391723516
85.52948648304681
431.1543535126719
10.86012327172159
427.27265185185905
349.8096503566196
1.2546510811610005
193.00038433759303
137.23074889118155
74.98429719145247
422.20896222520395
427.1046179541253
283.7782068833922
418.86702424585854
372.3129254362818
168.81720647606875
167.56828416508472
400.4433285488712
422.88514836819337
173.78411561662438
159.01649028596918
14.320866661002981
250.63238049533416
186.30871059594637
1.0185980660430118
263.7527369500747
99.37688777972107
256.4530469094524
245.48117615198225
257.6795804210735
89.70938542697351
163.60012586227705
404.129330008893
43.3814497782156
402.07787574209516
407.97212316575286
255.54268224445798
405.09655495137156
32.749302144418266
282.7419167588235
15.992312892243717
422.90874892431015
235.5279379174933
30.18335946309378
132.0772549800036
255.8568814920948
317.59820625388
263.0284358274163
16.421061598589404
247.64752000522262
403.4093904159934
2.568329214300263
169.43955940665984
174.03696502859495
21.711258913956613
158.91177681890835
75.84538481120853
429.61381903417333
288.91977840237234
0.12108589009710613
83.63716791805865
229.4349404525816
5.19538794958828
291.0070588094251
405.60995369152414
289.53778025209897
148.62686276755443
422.84605799535717
413.1470112772999
241.76463829337635
51.983576771882326
149.93787629992173
158.9093045555434
402.15708667337134
150.7345493817705
255.92686348461507
106.75641395478604
263.90145523856313
426.44009952405213
8.289926309352097
417.8961144886734
20.74196143184446
77.11470965256751
110.41517999267367
247.33684035250337
78.71281625607457
12.532639023902561
73.16030700352644
50.53695595427729
429.3399500132382
158.05592068365115
0.12952826137319562
415.54515896798523
378.0470013984049
283.464482499736
2.277425853170655
123.27554484596013
256.3320974259357
111.06335358629451
417.4417297474209
168.34036112152887
18.073284903741808
147.57420786244933
190.33277801253755
141.2170976743538
2.062399450461271
0.19755978969618582
68.68495220631502
167.55925984563265
0.30522934886170106
199.37077017268356
258.24993731542975
395.30862927280356
250.096597664352
8.855700144609386
0.15832752750134205
64.34721263894565
4.386240450432922
220.14255453797145
160.56034059381713
119.91170604143633
189.57356294594285
192.22216516755498
5.87248137025216
31.52203338316542
428.26301572408397
116.98493127524785
169.9710033029036
145.14503595855854
225.60255569501817
382.1468869265157
63.33005674027834
2.382821860985473
179.72211570699014
72.8243645049468
148.6783680686438
411.00705960866236
210.64322817876112
412.00286510641513
2.554720044505359
18.838311239234997
341.77879341558173
159.86706597117643
22.82897151281469
400.3187195232392
157.94346300243978
138.52930416401477
29.957626275468954
151.08545798700314
40.596410912338854
212.96752013878404
159.17550339901513
180.09501602938425
163.37527699126912
225.77490988478237
416.71489272408695
399.2534138811393
215.9763713429059
113.03728934362005
227.49653004516017
428.635644195744
159.3017487401215
228.10080804056562
181.65297655381264
410.61717025020585
94.59334163928065
125.68213156703854
249.3666835790931
218.03134734719166
418.05211893542264
375.4437886358004
42.554084211377244
298.3541403425756
107.20979953539444
431.64114007463013
410.98229313722806
221.36624798422181
237.67118637866847
412.88370110049624
237.78853218807694
88.1459455761401
26.887197255149033
369.6079529413292
361.52791782102724
169.90760454294153
52.003599054068275
213.02015979786646
416.5476697923296
415.97049968187935
347.0124199418435
20.421262000109436
401.99259680921693
0.48535687688439566
409.69220234974733
416.7711803045327
81.82962805661907
328.2980749689504
296.72047072513027
274.0207627330379
243.89597955002145
292.79484639372
164.15895782879406
248.16430794406014
4.56214548535678
32.149308882093635
415.80111174696594
252.66243097561545
11.420565209906783
32.613434853980436
420.09097663626
235.010417309376
202.97295396791958
25.355261071498887
323.7252747983238
65.97470654797291
29.44060547602237
0.3715920125191019
387.8837493891083
425.1493380988637
40.94248823688744
26.614826796075874
387.7346357296081
55.838549149625976
417.317922852932
413.2683548011769
209.601618783671
252.9123612373308
232.56049298216777
403.4274114781573
259.78927323390167
361.0603529058502
164.33686282975182
0.5011242371044204
33.74478881705534
407.58923865441056
91.23028149144739
122.5535037147622
423.3374871815144
405.7418807143542
204.12660648835688
408.88078273496143
398.0705588575605
103.03434997043172
227.95764462771766
263.8196562641248
156.34737650639696
413.0337085558532
1.0315870693186184
245.86553148731767
179.23464360734562
153.2997633189819
152.91789898935838
376.4740492414362
69.11988158678548
104.70051214397074
266.7994001940793
419.986362146172
251.7447101140112
282.57324933108333
325.28287418947053
424.9535475315738
106.7382926001435
394.94744870710446
12.580621095894287
413.02965563568875
112.05672172592605
222.92594449847374
386.5176118594791
407.0262955860842
43.72811263559146
0.39845153887273455
410.737663194764
1.5659402941971052
263.61091415357384
244.34850484851034
82.13967234447341
171.16160679727776
38.161278259050505
428.36805644164656
261.84252432416275
400.1727183155323
405.9949648022909
182.2101682813905
49.44982644276115
49.898707269419845
417.5233851624446
5.560451585308272
194.14165123733716
413.9701905604905
277.81115226451465
420.9271013931587
200.84951487777045
232.4363581489268
19.63233475615499
11.713446055948282
425.7592830161448
253.0399916589997
163.8407526700899
5.546068366466727
18.558866443423142
148.87385210756887
206.9941044094958
22.212667158533236
390.8869005727399
0.4820212394046166
22.331035127702023
418.69692814787
412.14979815206885
151.33989863613158
286.38116901703023
405.41256630342394
11.47678143972189
1.0061236222954903
54.31788858631734
425.83584331934463
163.1069727688855
74.69579577174005
406.6841201813345
390.49502283847846
324.0062001550276
43.236631486432145
54.69139554175405
431.6822869243545
430.76784000552084
54.221057726431695
1.0296110237707694
61.17736489737888
420.46894003700294
35.91068889435144
256.38845225496647
76.82998585877772
420.47349072473963
178.31659681289892
403.30670940378417
1.7834132255744066
208.44595595650142
100.1733322430685
251.6244184063757
325.868562642125
56.660420769384416
409.5660094765232
0.5289825535617751
238.94465127730638
294.966704540889
149.61558030442202
377.2453285722811
38.89384425477206
6.083757714085209
160.25919301269096
427.71846215220336
258.68988598643057
99.5237326577228
398.3243907216246
184.39457820295655
187.8655810657269
416.9076374432129
152.72753589477657
422.6013220615717
368.54100742781327
419.48315893662004
1.6277624108514033
253.23093726563891
171.2110723419076
417.8088724029045
0.5913068817719136
33.369022803260236
411.6676211364167
197.55184927291376
185.88982422791221
401.58445296826625
40.66201046073087
125.98970800724359
430.4265773230631
78.589289527419
14.251315215335808
121.90634808634115
202.09821255433175
227.52395783914025
340.9217543373443
105.29818075511912
127.16493385372189
273.9048760773424
404.9512770948449
406.12047144722555
61.129836650717664
209.42580297038475
234.7205571751315
424.4796587535282
420.13410673879235
330.2970600494236
360.7399728668199
434.2161857971591
7.522527463188851
2.918583863575975
420.1364127539178
196.62049093470125
201.1620419423044
232.93169900720974
423.9295048243495
384.74463632396464
158.85720256932086
54.68904377661198
247.12524975278455
75.00171877462788
425.52932246090927
0.04345915238940279
4.488436132094819
170.3997604420577
150.21872269815378
332.71497523990456
425.69111837632977
422.67944585235153
139.09159402409807
428.19032731594507
160.73887894687866
267.21635020044323
5.157609371402259
0.5966193390243575
0.0026444665259077738
428.16303097900726
412.2425797693538
162.07466908046337
420.09521609141603
395.64178293204935
186.62073819059933
40.2659114007422
16.3521986530356
105.30121217557286
3.309067011781508
266.370558595282
244.5054876292505
401.73805451427586
395.5279309486744
207.49527901409073
298.0452028762991
213.65205832694775
410.37632963914683
354.4665925040413
213.15105939056002
80.59200878722072
0.47938524707041097
225.75487405928175
2.222233663371128
417.4517642298886
7.092582276702785
357.1705050423544
6.723145432151966
52.36551387187018
433.9882195828298
144.24930645647362
168.03699429056815
47.3244400041263
28.611866573507086
169.51336747344206
167.242473244786
297.4390242917148
425.2727491617655
0.11279544589734769
203.26459762720953
26.198655856936284
47.351885114440705
247.95377555373258
5.983087988871716
277.8532107320161
405.5948686795392
237.15994123792456
11.71698879864681
10.163975861277379
267.0952001058771
422.21514025473675
1.1200538511961895
402.95630667066285
88.33600906848875
250.23586854098667
121.43148869645404
250.92640182513802
405.936848621997
412.04398029472895
2.3383072264549583
214.61568483096613
0.5907676695310329
335.38511196724653
237.29141561170096
42.95302946618773
325.2069605301153
427.14878093635986
101.07929258039599
56.44422670564995
69.76935055891732
418.3056375553462
6.011726882484027
401.19138273428274
144.22256123405535
43.57383411039331
273.7749614625161
0.22019403417789363
410.3764551913986
400.8065107379227
254.47824761535588
170.93043272908952
94.79680768805366
416.16257770676856
175.23361788014594
0.46976296828859176
422.16508005431183
271.1921036655119
100.30109292237884
424.4008696170846
181.20297219222826
44.23024852167549
274.11842955710614
248.27925758131812
404.42601508788357
414.8555889130491
344.6407295508741
21.463885587807113
187.55341880814885
204.21500970026514
4.758769324556283
400.20687342909395
88.94071408225483
135.4532110520056
417.9860267693958
410.6975992490808
161.43745594411268
46.41227622158817
140.31077408505004
91.37737615767927
51.644472373979056
4.551542755495518
420.9190214272881
12.461290099957182
214.67504971306016
259.89706664266043
44.103645145223766
0.1598695285605345
433.56232004446133
260.80492368974126
417.8294766205834
104.2576525028141
354.3201819908487
243.3975735704401
11.178322149661767
88.08056638503297
420.03423830955927
249.99062218113264
405.9693313638169
195.87553350938555
212.67832715602782
151.05197517547245
264.9020175639252
2.681905834774625
39.86522152880059
406.64171198895144
136.47667368279153
