$SPEC_ID:
This is sample 001.
$SPEC_REM:
DET# 1
DETDESC# DIP1456 PCI-Trump SN 253
AP# Maestro Version 7.01
$DATE_MEA:
04/09/2025 06:28:02
$MEAS_TIM:
43000 43344
$DATA:
0 2047
       0
       0
       0
       0
       0
       0
       0
       0
       0
       0
       0
       0
       0
       0
       0
       0
       0
       0
       1
       0
       0
       0
       1
       1
       2
       0
       0
       1
       2
       0
       0
       2
       1
       2
       0
       3
       0
       1
       0
       1
       0
       0
       2
       0
       0
       0
       0
       0
       2
       1
       0
       1
       0
       0
       0
       3
       1
       0
       1
       1
       0
       1
       0
       1
       3
       1
       0
       1
       2
       2
       2
       2
       0
       2
       4
       3
       1
       5
       7
       1
       2
       5
       2
       1
       2
       5
       3
       5
       2
       2
       1
       2
       3
       2
       3
       5
       3
       3
       1
       2
       1
       1
       3
       3
       3
       3
       3
       3
       1
       2
       3
       2
       1
       3
       4
       6
       3
       4
       3
       5
       2
       4
       7
       1
       2
       0
       3
       2
       3
       3
       2
       3
       1
       3
       4
       2
       4
       5
       1
       5
       4
       2
       1
       2
       4
       2
       4
       3
       2
       3
       4
       1
       1
       2
       3
       4
       3
       2
       3
       5
       7
       1
       4
       4
       1
       2
       5
       4
       4
       2
       5
       3
       3
       3
       0
       2
       3
       3
       4
       2
       7
       2
       4
       2
       4
       3
       3
       4
       3
       1
       3
       5
       5
       6
       1
       2
       6
       4
       7
       6
       4
       8
       7
       1
       4
       4
       2
       2
       3
       3
       5
       3
       2
       3
       4
       3
       9
       1
       3
       1
       8
       4
       5
       4
       5
       3
       1
       8
       3
       4
       8
       0
       4
       4
       7
       3
       6
       5
       9
       8
       5
      12
       8
      10
       7
       7
       7
       8
       8
      10
       5
       5
       5
       4
       6
       4
       4
       7
       4
       4
       4
       4
       6
       6
       5
       4
      10
       6
       3
       5
       7
       5
       5
       7
       5
       4
       6
      11
       6
       5
       3
       3
       4
       4
       4
       8
       6
      10
       7
       7
       5
      10
       6
       3
       4
       4
       9
       3
       4
       8
       9
       5
      11
       5
       7
       5
       2
       3
       6
       9
       6
       8
       4
       8
       5
       2
       5
       6
       3
       6
       7
       8
       6
       8
      11
       7
       4
       3
       9
       3
       9
       9
       9
       7
      11
       9
       8
       8
       7
       6
       9
       7
       2
       6
       5
       9
       7
       9
       7
       4
       7
       6
       9
       7
       9
      11
       5
      13
       7
       9
       9
       9
       9
       8
       9
       7
       9
       9
       5
       7
       7
       9
       4
       7
       6
       9
      10
       6
       8
      13
       5
       6
      12
       6
       6
      14
       8
       6
       6
       5
      10
      10
       9
       7
      16
       5
       7
       8
       8
      11
       7
       9
       3
       9
       8
      10
      13
       3
      10
       7
       3
       9
       9
      11
       5
       5
       4
       6
       9
       6
       7
       4
       7
       7
       4
       7
       8
       7
       8
       8
       8
       9
       4
       7
       9
       7
       4
       9
       9
       5
       8
       5
      13
       9
       6
      11
      10
       7
      11
      11
      11
      10
       5
       8
      14
       4
      11
       5
       7
       6
       6
       9
       6
       7
       7
      12
       7
       6
       8
       6
       9
       5
       9
      11
       7
       4
      10
       8
       6
       8
       9
      10
       4
       3
      11
       7
       6
      10
       6
       7
       6
       7
      11
       8
       7
      11
      10
       6
       9
       5
      10
       7
      10
       3
      10
       5
      12
      11
       9
       5
       7
      11
      11
       4
      10
       9
       9
      12
       6
      12
       3
       9
       5
       9
       6
      14
      13
       3
       4
      14
       4
       9
      12
       6
      11
       9
      11
       7
      13
       6
       4
       8
       5
       6
      12
       7
       8
       7
      10
       7
       7
       9
      10
       5
      10
       6
       4
       6
       7
      10
       9
       8
      13
       6
       6
       5
       7
       5
       4
       3
      11
       8
       3
       4
       7
       5
       5
       7
       7
       8
      14
       3
       6
       8
       6
       8
       8
       7
       5
       9
       5
       5
       3
       8
       4
       7
       5
       8
       5
       7
       9
      11
       9
       3
       5
       6
       2
       4
       3
       9
       2
       5
       5
       2
      10
       6
       3
       8
       8
       5
       6
       1
       8
       5
       4
       5
       6
      10
       3
       6
       5
       3
       6
       4
       7
      10
       7
       5
       5
       3
       4
       4
       6
       3
       6
       3
       2
       5
       6
       4
       4
       3
       6
       6
       8
       3
       6
       5
       6
       5
       4
      13
       7
       3
       6
       5
       6
       9
       9
       8
       4
       4
       7
       4
       5
       2
       2
       6
       2
       2
       6
       4
       4
       7
       6
       3
       6
       4
       4
       8
       2
       3
       3
       3
       5
       6
       5
       5
       4
       5
       6
       1
       4
       5
       4
       2
       2
       3
       1
       7
       2
       5
       4
       2
       4
       8
       5
       6
       2
       2
       7
       1
       5
       4
       7
       0
       1
       2
       2
       5
       4
       3
       2
       2
       0
       4
       5
       3
       4
       3
       3
       5
       3
       0
       3
       5
       5
       3
       4
       5
       6
       5
       5
       3
       4
       3
       2
       1
       1
       2
       1
       4
       8
       3
       3
       4
       6
       5
       0
       6
       1
       3
       1
       3
       5
       3
       2
       0
       4
       6
       5
       3
       3
       2
       5
       2
       3
       4
       7
       3
       2
       2
       2
       3
       2
       1
       2
       2
       0
       1
       1
       2
       1
       4
       6
       3
       3
       0
       1
       3
       3
       5
       3
       2
       2
       1
       1
       1
       1
       3
       3
       3
       1
       2
       2
       3
       1
       1
       2
       1
       2
       3
       2
       6
       1
       4
       4
       1
       3
       4
       5
       2
       2
       4
       0
       2
       4
       1
       1
       2
       3
       3
       1
       1
       2
       0
       7
       4
       2
       3
       2
       1
       5
       5
       3
       5
       3
       2
       3
       1
       4
       3
       6
       1
       2
       3
       0
       1
       4
       4
       7
       0
       1
       1
       2
       8
       2
       3
       4
       1
       2
       0
       3
       2
       4
       0
       0
       1
       1
       5
       0
       2
       2
       3
       2
       4
       3
       3
       3
       2
       1
       3
       3
       2
       1
       3
       2
       1
       1
       5
       3
       3
       1
       3
       1
       4
       1
       2
       2
       2
       4
       1
       4
       3
       1
       1
       2
       2
       1
       4
       2
       1
       0
       0
       2
       2
       1
       6
       3
       2
       1
       1
       3
       4
       2
       3
       4
       4
       2
       2
       2
       3
       2
       1
       2
       2
       3
       2
       3
       5
       3
       5
       3
       1
       1
       3
       1
       0
       4
       0
       2
       4
       4
       3
       8
       2
       3
       4
       4
       5
       8
       4
       2
       4
       1
       6
       3
       0
       4
       4
       2
       6
       5
       3
       3
       9
       6
       7
       3
       5
       4
       3
       4
      12
       5
       7
       5
       3
       6
       4
      10
       4
       6
      11
       6
       2
       6
      12
       9
       6
       3
       6
      11
      13
      12
       6
       9
      11
       5
       8
       9
      13
      13
       8
      11
      13
      11
       7
      12
       9
      14
      12
      14
       4
      11
      13
       9
      10
       8
      15
      16
      19
      12
       9
       5
       7
      13
      17
      16
      13
      10
       9
      10
       6
      10
      14
      17
      15
      14
      15
      12
      19
      12
      12
       8
      20
      11
      13
      12
       8
      15
      16
       8
      13
      19
      16
      11
      11
      11
      12
      17
      12
      20
      21
      18
      15
      15
      11
       9
       9
      17
      17
      21
      11
      13
       9
      13
      16
      20
      11
      13
      11
      11
      15
      19
      13
      11
      11
      12
      12
      17
       7
       8
      13
       7
      13
      11
       9
      16
      14
      18
       9
       8
      14
      19
       9
      10
      15
      15
      10
       8
      12
      10
       8
      12
      11
       8
       9
      11
      11
      16
      14
       9
      10
       6
       8
       8
       8
       6
       7
      10
       8
       8
       8
       5
       6
       8
       7
       6
       6
       6
       4
       5
      11
       7
       2
       5
       6
       2
       9
       2
       4
       5
       2
      10
       3
       7
       6
       8
       5
       7
       4
       6
       5
       3
       4
       5
       5
       3
       5
       2
       4
       7
       3
       7
       6
       4
       4
       1
       3
       2
       5
       4
       8
       2
       3
       3
       2
       3
       4
       3
       3
       1
       1
       1
       5
       3
       1
       1
       4
       3
       0
       2
       1
       3
       1
       1
       2
       1
       2
       1
       1
       1
       1
       0
       0
       2
       1
       1
       2
       1
       1
       1
       2
       0
       0
       2
       1
       1
       2
       3
       1
       1
       1
       0
       1
       0
       0
       1
       0
       1
       3
       0
       2
       0
       0
       0
       0
       2
       0
       1
       1
       1
       0
       0
       2
       2
       2
       0
       0
       0
       0
       0
       1
       3
       1
       1
       1
       1
       0
       0
       0
       0
       0
       0
       0
       0
       0
       0
       0
       0
       3
       1
       0
       0
       0
       0
       1
       0
       0
       2
       0
       0
       0
       0
       1
       0
       0
       0
       0
       0
       0
       1
       1
       1
       0
       0
       0
       0
       0
       0
       0
       0
       0
       0
       0
       0
       1
       0
       1
       1
       1
       0
       1
       0
       1
       0
       0
       0
       0
       0
       0
       1
       0
       0
       0
       1
       0
       2
       0
       0
       0
       2
       0
       1
       0
       0
       0
       1
       0
       1
       1
       1
       0
       1
       0
       2
       2
       0
       1
       0
       1
       0
       1
       0
       1
       0
       1
       0
       1
       1
       1
       2
       0
       0
       0
       1
       1
       0
       0
       1
       0
       2
       0
       0
       1
       0
       0
       0
       0
       0
       0
       0
       1
       0
       0
       0
       1
       1
       2
       0
       1
       0
       0
       0
       1
       1
       4
       2
       2
       1
       1
       0
       3
       1
       1
       2
       2
       0
       1
       1
       2
       2
       1
       1
       0
       0
       0
       1
       1
       2
       2
       1
       1
       0
       1
       2
       0
       0
       2
       2
       0
       4
       2
       2
       2
       2
       2
       1
       1
       2
       2
       2
       1
       1
       2
       0
       1
       3
       2
       2
       1
       1
       2
       0
       2
       1
       1
       2
       0
       1
       3
       1
       1
       1
       1
       1
       2
       0
       2
       3
       0
       1
       1
       1
       1
       1
       1
       0
       2
       1
       0
       1
       0
       2
       1
       1
       0
       1
       1
       0
       1
       1
       0
       1
       2
       0
       0
       1
       1
       1
       1
       0
       0
       1
       0
       0
       0
       0
       0
       0
       2
       1
       1
       1
       1
       1
       3
       1
       0
       0
       0
       1
       2
       0
       1
       0
       2
       0
       0
       0
       0
       0
       0
       0
       0
       0
       1
       1
       0
       0
       0
       1
       1
       1
       1
       0
       0
       0
       0
       0
       0
       1
       1
       0
       0
       0
       0
       1
       1
       0
       0
       0
       0
       1
       0
       0
       0
       0
       0
       0
       0
       0
       0
       0
       1
       0
       0
       0
       0
       0
       1
       1
       1
       1
       0
       0
       0
       0
       0
       0
       1
       0
       1
       0
       1
       0
       0
       0
       0
       1
       0
       0
       0
       0
       0
       0
       1
       0
       0
       1
       0
       0
       0
       0
       0
       0
       0
       1
       0
       0
       0
       0
       1
       2
       0
       0
       0
       0
       0
       2
       0
       0
       0
       1
       0
       2
       0
       0
       0
       1
       0
       0
       0
       0
       1
       0
       0
       0
       0
       1
       1
       0
       0
       0
       1
       0
       0
       0
       0
       0
       1
       0
       0
       0
       0
       0
       0
       1
       1
       0
       0
       0
       1
       0
       1
       0
       1
       0
       0
       1
       1
       0
       0
       1
       0
       0
       0
       0
       0
       0
       1
       0
       0
       0
       1
       0
       0
       0
       1
       0
       0
       1
       0
       0
       0
       0
       0
       0
       0
       0
       0
       0
       0
       0
       0
       1
       0
       0
       0
       0
       0
       0
       0
       0
       0
       0
       2
       1
       0
       0
       0
       1
       0
       0
       0
       0
       0
       0
       1
       0
       0
       0
       0
       1
       0
       0
       1
       0
       0
       0
       0
       0
       0
       0
       0
       0
       0
       0
       0
       0
       2
       0
       0
       1
       0
       0
       0
       0
       0
       0
       0
       0
       0
       0
       0
       2
       0
       0
       0
       0
       0
       1
       2
       0
       0
       1
       0
       0
       0
       0
       1
       0
       0
       0
       0
       0
       1
       0
       0
       0
       0
       0
       0
       0
       0
       0
       0
       0
       0
       0
       0
       0
       0
       0
       1
       1
       0
       0
       0
       1
       0
       0
       0
       0
       0
       0
       0
       0
       0
       0
       0
       1
       0
       0
       0
       0
       0
       0
       0
       0
       0
       0
       0
       0
       0
       0
       0
       0
       0
       0
       0
       0
       1
       0
       1
       0
       1
       0
       0
       0
       0
       0
       0
       0
       0
       0
       1
       0
       0
       0
       0
       0
       0
       0
       0
       0
       0
       0
       1
       1
       0
       0
       0
       1
       1
       0
       0
       0
       0
       0
       0
       0
       0
       0
       1
       0
       0
       0
       0
       0
       0
       0
       0
       0
       0
       0
       0
       0
       0
       0
       1
       0
       0
       0
       0
       0
       0
       0
       0
       0
       0
       1
       0
       0
       0
       0
       0
       2
       0
       0
       0
       0
       1
       0
       0
       0
       0
       0
       0
       0
       1
       0
       1
       1
       0
       0
       0
       0
       0
       0
       0
       0
       0
       0
       0
       1
       1
       0
       0
       0
       0
       1
       0
       0
       0
       0
       1
       0
       1
       0
       0
       0
       0
       0
       0
       0
       0
       0
       0
       0
       0
       0
       0
       0
       0
       0
       0
       0
       0
       0
       0
       0
       0
       0
       0
       0
       0
$ROI:
1
1156 1377
$PRESETS:
Live Time
43000
0
$ENER_FIT:
-11.011522 0.363344
$MCA_CAL:
3
-1.101152E+001 3.633436E-001 3.226449E-006 keV
$SHAPE_CAL:
3
0.000000E+000 0.000000E+000 0.000000E+000
