Number of photons that left the target: 644732
Number of photons that interacted with the target: 1000000
Number of photoelectric interactions: 46177
Number of Compton interactions: 953823
Number of Compton interactions (2nd): 738264
Number of Compton interactions (3rd): 502680
Number of photons that reached the detector: 437
Number of photons observed by the detector: 136
Detected Energies:
301.1434997091541
135.89919369455995
237.12455909648375
179.17817853406623
369.3019327417875
67.92455148681967
363.27446016386074
353.3227237400824
132.4344350410701
370.74693146207284
181.65893371590758
163.62472516531875
308.71761080537317
325.43337472699585
188.09559765533984
215.49148276213393
68.8815409062122
177.10643840302637
199.32853649270945
360.9536954751122
458.5119282520864
2.883795600972842
155.7759073155884
286.2245653189614
310.1103845556157
250.3409560395716
405.7682333258282
321.2995555319852
44.1505028304777
374.7860276624018
127.58438143915144
131.7919566113061
223.7630453138614
13.524872116318802
15.41068961606037
383.6899154737576
187.92355533404134
228.12827432112005
165.48815913259608
233.4356102022525
39.17691350475824
163.80371690933376
228.98803085508902
4.897985017489082
215.36103460815002
290.4053461418054
42.67104824204495
342.7506363690588
40.79900243627665
396.2492625396616
376.7175634529403
142.371730017076
352.1094391467722
375.2943589808182
111.09267023764389
0.3138609565462738
377.40664190867625
366.5789625328109
139.75610872159578
329.6355335355608
225.23693837637467
277.15859037776755
227.1179379455316
205.82234903549048
339.83036154076024
22.106282907895174
370.78075707358045
32.34378483733632
20.665383638353426
411.6889507176355
335.2354765563809
203.73032923735894
150.73388478553272
333.6035736036956
4.971094948479894
183.92956064714886
126.64256078319572
122.86097612944093
65.64076397532094
233.39606024048038
254.09951555699664
11.882821792318595
155.71310935528183
232.83682941245806
259.440800663073
13.21723929675747
357.3524831163713
409.83127977191566
343.1863556752608
348.51442201013555
257.533956565037
200.91602590109073
0.802964557557172
237.085333270273
105.77125191854076
33.6433416259888
223.20152865379086
332.306481985151
151.69827225346583
173.80324899086352
268.9867028180157
5.336143353589898
251.6053440863643
378.80411355993544
329.43189972492377
301.8623274136026
198.95413490999235
321.901802300797
0.16729652539011156
314.68862749988364
323.96964744078304
368.08861840613065
400.85479773215826
210.51946291515094
0.09307940668159066
187.67284181200657
303.8923101001713
337.26829392321577
322.2121030154319
181.59988898441821
159.35398395804168
165.8912762097506
105.83629751606622
333.3816275371489
370.95852048015837
349.06636143046717
190.19022468496215
259.54791824923933
211.4646017767504
160.4996746632332
348.1516200849219
293.29117200877755
380.282695491986
0.03930198420052284
248.96187899321245
95.4895245330697
