Number of photons that left the target: 645304
Number of photons that interacted with the target: 1000000
Number of photoelectric interactions: 46014
Number of Compton interactions: 953986
Number of Compton interactions (2nd): 738272
Number of Compton interactions (3rd): 502716
Number of photons that reached the detector: 470
Number of photons observed by the detector: 153
Detected Energies:
110.81220121352719
161.12919652907945
402.35915442622274
333.4153860326166
409.89834872820444
145.06646688570473
306.99404963018696
113.28198870687837
141.8275703810774
275.90306835717087
339.4593571014382
396.97975582326836
187.32875278553016
180.84219750936202
160.4062343400719
434.3273113706553
150.72589193721163
360.9378364485316
151.47192045033106
352.2816257702547
193.4771879562062
34.189547503873705
318.82163285793473
169.679089920327
8.96295829004059
248.74646970088943
283.9648074866959
1.172895831963053
259.7092171196308
141.78041450810315
203.27213940100077
334.32080113195946
125.61645399166783
43.69898827556348
388.5714097098029
361.9899473740839
147.27859520533647
256.0765793279686
356.63498761405674
364.40821656509036
307.47477105516595
350.05498600819476
131.93865402724117
38.120958084256095
249.677286310737
145.70717066534405
132.04366112213583
331.32897214082146
222.18296928480584
0.8590582775371791
242.16491923407108
343.0893110941042
0.1376485614212988
229.26743170065564
242.41101504336183
386.9555001425511
379.34531448094634
217.19907721021642
113.2115120943355
283.6936883603247
381.0960379606347
263.90675235530927
241.66107188178606
130.76912460568764
228.62913998600794
36.422715167926086
176.1866486598591
367.5761384503886
176.71938870329487
361.84098278073793
176.3962362604833
31.091281914243556
237.13622388291625
160.9576371069443
403.60416356657703
129.49886125473546
183.53344430040804
1.2661551990314845
397.8497548751768
0.8748766973912625
38.42249697520168
134.85482438489208
163.47817476610905
293.35273820224575
339.0637431014339
363.97711461743603
267.9735698017539
381.82384329258605
316.29011357550337
83.59885342116631
159.399959497435
279.83305131923623
86.40174740107277
5.6790315303450845
1.3425610440101872
349.7063720729154
279.42418274676686
6.250979819135659
1.5472122216117603
186.41646084867372
136.0701593975028
164.86456995000378
352.6035556029316
134.67385951320017
33.07781266710256
169.31943547841908
129.53641643194814
247.35587468614128
132.91895088181218
384.4612879386337
388.2751375798209
331.62473984874055
198.3149136054995
278.4709135191745
209.59168311357527
231.3771094148658
286.2923253640395
303.6748482286196
315.3140499715223
163.9837215518828
331.0466861331452
171.94226752116273
190.93209767016842
1.564658905085561
136.63470182420733
288.4049055414165
286.4614430803275
301.7425831559048
81.80735229956575
353.6006387642482
239.28544058388576
406.5679481136868
0.16771175675684227
7.278389274488476
184.0840702574802
20.00207144629537
221.55413981083686
286.4108858970127
0.09765897358292208
179.00448481109163
339.65275121673966
287.96268032068406
156.1906699302283
227.66868159068903
348.1736896912038
352.9568265818531
0.8712594106585255
177.31606273627636
153.7894616842216
129.8381093974117
173.3510474719572
221.52617001618106
206.77664029066221
