Number of photons that left the target: 824428
Number of photons that interacted with the target: 635933
Number of photons that interacted with the target (2nd): 327606
Number of photons that interacted with the target (3rd): 159066
Number of photons that interacted with the target (4th): 67962
Number of photoelectric interactions: 29696
Number of photoelectric interactions (2nd): 57205
Number of photoelectric interactions (3rd): 54864
Number of photoelectric interactions (4th): 33807
Number of Compton interactions: 606237
Number of Compton interactions (2nd): 270401
Number of Compton interactions (3rd): 104202
Number of Compton interactions (4th): 34155
Number of photons that reached the detector: 461
Number of photons observed by the detector: 341
Detected Energies:
269.6758417661202
254.80113393305365
266.2703791286943
5.337678699625153
249.86105950196105
252.6666529814163
250.87268017789296
28.81684079987518
264.91100766893743
274.22369057217225
214.58331484203416
113.34915310722266
125.42633674957524
8.491787919813339
218.97308480059687
257.57333976226806
0.9468852894093083
270.97276341568244
271.4150048038898
268.3608358999436
249.21752654103807
250.10232601370004
250.45155111343004
67.74571255530294
243.3352080285964
2.1370851404220224
261.608028641047
105.87107397045729
259.1376202580689
250.99287809895432
242.91826199808858
0.6098440182127044
14.019838803380981
259.97544526701233
30.048408861469124
266.9512260178315
238.31679030142112
118.26849286184434
264.09445778502624
151.94356178813308
7.3610059159763574
272.30353374456956
136.2553411658908
260.99487839629046
265.8230490825454
1.8056144248802615
268.0489606866672
139.99462482797324
235.32487350023553
208.2087527900339
252.4930502057611
88.53536580561295
261.3636142467975
258.2294062697045
237.67689485383542
8.385159027116272
24.582446748503653
10.168611933076978
252.68991456346612
270.17171667307775
251.88004498060462
260.91889454437285
246.06200249892382
246.98131277526107
124.48398948904554
23.310067113587657
245.7419465006529
246.27943498424838
117.09847040065816
117.57585524715365
252.7164696020413
252.19193124260332
116.37387217906013
44.67147880879693
253.5664781751617
211.29577494626483
263.48098062190064
119.70929409246095
95.03131761546524
244.23592704696367
36.021579035207544
206.55092934729342
228.8911955155534
231.44423513033811
209.67183937771267
263.29488976638174
134.8236515130608
260.2172643167547
2.18404192973483
260.58049154507785
151.62900727955298
276.34592373067795
256.2774029868532
227.0764220332816
253.56984435127055
261.02746389885897
249.08600619191304
261.33311891548436
249.71665658254125
274.36562234203154
258.8136965297857
235.7795939745296
13.922597770810215
8.648482818215056
258.2297206130716
276.61604547365937
260.4475005024841
218.99623432193687
255.7635534631994
177.7994716239273
85.808930784975
263.4400797309109
262.20055347590625
248.6284162588838
259.41386150602574
234.0999581091456
238.1779090803568
269.5112007828446
250.5818212066006
266.20925583880046
245.97935484803443
92.69897108004713
226.2166886335451
107.95167197255049
242.74913388915655
272.6983527590121
238.7129952829702
215.29434445717254
252.52227384652713
204.34920819336529
190.182849497435
50.18614932099949
268.384286071337
264.1717751081346
250.57424391293998
263.34873059477997
223.60052813950412
54.79733892881982
256.89702033365984
96.2649542995102
262.64855696048215
114.27068151408557
261.97167997512196
231.335825560564
107.70697494163645
260.73941777659843
254.03886407931589
78.27171658964569
2.077914588795587
268.2183731362413
271.29097997282986
262.5129185089869
2.6979116218273322
152.25942667797761
110.05560312433967
73.09171565546404
253.40124838905098
271.3777049270268
265.9880989046372
251.53413818984527
12.334604364233039
94.10903763670055
8.879525640301011
213.32074641919746
15.40139103485047
40.652157395203645
17.731784613767953
280.8546514185242
213.11518152099842
235.86814392207737
55.510507072656935
251.90978614317595
43.675475343437284
218.3727731748689
250.86946107396963
260.50381440882916
180.10913885082607
262.54611988755477
120.44771981217944
111.85216303007473
245.50022591493098
157.9959255533642
257.01936720230395
242.47666762866828
253.69682159145512
259.1986871291232
260.2447785208096
134.8885460982019
271.9194083050868
130.09518639632623
140.38959855766672
13.732549030495825
100.66158056379338
30.630477290572358
220.57106832382573
135.2783345482347
97.08610787221428
243.32808195846314
241.116395215859
246.19812517573243
270.51518260440514
254.9842419639208
129.65972935183333
191.0851159578762
195.103287006119
250.39006285600445
260.5832210796099
253.36611126527356
88.6802871669993
267.7186145754263
269.3828759868397
81.05827253437629
131.17936790315298
254.43103371939188
131.3317295546705
124.93838675803835
14.60193202598328
17.130444312564855
185.97406611381905
264.810310935438
6.105021656750917
257.4718009017896
108.3296371103541
43.1108791588389
130.96078547797282
268.105940839251
258.84691345755505
225.63945386411746
27.34469803060214
268.6596079906754
13.683756848505052
80.59128399446247
192.75870984423364
160.37749277890396
254.854950434161
252.07758666472026
254.66632255622648
261.29792041940385
273.21487552206753
269.01834701029003
155.39797537003733
109.52338592380904
242.61778375530616
264.3673821739564
257.1090345157822
244.07370073333507
261.26380043415674
88.53529625454296
106.74779730807919
258.61914202078987
122.7909656004453
253.1610839760317
272.56840271478904
21.56114983800867
253.667005168535
5.539823934561546
108.37423219990725
110.27688274176388
265.2437875251764
251.26349003003213
136.98898012166785
261.96593601242233
112.47787595029193
116.27845781150076
267.88900049395295
91.888291594608
253.0044891772139
258.0086005715043
222.8246244823367
254.79344994237627
254.7486759589761
275.22878835009317
263.658085248044
250.65125267830243
245.3684746901251
264.74123394205685
76.2071127470484
11.36538404500232
240.545865464167
253.36965741621236
69.56865766456848
259.62837717932507
253.96461490186496
128.49232972780428
265.11970728003985
229.0753865005881
245.63402056043176
74.3309545264761
255.29194308975397
250.481232981785
244.28389310489894
1.4176261519475317
114.27005434169786
11.890650882133185
203.1818563198305
208.81779577464368
114.3731719967221
256.76980589765145
153.94661190994088
7.462940270405159
219.63117236894047
238.37584556550863
160.12951063132093
134.4126482850958
207.85562419053164
4.13159398818633
127.6286502509527
157.9110947998002
266.70916425567196
257.24477943739583
266.38456173871367
267.4137916532581
152.65919727401803
259.4419820690919
225.9041347704384
254.84578287792252
252.23781179119266
70.06228897950325
246.46388886214825
264.17055027623684
256.19778457219394
260.59307074157226
130.25706961915063
239.7802056679758
2.272209668703122
272.60923386565366
255.12053900667715
250.5113504805704
0.12107352462270649
253.46579976306498
257.5454771304489
257.77465094937673
248.16414330420324
265.7812134985958
185.59239619723556
191.92421091934594
28.01728278241852
277.6907165142404
206.79072941015792
210.33392402246187
214.68709727767853
True Detected Energies:
266.1219934221661
245.45633233823204
249.23326369119164
5.369465289076572
249.49765707272158
242.47723764417236
257.1051351752117
27.914846376392006
264.99287034109705
266.4382994917085
223.3767526646945
113.34279970093493
128.9654578695098
8.320331127004323
220.12216607392656
261.78512428730613
0.9514312775509666
266.61435270119125
254.3644645027948
260.9432687052336
251.96744268035843
250.44055142731628
254.41150870044217
68.74758294264123
243.56026515109005
2.0833248703720244
257.5422004220934
105.73688453074865
250.01399653139174
245.93756617917765
252.7654660168141
0.6114225016730757
14.341388178070133
263.40832729115095
30.437391835602938
253.47574293207447
252.08507294841382
121.15870301404505
260.47253659978037
152.83595642155086
7.220532729784054
266.70854911214786
138.8840663735848
255.69254354960418
256.7738720082116
1.7386552995021702
265.24328882940665
142.05898731557994
247.55247271058812
212.69819494083652
256.18805789754344
87.07436785854844
257.45531987211683
251.77914097355418
251.26408382887809
8.437081340448316
24.273992558227235
10.153230917192559
250.2122441060376
265.97223401197846
248.97448812529413
255.99514470439166
262.07412125751404
249.3878092706869
126.29575986871396
22.3695945424345
258.2102931223841
252.18015285765992
116.0021435576952
118.2194608541752
266.2890476145966
247.88847574120234
115.92992253747238
44.138710087795005
258.1141564343246
206.12534993494606
257.0089333134923
125.55659540988701
95.32852504348733
249.64054811766246
35.303591843137525
204.09648314221425
235.61049135680884
235.85100877763722
196.76351998092883
259.76044010708705
133.27723714123647
255.65895162665964
2.2187096160774757
250.04542503850544
145.92747263431872
264.14053506160957
258.2915102927895
232.13676235866035
255.91487193289328
256.51338052042934
245.8456969132301
260.55748670771163
251.98362691362257
255.2512883251145
255.1438213532632
249.04778078042924
14.54597883577759
8.832889519306633
252.21135896603616
264.78728158091076
258.6349881208248
215.90077621062395
248.9273497232223
181.7028984902268
87.26936613126
256.88029779053215
258.7089294871351
254.73683392467936
260.10504491733394
236.33428758902653
248.20884827456354
262.72780143658173
253.25840916290795
261.7375903561366
253.30364546783477
88.32408256232827
239.80952285115274
104.09977248754154
250.68332885902018
264.763271057727
249.9507322346986
223.1954230374959
255.0967350319074
205.1345450188471
193.72940076316482
49.747620398813126
260.36255972353166
253.0509727527717
260.81694187750304
257.79762978030277
227.45633922130168
54.604358387584426
250.6574329502872
98.19728603113569
260.2611126778866
114.72295039225588
254.3265486461329
249.85095280576502
110.8788789812279
253.30905523969776
259.80352533543277
78.25062028483873
2.108532177433233
255.31840033108816
261.36707377272444
261.45458163399474
2.6451340554420995
155.04406457781792
107.26371266915231
73.65915223945112
260.99335726445656
255.11637321775456
256.00433914068356
247.1137293923098
12.167616482608395
92.5805402292732
8.659078210399741
207.18602003709347
15.32190921284328
40.27621423925146
18.026030444326835
261.65240038574484
217.4026565555527
229.59177025397196
54.730324602071846
262.2328719160644
43.37538948650629
219.7266710865266
246.75563192633456
260.7276201455768
182.67050270332695
259.1694561901311
120.49961179297372
113.46811114392291
243.10496787909562
161.83764988924432
248.24095474591692
247.99056812350685
235.94506809938323
255.45714517562587
250.42313488046042
133.18541070025063
258.06572206785864
130.61270485560973
136.78472469966138
14.069851920426004
102.84187916130648
30.159849367805975
214.9220844970187
136.63658187148383
97.87262006055002
253.82704236111428
248.20928744552398
252.93378340253912
266.0781634081646
256.92747338070535
129.71163477364402
196.65481557209955
195.54477754717269
247.06705970427558
261.6282157459664
254.1680322537057
89.02212520332745
263.1788900035927
259.03794840358273
82.72438023911337
130.63510788380054
259.9515597713172
128.3165245914068
131.9054354676337
14.646321544456924
17.034660832375238
185.907431497409
257.4401202753878
5.734414169784515
258.48546591947184
104.17196423028565
45.23472706427867
124.025895436942
260.48824321350025
258.0733017327957
215.72403921533254
26.846341304904314
255.74198661169834
13.69806112798787
79.11825716945927
195.48897419922585
162.78177761569285
252.55881774529382
265.35158820584206
248.15449323385752
257.436301132991
252.03489219347563
267.55845064028415
150.45356722535794
113.9509869340257
250.59442707867655
259.6990059630097
251.75315222607583
256.8335267702212
255.73149823052057
89.85759129355941
106.17280066438758
261.9493333739143
121.09881332740434
252.0720052388531
254.64888939995126
21.650886313699516
256.8568142353148
5.199467222187479
115.32026984739124
112.48378067037089
261.2948576595484
256.6617598093147
140.4686068015059
252.05456916451908
117.5485936585867
118.3355746835341
254.14340226429402
91.82398570860505
260.6740294826027
260.04389415801154
225.36315744894875
262.0366855702842
251.1322380538158
260.5937224741805
259.5407812324159
254.5298095959977
250.3918483314746
257.289007061975
76.04938783913144
11.779838315738033
248.0266868980308
251.92456447584314
68.44532852927256
253.20491048600294
260.16667891422725
124.6524861013942
252.26434939107065
236.3490520763306
241.2260510893557
76.56896137063305
254.8840923709954
255.7720497449321
255.3674473476217
1.4375100499579503
109.72279888817883
12.412987590097885
190.58369710514586
215.58638724780658
112.87553445868261
253.17715324147787
156.71403695599594
7.441759103391519
225.2988839216418
224.83700589261136
149.46975400618985
131.1310663650322
203.3370212271262
4.176016415118426
128.2960625530639
162.3502091563837
259.688376856895
264.6918936100806
258.0729747472242
261.0307334589243
156.46864710848476
256.48905360785477
226.17230254409642
257.69678182428333
262.1157814854192
69.28496408931534
250.2043840292305
256.03502196601596
250.1372164006917
263.81635808178817
124.66855342819846
249.4784673142228
2.3119888148928567
264.0861656731643
250.72781470130874
242.79157641679092
0.11808705871993652
262.67591299171175
250.75856649707876
252.15534746700908
250.63455952633342
266.90419675997157
192.16042834926083
193.76904389694494
28.89834056069506
261.34359166281615
202.0904631684356
204.79331134182547
205.48311923888997
