$SPEC_ID:
This is sample 022.
$SPEC_REM:
DET# 1
DETDESC# DIP1456 PCI-Trump SN 253
AP# Maestro Version 7.01
$DATE_MEA:
01/18/2025 02:20:10
$MEAS_TIM:
1200 1232
$DATA:
0 2047
       0
       0
       0
       0
       0
       0
       0
       0
       0
       0
       0
       0
       0
       0
       0
       0
       0
       0
       0
       0
       0
       0
       0
       0
       0
       0
       0
       0
       0
       0
       0
       0
       0
       0
       0
       0
       0
       0
       0
       0
       0
       0
       0
       0
       0
       0
       0
       0
       0
       0
       0
       1
       0
       1
      22
      33
      27
      25
      25
      23
      31
      30
      17
      25
      27
      25
      29
      23
      34
      21
      37
      34
      34
      38
      32
      29
      36
      31
      35
      35
      31
      30
      29
      32
      24
      22
      28
      17
      27
      35
      20
      30
      32
      24
      32
      32
      34
      29
      32
      24
      17
      33
      32
      37
      25
      28
      34
      32
      27
      30
      24
      33
      36
      24
      26
      24
      30
      34
      33
      27
      31
      34
      35
      30
      36
      26
      35
      33
      28
      38
      38
      35
      32
      28
      22
      29
      31
      28
      38
      29
      29
      31
      39
      31
      33
      29
      23
      33
      32
      27
      31
      20
      38
      24
      32
      24
      29
      41
      31
      33
      40
      33
      29
      26
      30
      23
      26
      33
      30
      27
      36
      29
      27
      26
      28
      35
      36
      41
      36
      31
      31
      40
      30
      42
      25
      28
      37
      36
      27
      28
      34
      30
      32
      29
      28
      32
      27
      34
      29
      41
      31
      20
      33
      35
      27
      30
      30
      28
      31
      25
      29
      18
      32
      32
      34
      27
      31
      37
      25
      26
      34
      27
      40
      31
      23
      31
      31
      31
      26
      30
      32
      26
      35
      42
      31
      33
      23
      33
      31
      25
      28
      25
      44
      45
      34
      25
      35
      33
      44
      44
      31
      37
      41
      28
      28
      32
      31
      33
      30
      30
      35
      31
      24
      32
      41
      27
      34
      25
      40
      42
      28
      28
      30
      34
      32
      28
      26
      29
      27
      38
      38
      35
      41
      37
      36
      31
      48
      30
      29
      29
      29
      37
      38
      34
      28
      35
      38
      34
      27
      39
      28
      33
      30
      30
      36
      42
      36
      26
      23
      32
      43
      34
      26
      33
      41
      31
      24
      31
      26
      31
      40
      31
      43
      34
      43
      38
      40
      38
      30
      29
      30
      32
      36
      42
      25
      35
      36
      34
      34
      35
      29
      33
      26
      32
      39
      31
      32
      27
      27
      20
      38
      33
      31
      29
      33
      30
      36
      17
      31
      34
      32
      34
      32
      20
      29
      28
      35
      20
      27
      33
      29
      33
      31
      30
      39
      23
      29
      47
      42
      31
      26
      30
      34
      31
      46
      24
      33
      37
      27
      28
      38
      32
      27
      40
      19
      25
      25
      32
      28
      33
      37
      42
      33
      28
      21
      26
      31
      28
      25
      28
      31
      30
      42
      37
      39
      30
      47
      32
      30
      33
      34
      30
      36
      40
      31
      32
      37
      27
      29
      32
      24
      28
      27
      36
      28
      43
      25
      34
      30
      25
      29
      33
      23
      33
      24
      33
      41
      37
      40
      37
      29
      29
      46
      27
      38
      36
      40
      36
      41
      39
      34
      25
      38
      41
      25
      31
      29
      38
      31
      34
      22
      33
      36
      40
      26
      33
      25
      32
      35
      28
      40
      39
      34
      38
      32
      36
      25
      29
      36
      31
      39
      46
      34
      38
      39
      38
      29
      32
      37
      32
      32
      35
      32
      35
      34
      30
      40
      38
      41
      35
      29
      37
      29
      38
      26
      35
      31
      40
      25
      32
      51
      32
      35
      33
      34
      37
      37
      36
      25
      24
      36
      39
      30
      39
      29
      34
      32
      25
      32
      33
      33
      27
      36
      31
      44
      27
      36
      39
      40
      44
      24
      30
      36
      37
      40
      28
      40
      33
      33
      37
      32
      33
      22
      37
      39
      36
      35
      26
      30
      34
      32
      23
      33
      37
      26
      38
      37
      29
      39
      23
      29
      26
      28
      28
      34
      42
      39
      37
      33
      35
      40
      42
      26
      40
      39
      31
      40
      39
      34
      28
      27
      32
      28
      31
      34
      33
      40
      38
      37
      34
      40
      23
      36
      33
      38
      31
      40
      35
      28
      43
      33
      27
      20
      29
      32
      40
      38
      28
      31
      37
      38
      31
      35
      29
      33
      35
      30
      32
      37
      29
      23
      33
      30
      35
      31
      28
      40
      38
      23
      29
      29
      29
      25
      45
      31
      40
      34
      31
      41
      33
      26
      29
      34
      24
      38
      44
      37
      29
      45
      27
      24
      34
      32
      25
      39
      28
      34
      32
      31
      36
      30
      36
      28
      25
      35
      34
      42
      30
      35
      36
      38
      36
      32
      31
      27
      27
      34
      25
      28
      45
      24
      39
      21
      29
      37
      26
      31
      27
      37
      31
      33
      34
      37
      22
      22
      31
      25
      28
      20
      34
      26
      27
      39
      27
      38
      35
      22
      37
      26
      34
      35
      35
      35
      20
      33
      32
      27
      33
      34
      31
      32
      33
      17
      35
      28
      27
      27
      35
      23
      26
      33
      30
      41
      39
      28
      24
      22
      36
      22
      40
      30
      30
      34
      29
      35
      30
      39
      26
      35
      27
      30
      42
      24
      28
      30
      26
      40
      37
      35
      28
      23
      40
      32
      37
      38
      35
      31
      29
      31
      22
      36
      38
      37
      32
      33
      37
      32
      31
      24
      35
      39
      38
      40
      22
      27
      32
      30
      31
      43
      35
      31
      39
      38
      42
      28
      29
      33
      44
      35
      35
      35
      32
      33
      35
      40
      37
      36
      33
      37
      40
      39
      43
      39
      28
      30
      36
      33
      37
      36
      33
      40
      39
      31
      36
      33
      35
      30
      42
      29
      41
      42
      42
      33
      43
      44
      44
      29
      20
      37
      27
      44
      39
      34
      43
      34
      25
      40
      26
      39
      40
      32
      27
      32
      43
      21
      40
      22
      30
      38
      46
      36
      36
      32
      40
      42
      35
      27
      39
      38
      38
      36
      39
      30
      44
      38
      45
      41
      34
      33
      36
      29
      33
      33
      51
      32
      32
      41
      27
      29
      22
      38
      33
      21
      29
      23
      32
      35
      24
      21
      27
      33
      28
      24
      22
      25
      22
      28
      20
      27
      21
      25
      24
      18
      33
      19
      24
      26
      19
      30
      26
      20
      24
      22
      27
      24
      22
      16
      27
      16
      26
      20
      27
      12
      14
      27
      16
      13
      23
      21
      22
      16
      10
      18
       8
      17
      20
      18
      18
      13
      18
      17
      12
       9
       9
      14
       8
      14
       7
      10
       8
      10
      14
       6
      14
      14
       8
       7
       6
      14
       7
       7
       8
       9
       7
       7
       6
      17
       7
      12
       9
      10
       9
       7
      10
       8
       6
      15
      10
      11
       6
       7
      12
       6
       6
      10
       5
       9
       6
       9
       3
      10
       4
       8
       9
       5
       6
       8
       5
       4
       4
       7
      11
       8
       6
       7
       8
       9
      11
       7
       6
       7
       4
       5
       3
       6
       6
       8
       3
       6
       2
       3
       4
       5
       6
       3
       5
       6
       6
       4
       3
       4
       8
       6
       3
       7
       5
       4
       3
       5
       6
       0
       5
       5
       7
       1
       4
       7
       3
       3
       7
       8
       5
       1
       5
       4
       5
       3
       3
       4
       5
       7
       2
       1
       4
       5
       3
       3
       3
       3
       5
       6
       1
       3
       6
       2
       5
       3
       4
       3
       4
       6
       6
       5
       2
       6
       2
       2
       3
       6
       2
       4
       0
       3
       2
       6
       4
       3
       1
       5
       2
       1
       6
       3
       4
       3
       5
       2
       5
       2
       2
       1
       1
       2
       2
       4
       0
       4
       3
       2
       3
       3
       1
       3
       6
       3
       4
       1
       1
       2
       3
       2
       1
       6
       1
       1
       0
       5
       1
       1
       4
       1
       5
       5
       4
       1
       3
       3
       2
       1
       4
       0
       6
       4
       3
       4
       5
       5
       3
       4
       4
       2
       5
       2
       2
       1
       3
       5
       1
       4
       2
       1
       1
       3
       1
      10
       2
       0
       3
       2
       2
       5
       2
       1
       3
       2
       4
       5
       5
       2
       2
       4
       2
       6
       4
       1
       3
       4
       0
       2
       3
       0
       4
       5
       5
       3
       2
       4
       4
       2
       5
       0
       6
       4
       3
       7
       3
       3
       2
       2
       2
       4
       5
       4
       3
       3
       2
       5
       0
       7
       3
       2
       3
       5
       3
       7
       1
       2
       4
       1
       1
       5
       2
       1
       7
       3
       4
       3
       3
       2
       3
       0
       1
       4
       3
       3
       1
       3
       8
       1
       8
       2
       3
       2
       6
       2
       5
       5
       2
       3
       4
       1
       2
       0
       9
       5
       8
       4
       3
       6
       2
       6
       7
       2
       9
       8
       3
      11
      10
       7
      15
      12
       4
       9
      13
      15
      12
      11
      18
      18
      17
      15
      14
      15
      18
      15
      18
      20
      19
      30
      24
      36
      25
      29
      26
      36
      27
      39
      48
      38
      46
      49
      45
      53
      57
      65
      64
      62
      63
      58
      68
      63
      92
      94
      81
      87
     101
      83
      99
     101
     126
     101
     113
     130
     142
     140
     128
     127
     138
     152
     149
     170
     152
     186
     176
     199
     196
     196
     234
     212
     211
     227
     219
     250
     246
     218
     248
     263
     236
     234
     270
     275
     266
     264
     300
     297
     335
     281
     281
     324
     327
     343
     331
     386
     340
     382
     383
     365
     371
     394
     355
     406
     386
     411
     417
     389
     396
     450
     432
     451
     418
     420
     436
     421
     423
     420
     417
     436
     426
     455
     467
     437
     428
     439
     455
     453
     466
     466
     499
     451
     472
     474
     446
     433
     452
     418
     430
     429
     394
     427
     403
     378
     414
     407
     409
     429
     396
     371
     378
     342
     390
     390
     319
     352
     348
     318
     332
     300
     308
     323
     310
     311
     296
     285
     266
     256
     251
     262
     280
     245
     253
     245
     269
     221
     228
     196
     215
     213
     209
     198
     198
     201
     161
     170
     167
     171
     133
     145
     141
     121
     137
     122
     126
     116
     105
     123
     125
      89
      90
      99
      79
      91
      77
      67
      72
      85
      71
      68
      50
      57
      73
      44
      46
      43
      37
      42
      39
      45
      40
      33
      26
      21
      35
      33
      29
      33
      18
      26
      21
      20
      17
      25
      14
      22
      14
      19
      11
      20
      11
      16
      10
       8
       6
       8
      11
      11
       7
       4
       6
       5
       4
       4
       4
       4
       6
       3
       2
       6
       5
       3
       3
       7
       5
       5
       2
       0
       1
       2
       3
       3
       4
       1
       2
       2
       1
       1
       1
       3
       1
       0
       3
       2
       1
       0
       1
       2
       2
       2
       0
       1
       2
       3
       1
       1
       0
       0
       2
       0
       1
       2
       1
       3
       0
       0
       1
       1
       0
       2
       3
       0
       4
       0
       1
       0
       3
       0
       0
       2
       1
       1
       1
       0
       0
       2
       1
       0
       1
       0
       1
       0
       0
       1
       0
       1
       1
       0
       1
       1
       0
       2
       0
       0
       0
       0
       0
       1
       1
       0
       0
       0
       1
       1
       4
       0
       0
       0
       0
       2
       2
       1
       0
       0
       0
       0
       1
       1
       0
       2
       2
       0
       0
       1
       0
       0
       1
       0
       0
       0
       0
       1
       1
       3
       0
       0
       1
       3
       2
       1
       0
       1
       1
       1
       1
       0
       0
       0
       0
       1
       0
       2
       1
       1
       0
       0
       1
       1
       1
       1
       0
       0
       2
       2
       1
       1
       0
       1
       0
       1
       2
       0
       1
       1
       0
       1
       0
       0
       1
       1
       1
       0
       1
       0
       2
       1
       0
       0
       0
       0
       0
       4
       2
       0
       0
       1
       0
       2
       0
       3
       1
       1
       0
       0
       0
       1
       0
       0
       1
       0
       1
       2
       2
       1
       1
       0
       0
       0
       2
       0
       1
       0
       0
       1
       1
       0
       1
       0
       0
       1
       0
       1
       0
       1
       0
       0
       2
       0
       0
       0
       0
       1
       0
       1
       2
       0
       1
       1
       0
       0
       0
       2
       0
       1
       0
       3
       0
       0
       0
       0
       2
       2
       3
       2
       1
       1
       0
       1
       1
       1
       2
       1
       0
       1
       1
       0
       1
       1
       1
       1
       0
       0
       1
       0
       0
       0
       0
       0
       0
       2
       1
       0
       1
       3
       0
       1
       2
       1
       1
       0
       0
       0
       1
       1
       0
       1
       0
       1
       0
       0
       2
       0
       1
       0
       2
       0
       0
       1
       0
       0
       0
       0
       0
       0
       0
       1
       3
       0
       0
       0
       1
       0
       0
       1
       0
       0
       0
       1
       0
       0
       1
       2
       0
       2
       1
       0
       1
       0
       0
       0
       1
       1
       1
       0
       0
       0
       1
       0
       2
       2
       0
       0
       0
       1
       1
       0
       0
       1
       1
       1
       1
       2
       1
       0
       1
       0
       2
       0
       2
       0
       1
       1
       1
       1
       0
       1
       0
       0
       1
       1
       1
       1
       2
       0
       0
       0
       1
       0
       0
       0
       1
       1
       0
       1
       0
       1
       0
       1
       1
       1
       0
       2
       0
       1
       0
       0
       1
       0
       0
       1
       1
       0
       1
       0
       0
       0
       0
       1
       0
       0
       2
       1
       0
       1
       0
       0
       2
       0
       0
       0
       0
       2
       0
       1
       0
       1
       1
       0
       1
       0
       0
       0
       1
       1
       0
       2
       1
       0
       1
       1
       1
       1
       0
       0
       0
       0
       0
       0
       0
       0
       0
       0
       0
       0
       0
       0
       0
       0
       0
       0
       1
$ROI:
2
258 327
1318 1545
$PRESETS:
Live Time
1200
0
$ENER_FIT:
-37.406231 1.986979
$MCA_CAL:
3
-3.740623E+001 1.986979E+000 0.000000E+000 keV
$SHAPE_CAL:
3
0.000000E+000 0.000000E+000 0.000000E+000
