$SPEC_ID:
This is sample 199.
$SPEC_REM:
DET# 1
DETDESC# DIP1456 PCI-Trump SN 253
AP# Maestro Version 7.01
$DATE_MEA:
01/20/2025 19:49:40
$MEAS_TIM:
1200 1231
$DATA:
0 2047
       0
       0
       0
       0
       0
       0
       0
       0
       0
       0
       0
       0
       0
       0
       0
       0
       0
       0
       0
       0
       0
       0
       0
       0
       0
       0
       0
       0
       0
       0
       0
       0
       0
       0
       0
       0
       0
       0
       0
       0
       0
       0
       0
       0
       0
       0
       0
       0
       0
       0
       0
       0
       0
       0
      21
      21
      19
      26
      21
      33
      24
      34
      30
      25
      34
      23
      33
      28
      34
      19
      19
      21
      32
      34
      27
      31
      31
      33
      39
      20
      33
      29
      25
      24
      26
      21
      21
      31
      22
      35
      26
      35
      34
      28
      16
      26
      22
      36
      34
      24
      28
      28
      30
      34
      18
      26
      25
      41
      24
      24
      29
      31
      22
      37
      40
      32
      22
      27
      33
      31
      28
      33
      26
      33
      24
      36
      24
      21
      32
      39
      36
      34
      21
      33
      32
      37
      38
      31
      35
      25
      34
      30
      26
      27
      30
      41
      27
      36
      33
      29
      31
      28
      36
      35
      31
      34
      33
      23
      38
      32
      28
      36
      37
      30
      28
      25
      37
      29
      36
      33
      40
      34
      28
      33
      31
      23
      31
      26
      31
      20
      36
      32
      30
      31
      25
      26
      34
      31
      41
      27
      38
      20
      27
      32
      24
      42
      38
      28
      43
      41
      28
      31
      28
      39
      36
      30
      38
      31
      29
      33
      34
      45
      37
      35
      29
      19
      22
      39
      33
      31
      34
      28
      31
      29
      26
      26
      27
      21
      30
      27
      33
      22
      34
      38
      38
      33
      27
      36
      39
      45
      35
      28
      42
      36
      25
      32
      32
      41
      25
      28
      27
      38
      24
      28
      29
      33
      36
      33
      27
      16
      24
      30
      46
      35
      23
      37
      29
      25
      31
      41
      30
      24
      26
      26
      30
      37
      26
      40
      34
      40
      32
      27
      37
      36
      35
      29
      25
      36
      33
      31
      31
      25
      39
      27
      32
      26
      42
      37
      23
      28
      34
      38
      41
      24
      35
      39
      31
      34
      32
      35
      39
      39
      28
      27
      37
      36
      38
      31
      29
      31
      38
      35
      35
      27
      33
      26
      28
      26
      27
      33
      26
      31
      24
      27
      35
      34
      31
      29
      28
      38
      24
      36
      41
      38
      30
      34
      42
      29
      35
      27
      21
      22
      31
      36
      30
      34
      31
      31
      37
      40
      26
      34
      43
      34
      41
      33
      26
      33
      31
      35
      33
      28
      35
      31
      29
      27
      30
      26
      35
      35
      35
      32
      38
      26
      37
      39
      28
      37
      21
      51
      23
      29
      41
      38
      21
      30
      33
      24
      34
      24
      26
      33
      28
      38
      25
      23
      34
      32
      35
      30
      36
      33
      26
      32
      29
      30
      31
      33
      28
      31
      39
      31
      38
      34
      34
      30
      28
      26
      15
      35
      34
      36
      35
      33
      33
      34
      31
      33
      23
      29
      40
      29
      29
      27
      20
      32
      34
      47
      35
      34
      25
      32
      30
      37
      39
      28
      31
      41
      40
      33
      23
      31
      31
      25
      42
      39
      32
      31
      32
      28
      27
      41
      27
      31
      33
      39
      33
      22
      42
      31
      32
      32
      29
      34
      25
      27
      25
      30
      38
      29
      31
      41
      34
      39
      33
      40
      33
      34
      36
      29
      34
      31
      32
      31
      33
      29
      26
      34
      34
      23
      31
      40
      36
      23
      42
      34
      25
      40
      35
      33
      45
      36
      35
      39
      32
      37
      29
      34
      34
      42
      28
      43
      47
      38
      35
      33
      33
      42
      40
      35
      36
      41
      20
      30
      34
      28
      36
      40
      33
      36
      38
      30
      37
      38
      34
      32
      33
      26
      28
      37
      34
      37
      31
      29
      29
      36
      40
      29
      30
      36
      30
      38
      30
      33
      33
      32
      28
      31
      26
      28
      43
      34
      49
      37
      33
      34
      34
      41
      33
      41
      30
      36
      35
      35
      41
      36
      35
      30
      27
      37
      31
      32
      40
      35
      29
      30
      38
      35
      30
      25
      27
      31
      33
      28
      27
      40
      25
      49
      38
      38
      23
      34
      33
      31
      46
      23
      31
      35
      30
      27
      32
      34
      43
      24
      30
      21
      35
      30
      33
      30
      47
      29
      39
      44
      24
      32
      32
      23
      31
      30
      30
      24
      32
      29
      39
      33
      39
      35
      32
      19
      35
      26
      40
      39
      28
      27
      37
      30
      41
      32
      25
      32
      34
      43
      32
      31
      39
      28
      41
      33
      29
      34
      31
      24
      31
      26
      42
      29
      21
      37
      22
      27
      25
      30
      32
      30
      31
      33
      32
      36
      34
      35
      30
      31
      42
      37
      34
      32
      29
      29
      16
      29
      30
      24
      32
      32
      31
      32
      34
      26
      28
      23
      30
      20
      28
      29
      26
      37
      27
      22
      24
      34
      28
      28
      26
      47
      27
      18
      27
      30
      25
      36
      25
      29
      38
      34
      37
      30
      23
      26
      34
      34
      27
      37
      31
      35
      31
      25
      38
      30
      38
      30
      34
      24
      27
      33
      30
      25
      38
      35
      32
      28
      37
      37
      30
      35
      30
      32
      45
      26
      32
      35
      25
      43
      31
      37
      27
      32
      34
      32
      28
      31
      26
      35
      29
      27
      47
      31
      29
      30
      36
      36
      35
      29
      21
      33
      31
      44
      35
      39
      41
      30
      34
      42
      37
      30
      40
      27
      36
      28
      43
      38
      34
      33
      32
      38
      46
      32
      39
      27
      34
      34
      37
      34
      42
      27
      40
      24
      24
      24
      34
      41
      31
      29
      38
      35
      35
      34
      37
      39
      47
      38
      32
      38
      41
      33
      44
      42
      44
      37
      36
      41
      48
      30
      35
      44
      33
      33
      40
      32
      23
      31
      40
      40
      35
      30
      33
      41
      36
      45
      29
      24
      36
      34
      36
      51
      40
      31
      39
      27
      35
      33
      37
      32
      40
      32
      35
      42
      33
      34
      41
      26
      44
      39
      26
      29
      29
      37
      21
      30
      35
      32
      32
      18
      28
      30
      28
      25
      31
      30
      22
      31
      21
      23
      31
      26
      31
      30
      23
      17
      27
      26
      22
      17
      19
      21
      30
      24
      23
      23
      17
      16
      19
      24
      30
      19
      15
      19
      16
      20
      11
      19
      17
      13
      14
      16
      14
      14
      14
       8
      19
      12
      11
      19
      17
      16
      10
      10
      13
       8
      15
      10
      10
       9
      12
      12
       7
       7
      13
       8
      14
      12
      10
      12
      10
      10
      10
       6
      10
       7
       7
       8
       5
      13
       7
       9
       7
       6
       8
       7
      11
       3
      10
      10
       9
       7
       8
      12
       6
      11
      10
       8
       5
       5
       5
       8
      12
       8
       8
       5
       7
      11
       3
       5
       7
       4
       8
       7
       4
       8
       6
       5
       8
       9
       4
       5
       2
       3
       4
       4
       7
       7
       6
       1
       6
       5
       6
       3
       6
       3
       7
      10
       7
       8
       7
       8
       2
       7
       4
       7
       7
       5
       2
       5
       6
       3
       5
       4
       1
       4
      10
       4
       2
       4
       5
       4
       6
       6
       7
       4
       5
       6
       5
       1
       1
       5
       1
       5
       7
       5
       2
       1
       4
       1
       3
       1
       2
       3
       1
       1
       6
       5
       6
       3
       2
       3
       5
       6
       6
       2
       5
       3
       5
       1
       6
       2
       2
       4
       6
       0
       5
       2
       4
       6
       0
       1
       4
       5
       5
       2
       1
       1
       0
       3
       2
       8
       6
       1
       5
       4
       6
       3
       3
       3
       1
       1
       2
       8
       2
       0
       2
       2
       0
       3
       1
       5
       2
       4
       5
       3
       4
       1
       4
       6
       0
       2
       0
       1
       3
       0
       6
       2
       2
       4
       2
       4
       7
       2
       2
       3
       3
       3
       5
       3
       4
       3
       1
       5
       1
       2
       5
       3
       1
       2
       3
       1
       3
       1
       3
       4
       7
       3
       2
       4
       4
       1
       1
       3
       3
       3
       3
       2
       3
       3
       2
       2
       3
       3
       2
       0
       3
       2
       3
       4
       4
       1
       3
       0
       4
       1
       1
       1
       2
       7
       3
       3
       3
       4
       2
       6
       3
       3
       3
       5
       2
       4
       4
       1
       2
       2
       2
       2
       2
       3
       0
       1
       6
       2
       1
       2
       3
       2
       5
       0
       5
       5
       4
       5
       1
       0
       3
       3
       3
       1
       5
       0
       8
       8
       3
       3
       4
       5
       3
       2
       4
       0
       6
       5
       0
       5
       5
       4
       7
       6
      11
       2
       2
       1
       2
       8
       5
       6
       4
       6
       9
       7
       4
       7
       4
      13
      11
      13
       8
       6
      10
      11
      11
      15
      23
      14
      11
      21
      15
      18
      20
      22
      24
      28
      20
      25
      28
      27
      30
      31
      35
      26
      42
      29
      45
      37
      26
      61
      37
      41
      60
      59
      63
      58
      80
      64
      76
      60
      73
      74
      78
      76
      96
      82
     110
      91
      95
      93
     108
      97
     113
     122
     145
     126
     124
     129
     163
     168
     156
     177
     183
     166
     186
     211
     189
     203
     205
     211
     209
     236
     222
     233
     238
     235
     271
     279
     256
     311
     223
     294
     301
     332
     299
     306
     336
     313
     318
     320
     351
     327
     353
     364
     364
     377
     393
     382
     359
     373
     418
     410
     358
     387
     391
     418
     411
     468
     461
     413
     430
     457
     431
     408
     441
     487
     476
     485
     465
     425
     438
     478
     454
     457
     448
     433
     438
     437
     429
     437
     438
     432
     465
     393
     417
     442
     388
     377
     455
     399
     452
     403
     414
     429
     406
     384
     414
     416
     377
     366
     351
     346
     354
     312
     331
     354
     342
     299
     283
     300
     290
     309
     300
     291
     274
     265
     273
     282
     260
     232
     260
     236
     234
     227
     183
     190
     190
     189
     174
     183
     156
     154
     169
     164
     153
     150
     152
     121
     121
     135
     123
     127
     126
      96
     102
     107
     101
      93
      97
      88
      82
      89
      78
      68
      55
      46
      57
      54
      55
      47
      49
      55
      43
      28
      53
      49
      30
      28
      35
      24
      20
      21
      25
      22
      11
      21
      23
      31
      26
      14
      12
      17
      12
      10
      16
       9
      11
      13
       5
       5
      12
       3
       7
       8
      11
      10
       8
       5
       3
       5
       6
       7
       6
       4
       2
       2
       1
       4
       8
       2
       1
       4
       1
       2
       1
       2
       3
       1
       3
       1
       3
       1
       0
       1
       2
       1
       2
       0
       0
       0
       2
       1
       0
       2
       3
       1
       2
       0
       1
       1
       1
       3
       0
       1
       1
       1
       2
       1
       0
       0
       0
       0
       1
       0
       1
       1
       0
       1
       0
       1
       1
       0
       2
       0
       1
       0
       2
       0
       1
       0
       1
       2
       0
       0
       2
       3
       2
       0
       1
       3
       1
       3
       2
       0
       0
       0
       2
       2
       1
       0
       1
       0
       1
       0
       0
       2
       0
       0
       1
       2
       1
       0
       2
       1
       0
       1
       0
       0
       0
       0
       1
       1
       4
       0
       0
       1
       1
       1
       0
       0
       1
       1
       1
       0
       1
       0
       0
       0
       0
       4
       1
       0
       1
       0
       1
       2
       1
       1
       1
       3
       0
       0
       1
       1
       1
       1
       0
       0
       0
       0
       2
       2
       0
       2
       0
       1
       2
       0
       1
       2
       1
       0
       2
       0
       0
       0
       1
       0
       0
       0
       1
       3
       0
       1
       0
       0
       1
       1
       0
       1
       0
       1
       0
       0
       1
       3
       1
       1
       0
       1
       1
       1
       0
       1
       2
       0
       2
       3
       2
       4
       2
       0
       0
       1
       0
       2
       1
       1
       0
       1
       0
       0
       0
       1
       2
       1
       0
       0
       0
       0
       0
       0
       1
       3
       2
       0
       1
       0
       1
       0
       1
       2
       2
       0
       1
       1
       0
       0
       0
       0
       1
       0
       1
       1
       0
       0
       0
       2
       1
       1
       2
       2
       3
       0
       2
       0
       1
       0
       0
       0
       2
       0
       0
       1
       0
       0
       4
       0
       0
       0
       1
       0
       1
       0
       0
       0
       0
       1
       0
       0
       1
       1
       0
       1
       0
       0
       1
       2
       2
       1
       0
       1
       1
       0
       1
       0
       2
       2
       0
       1
       1
       0
       0
       1
       0
       2
       0
       0
       2
       2
       2
       2
       2
       2
       0
       0
       0
       0
       1
       0
       2
       2
       0
       0
       1
       0
       1
       0
       1
       1
       1
       0
       0
       1
       0
       0
       0
       0
       1
       1
       0
       0
       2
       1
       1
       0
       0
       0
       1
       0
       0
       0
       2
       0
       0
       2
       0
       0
       2
       0
       1
       0
       0
       0
       0
       0
       1
       1
       0
       0
       0
       0
       0
       0
       0
       0
       0
       0
       0
       0
       0
       0
       0
       0
       0
       1
       0
       0
       1
       2
       0
       0
       0
       0
       0
       1
       0
       1
       3
       0
       0
       0
       1
       0
       1
       1
       1
       0
       0
       1
       0
       0
       1
       0
       2
       1
       0
       0
       0
       3
       2
       0
       0
       2
       1
       1
       0
       0
       0
       0
       0
       1
       1
       0
       0
       1
       0
       1
       0
       0
       1
       1
       1
       0
       2
       1
       0
       0
       1
       0
       1
       0
       3
       2
       1
       0
       0
       1
       1
       0
       0
       0
       0
       0
       0
       0
       0
       0
       0
       0
       0
       0
       0
       0
       0
       0
       0
       0
       0
       0
       0
       0
       0
       0
       0
       0
$ROI:
2
258 327
1318 1545
$PRESETS:
Live Time
1200
0
$ENER_FIT:
-37.406231 1.986979
$MCA_CAL:
3
-3.740623E+001 1.986979E+000 0.000000E+000 keV
$SHAPE_CAL:
3
0.000000E+000 0.000000E+000 0.000000E+000
