$SPEC_ID:
This is sample 213.
$SPEC_REM:
DET# 1
DETDESC# DIP1456 PCI-Trump SN 253
AP# Maestro Version 7.01
$DATE_MEA:
01/21/2025 01:00:28
$MEAS_TIM:
1200 1231
$DATA:
0 2047
       0
       0
       0
       0
       0
       0
       0
       0
       0
       0
       0
       0
       0
       0
       0
       0
       0
       0
       0
       0
       0
       0
       0
       0
       0
       0
       0
       0
       0
       0
       0
       0
       0
       0
       0
       0
       0
       0
       0
       0
       0
       0
       0
       0
       0
       0
       0
       0
       0
       0
       0
       0
       0
       2
      12
      35
      26
      34
      28
      27
      19
      27
      23
      29
      30
      27
      21
      30
      32
      26
      29
      25
      26
      34
      23
      22
      21
      20
      36
      36
      29
      20
      31
      26
      33
      25
      25
      30
      31
      30
      25
      26
      28
      23
      27
      34
      49
      43
      32
      28
      28
      37
      32
      28
      28
      34
      34
      25
      25
      34
      31
      37
      26
      38
      45
      28
      33
      33
      43
      28
      33
      29
      24
      25
      23
      28
      25
      27
      38
      21
      23
      29
      33
      30
      32
      34
      25
      36
      28
      32
      32
      37
      34
      22
      23
      23
      30
      29
      17
      28
      22
      35
      33
      36
      26
      31
      27
      38
      29
      34
      36
      31
      18
      35
      28
      37
      22
      36
      32
      30
      38
      34
      27
      33
      35
      33
      31
      28
      36
      30
      38
      31
      24
      41
      29
      38
      22
      44
      34
      32
      23
      33
      38
      26
      31
      35
      35
      33
      31
      36
      30
      20
      25
      30
      37
      27
      35
      32
      22
      25
      30
      33
      35
      33
      28
      27
      30
      30
      27
      34
      40
      26
      29
      29
      31
      44
      25
      33
      39
      29
      30
      17
      44
      41
      26
      31
      31
      33
      38
      36
      28
      34
      31
      21
      28
      35
      27
      34
      31
      27
      28
      30
      38
      36
      35
      25
      32
      41
      29
      28
      33
      30
      31
      29
      26
      35
      38
      35
      24
      26
      41
      25
      28
      34
      33
      32
      38
      34
      28
      46
      36
      26
      40
      27
      48
      29
      19
      33
      40
      43
      31
      20
      30
      29
      37
      38
      33
      28
      40
      35
      33
      40
      22
      37
      27
      18
      23
      28
      24
      32
      31
      25
      39
      42
      27
      36
      26
      33
      31
      28
      27
      30
      40
      30
      30
      41
      24
      41
      26
      33
      31
      30
      28
      35
      26
      42
      34
      35
      35
      36
      31
      18
      24
      24
      46
      30
      36
      30
      31
      39
      32
      32
      29
      32
      40
      25
      29
      21
      31
      28
      29
      36
      40
      38
      30
      40
      35
      25
      42
      33
      36
      28
      41
      38
      40
      30
      29
      39
      24
      29
      27
      29
      35
      39
      34
      39
      26
      33
      29
      36
      31
      35
      42
      43
      36
      31
      33
      37
      46
      24
      26
      30
      34
      35
      28
      29
      50
      31
      28
      26
      34
      27
      24
      32
      35
      38
      30
      43
      45
      38
      37
      22
      33
      36
      27
      24
      25
      29
      28
      38
      29
      37
      34
      30
      25
      39
      22
      31
      40
      35
      31
      27
      29
      38
      34
      28
      33
      34
      34
      23
      34
      37
      38
      34
      36
      32
      29
      38
      39
      36
      31
      32
      49
      37
      25
      30
      29
      36
      33
      29
      31
      38
      42
      22
      41
      37
      32
      25
      30
      31
      33
      31
      32
      21
      41
      40
      41
      38
      28
      40
      28
      37
      27
      32
      22
      33
      30
      50
      24
      30
      40
      31
      37
      31
      32
      25
      35
      34
      23
      31
      36
      30
      33
      25
      33
      28
      40
      45
      33
      42
      30
      37
      41
      27
      31
      35
      33
      42
      39
      32
      28
      32
      31
      31
      46
      28
      30
      34
      29
      34
      41
      30
      40
      32
      33
      32
      31
      24
      30
      38
      32
      23
      34
      33
      31
      39
      39
      35
      36
      30
      37
      41
      27
      28
      30
      34
      37
      37
      35
      28
      28
      34
      45
      29
      41
      38
      35
      38
      34
      32
      33
      41
      43
      35
      35
      32
      51
      38
      32
      35
      28
      40
      30
      38
      39
      32
      39
      25
      32
      31
      36
      29
      26
      36
      29
      37
      36
      36
      33
      41
      26
      37
      42
      28
      38
      24
      35
      30
      35
      35
      29
      43
      26
      37
      34
      22
      38
      34
      29
      36
      33
      35
      38
      34
      28
      30
      42
      32
      27
      36
      41
      37
      35
      26
      28
      31
      32
      33
      31
      34
      34
      27
      31
      33
      37
      27
      23
      30
      50
      37
      37
      17
      31
      30
      27
      35
      16
      32
      39
      26
      40
      33
      38
      22
      43
      30
      32
      30
      26
      23
      38
      34
      40
      30
      34
      31
      34
      30
      34
      35
      22
      32
      32
      32
      37
      32
      32
      42
      27
      31
      28
      30
      31
      41
      21
      28
      21
      40
      27
      36
      35
      26
      37
      33
      27
      35
      33
      28
      27
      32
      40
      29
      45
      41
      30
      33
      34
      37
      31
      30
      38
      33
      40
      25
      30
      35
      28
      36
      37
      37
      30
      33
      39
      38
      24
      35
      31
      26
      38
      37
      36
      38
      26
      24
      39
      29
      30
      20
      25
      23
      33
      24
      31
      39
      36
      32
      35
      44
      26
      42
      43
      37
      29
      26
      41
      40
      38
      34
      38
      41
      28
      34
      32
      28
      33
      38
      26
      38
      29
      31
      31
      37
      45
      44
      33
      32
      27
      41
      32
      33
      31
      34
      35
      44
      33
      38
      38
      33
      36
      37
      29
      39
      45
      34
      30
      29
      29
      35
      38
      44
      25
      31
      41
      31
      34
      31
      45
      36
      33
      31
      31
      34
      29
      39
      29
      27
      34
      42
      50
      29
      27
      35
      30
      35
      34
      34
      34
      34
      35
      39
      49
      29
      33
      43
      41
      45
      36
      33
      46
      29
      32
      43
      29
      29
      31
      50
      41
      40
      43
      33
      38
      40
      34
      31
      42
      38
      36
      39
      30
      34
      37
      37
      49
      25
      35
      37
      38
      34
      36
      28
      34
      36
      33
      30
      34
      34
      35
      35
      31
      29
      26
      30
      38
      36
      32
      34
      26
      35
      38
      34
      28
      38
      34
      31
      29
      24
      29
      42
      24
      33
      27
      26
      19
      25
      31
      25
      21
      31
      19
      20
      24
      33
      25
      20
      19
      18
      14
      18
      23
      19
      22
      20
      20
      18
      25
      18
      22
      17
      15
      19
      22
      15
      15
      19
      20
      14
      15
      15
      10
      19
      12
      14
      11
       9
      13
      12
       9
      10
       8
       6
       8
      13
      18
      11
      12
       8
       9
       7
      16
      10
      14
      14
      12
      12
      10
      13
       6
      12
       5
      12
       9
      11
      14
       7
       8
       8
       9
      10
       5
       2
       8
       7
       6
       3
       6
       6
       4
      10
       5
       8
       6
      10
       5
       9
       5
       8
       8
      10
       6
      13
       6
       4
       5
       7
       5
       6
       6
       4
       7
       3
       5
       3
       7
       4
       7
       4
       9
       6
       6
       2
       2
       4
       7
       4
       8
       7
      10
       6
       3
       1
       8
       6
       3
       7
       3
       4
       9
       2
       7
       6
       4
       4
       7
       6
       7
       4
       4
       3
       6
       6
       4
       4
       7
       6
       5
       8
       2
       1
       7
       1
       3
       1
       6
       3
       5
       4
       5
       5
       2
      10
       8
       2
       3
       5
       1
       1
       1
       5
       6
       5
       3
       2
       1
       4
       3
       2
       4
       6
       6
       4
       3
       3
       0
       6
       3
       0
       2
       6
       3
       2
       0
       4
       8
       6
       5
       5
       4
       4
       0
       3
       2
       3
       1
       3
       2
       1
       2
       4
       4
       3
       4
       3
       2
       6
       3
       6
       1
       3
       2
       1
       5
       6
       1
       1
       1
       3
       4
       4
       1
       4
       2
       1
       5
       5
       4
       4
       0
       6
       1
       4
       2
       4
       1
       2
       3
       0
       2
       3
       6
       3
       5
       3
       5
       6
       3
       0
       1
       4
       1
       3
       1
       2
       1
       1
       4
       3
       4
       1
       1
       2
       4
       1
       1
       4
       1
       2
       0
       3
       1
       1
       0
       5
       3
       2
       2
       1
       1
       3
       2
       4
       2
       1
       2
       1
       0
       1
       4
       1
       3
       4
       5
       2
       2
       3
       2
       5
       1
       1
       3
       5
       3
       4
       2
       1
       3
       1
       2
       2
       2
       6
       3
       2
       3
       1
       3
       1
       3
       3
       1
       3
       1
       3
       4
       5
       6
       2
       2
       1
       6
       4
       2
       4
       3
       1
       0
       2
       1
       6
       4
       2
       4
       3
       4
       5
       3
       5
       1
       3
       6
       6
       4
       4
       4
       3
       2
       6
       5
       1
       3
       5
       1
       3
       8
       6
       6
       1
       5
       7
       6
       8
       7
       5
       7
       9
      13
       4
      12
      12
       6
       9
      12
      18
      16
      21
      19
      21
      15
      15
      28
      24
      15
      31
      19
      24
      24
      34
      25
      36
      38
      36
      54
      40
      43
      35
      56
      56
      47
      62
      61
      57
      65
      87
      69
      76
      88
      71
      97
      81
      77
      95
     107
      98
      93
      97
     123
     126
     119
     126
     137
     154
     162
     124
     149
     148
     150
     170
     154
     182
     170
     184
     177
     223
     213
     205
     230
     244
     217
     212
     233
     271
     248
     252
     282
     269
     281
     279
     267
     295
     310
     286
     342
     331
     330
     353
     339
     321
     386
     354
     355
     371
     395
     347
     396
     403
     388
     421
     397
     350
     460
     391
     433
     434
     392
     446
     409
     437
     457
     463
     422
     426
     439
     452
     426
     456
     441
     461
     463
     420
     447
     461
     444
     411
     420
     419
     445
     474
     470
     421
     442
     437
     414
     413
     395
     426
     394
     377
     372
     371
     351
     391
     386
     384
     362
     350
     373
     327
     352
     340
     349
     314
     318
     316
     274
     330
     319
     273
     272
     272
     265
     262
     284
     257
     230
     248
     250
     216
     217
     248
     215
     208
     194
     186
     187
     162
     172
     151
     161
     146
     147
     150
     126
     119
     150
     147
     124
     121
     117
     109
      89
      89
      85
     101
      78
      89
      86
      64
      72
      62
      71
      62
      60
      62
      55
      44
      40
      38
      45
      44
      48
      49
      38
      24
      31
      28
      26
      28
      29
      27
      25
      20
      22
      19
      13
      13
      17
      13
      11
      15
      17
       9
      12
      16
      12
       6
       6
       9
       8
       6
       9
       7
       6
       7
       5
       4
       2
       3
       5
       5
       5
       5
       3
       1
       2
       5
       1
       5
       2
       1
       2
       3
       3
       0
       2
       3
       2
       2
       0
       4
       1
       0
       0
       2
       3
       0
       0
       3
       1
       0
       0
       1
       1
       1
       2
       4
       0
       0
       1
       0
       1
       2
       1
       2
       0
       1
       1
       0
       0
       2
       2
       1
       0
       1
       0
       2
       1
       1
       2
       1
       1
       0
       0
       2
       0
       0
       0
       0
       0
       1
       1
       1
       3
       1
       1
       2
       1
       0
       0
       0
       0
       0
       0
       1
       1
       1
       0
       0
       0
       2
       1
       3
       0
       0
       1
       1
       0
       1
       0
       1
       0
       2
       1
       0
       1
       0
       0
       1
       0
       2
       0
       0
       2
       1
       1
       0
       0
       0
       3
       1
       0
       2
       0
       1
       0
       1
       0
       0
       1
       0
       0
       1
       0
       0
       0
       1
       1
       1
       0
       0
       0
       1
       1
       0
       0
       1
       1
       0
       0
       0
       0
       0
       1
       2
       0
       2
       0
       1
       1
       0
       1
       2
       1
       1
       2
       0
       0
       0
       1
       1
       1
       0
       1
       0
       1
       2
       1
       1
       0
       0
       1
       1
       0
       0
       0
       1
       1
       0
       0
       0
       1
       3
       3
       0
       1
       1
       0
       3
       0
       2
       0
       1
       0
       2
       1
       0
       1
       0
       2
       2
       0
       1
       0
       1
       0
       0
       0
       1
       1
       0
       1
       0
       0
       1
       0
       1
       1
       1
       0
       1
       1
       1
       1
       3
       1
       0
       2
       2
       0
       1
       1
       1
       2
       1
       1
       1
       0
       1
       0
       1
       3
       0
       3
       0
       1
       0
       1
       0
       1
       0
       0
       3
       1
       1
       1
       0
       0
       0
       2
       0
       0
       0
       1
       0
       2
       1
       0
       1
       1
       0
       0
       1
       0
       1
       1
       1
       0
       0
       1
       3
       2
       0
       0
       0
       0
       0
       1
       0
       1
       3
       0
       0
       0
       1
       0
       1
       0
       1
       1
       1
       0
       1
       0
       0
       0
       0
       0
       0
       2
       1
       1
       1
       2
       1
       0
       0
       1
       1
       0
       0
       0
       0
       0
       0
       0
       0
       1
       0
       1
       0
       1
       0
       0
       0
       0
       1
       0
       0
       1
       0
       1
       0
       0
       1
       1
       0
       1
       0
       0
       0
       1
       0
       0
       0
       0
       0
       0
       1
       0
       1
       0
       1
       0
       1
       2
       0
       1
       0
       0
       0
       0
       2
       1
       0
       2
       0
       0
       1
       0
       0
       0
       0
       0
       2
       1
       0
       1
       0
       0
       1
       0
       0
       1
       1
       0
       1
       1
       2
       0
       0
       0
       2
       0
       0
       1
       0
       1
       0
       0
       0
       1
       1
       1
       0
       1
       0
       1
       0
       0
       0
       0
       1
       1
       4
       2
       1
       1
       0
       2
       1
       2
       3
       0
       2
       0
       2
       0
       0
       2
       0
       1
       0
       0
       1
       1
       1
       0
       0
       0
       1
       0
       0
       0
       0
       0
       0
       0
       0
       0
       0
       0
       0
       0
       0
       0
       0
       0
       0
       0
       0
$ROI:
2
258 327
1318 1545
$PRESETS:
Live Time
1200
0
$ENER_FIT:
-37.406231 1.986979
$MCA_CAL:
3
-3.740623E+001 1.986979E+000 0.000000E+000 keV
$SHAPE_CAL:
3
0.000000E+000 0.000000E+000 0.000000E+000
