$SPEC_ID:
This is sample 230.
$SPEC_REM:
DET# 1
DETDESC# DIP1456 PCI-Trump SN 253
AP# Maestro Version 7.01
$DATE_MEA:
01/21/2025 07:17:52
$MEAS_TIM:
1200 1231
$DATA:
0 2047
       0
       0
       0
       0
       0
       0
       0
       0
       0
       0
       0
       0
       0
       0
       0
       0
       0
       0
       0
       0
       0
       0
       0
       0
       0
       0
       0
       0
       0
       0
       0
       0
       0
       0
       0
       0
       0
       0
       0
       0
       0
       0
       0
       0
       0
       0
       0
       0
       0
       0
       0
       0
       0
       0
      24
      30
      20
      27
      26
      33
      22
      25
      31
      20
      25
      27
      28
      26
      24
      27
      26
      27
      25
      22
      23
      34
      29
      36
      36
      26
      29
      30
      33
      24
      30
      42
      26
      26
      32
      31
      29
      26
      24
      26
      29
      20
      27
      27
      43
      31
      37
      31
      29
      24
      22
      20
      33
      24
      26
      23
      35
      36
      25
      30
      31
      30
      31
      26
      28
      37
      28
      21
      32
      26
      43
      34
      26
      22
      31
      21
      35
      29
      37
      30
      27
      21
      31
      31
      27
      19
      30
      24
      33
      29
      37
      38
      30
      38
      22
      30
      27
      35
      41
      20
      32
      33
      33
      36
      38
      25
      28
      31
      31
      32
      31
      40
      21
      33
      33
      28
      28
      30
      24
      32
      40
      29
      24
      40
      25
      45
      23
      36
      26
      30
      31
      31
      33
      33
      23
      32
      34
      25
      32
      35
      32
      35
      29
      33
      27
      27
      21
      32
      45
      35
      30
      30
      31
      30
      25
      38
      30
      33
      30
      30
      21
      23
      28
      38
      42
      19
      40
      32
      28
      42
      33
      26
      30
      28
      29
      32
      34
      22
      30
      33
      34
      34
      24
      30
      33
      32
      46
      26
      35
      32
      39
      42
      35
      41
      23
      29
      31
      40
      30
      44
      27
      30
      33
      34
      36
      40
      27
      26
      28
      33
      28
      20
      39
      27
      36
      35
      41
      38
      29
      32
      27
      30
      32
      31
      32
      34
      28
      40
      30
      31
      36
      35
      36
      36
      25
      37
      39
      32
      32
      30
      30
      33
      34
      31
      35
      38
      29
      32
      33
      32
      21
      31
      36
      24
      40
      38
      28
      30
      24
      26
      32
      42
      28
      30
      30
      22
      35
      22
      29
      31
      37
      27
      40
      41
      29
      39
      23
      25
      30
      36
      27
      32
      18
      38
      34
      29
      29
      33
      31
      32
      30
      40
      34
      35
      35
      31
      27
      32
      24
      36
      30
      24
      26
      24
      26
      43
      39
      41
      28
      30
      33
      35
      35
      29
      35
      48
      32
      30
      36
      27
      27
      35
      28
      29
      30
      30
      27
      33
      32
      37
      27
      33
      28
      30
      31
      31
      34
      29
      34
      22
      33
      39
      28
      40
      26
      29
      37
      48
      28
      28
      37
      44
      33
      21
      30
      38
      22
      26
      42
      31
      47
      31
      31
      33
      33
      41
      28
      27
      36
      24
      25
      32
      27
      35
      33
      34
      31
      32
      35
      33
      21
      34
      31
      28
      32
      27
      30
      26
      32
      36
      31
      19
      38
      22
      16
      25
      36
      18
      21
      26
      47
      40
      30
      26
      34
      27
      34
      30
      32
      29
      32
      19
      28
      28
      33
      36
      38
      29
      32
      36
      33
      40
      33
      39
      23
      27
      38
      40
      37
      25
      30
      25
      42
      29
      31
      39
      37
      18
      44
      29
      36
      31
      36
      44
      24
      32
      30
      28
      37
      44
      34
      37
      32
      29
      31
      42
      35
      34
      42
      34
      30
      40
      33
      24
      26
      41
      32
      31
      37
      40
      45
      41
      32
      36
      26
      37
      31
      31
      39
      33
      34
      47
      25
      33
      28
      27
      36
      46
      42
      31
      29
      32
      39
      30
      46
      41
      34
      31
      23
      37
      40
      20
      37
      37
      40
      26
      37
      24
      32
      41
      39
      38
      36
      28
      27
      21
      29
      33
      29
      25
      28
      38
      38
      37
      37
      32
      26
      31
      32
      35
      40
      35
      25
      22
      34
      32
      38
      39
      24
      32
      29
      43
      31
      32
      34
      41
      35
      27
      34
      34
      25
      37
      36
      38
      23
      42
      35
      38
      31
      32
      32
      32
      27
      35
      31
      35
      37
      32
      30
      31
      27
      28
      20
      30
      37
      34
      35
      34
      36
      30
      26
      37
      40
      42
      32
      33
      41
      42
      39
      27
      33
      37
      39
      39
      36
      31
      26
      43
      47
      31
      35
      32
      26
      29
      35
      39
      32
      26
      23
      41
      30
      38
      31
      33
      30
      39
      34
      34
      38
      30
      32
      35
      44
      31
      46
      39
      25
      40
      32
      27
      28
      30
      35
      28
      32
      25
      29
      29
      34
      34
      33
      34
      41
      35
      37
      32
      23
      29
      26
      36
      32
      27
      28
      27
      26
      33
      24
      42
      22
      22
      27
      40
      23
      33
      28
      38
      31
      24
      33
      31
      31
      32
      35
      26
      35
      36
      30
      34
      29
      30
      30
      31
      36
      27
      28
      32
      40
      31
      35
      33
      37
      31
      34
      27
      41
      40
      36
      28
      31
      34
      18
      34
      33
      27
      42
      41
      30
      35
      29
      35
      32
      25
      38
      24
      41
      29
      26
      30
      34
      36
      25
      31
      33
      32
      37
      29
      44
      40
      46
      42
      24
      26
      36
      32
      33
      27
      41
      40
      31
      33
      41
      37
      33
      28
      34
      26
      22
      31
      43
      31
      43
      40
      25
      36
      40
      42
      35
      43
      32
      42
      33
      33
      38
      39
      33
      42
      32
      35
      39
      26
      35
      33
      39
      33
      35
      35
      23
      43
      39
      34
      33
      31
      32
      41
      40
      39
      26
      43
      31
      33
      24
      30
      41
      28
      43
      37
      35
      36
      23
      38
      35
      36
      32
      32
      35
      37
      38
      42
      34
      34
      32
      40
      34
      30
      38
      46
      33
      31
      34
      29
      26
      45
      31
      38
      43
      34
      32
      35
      33
      31
      35
      30
      32
      36
      36
      28
      41
      33
      35
      33
      37
      31
      34
      39
      27
      26
      33
      24
      37
      24
      29
      24
      25
      30
      37
      25
      29
      28
      35
      22
      28
      41
      28
      35
      24
      26
      21
      31
      26
      23
      20
      29
      26
      29
      21
      25
      25
      25
      21
      33
      27
      19
      19
      28
      20
      16
      30
      18
      12
      13
      12
      22
      21
      23
      12
      13
      17
      21
      15
      12
      15
      11
      20
      24
      14
      12
      11
      18
      10
      10
      12
       8
      13
      11
       9
      17
      14
      17
      12
       7
      13
      11
       8
       4
       9
      12
       8
      16
       8
       9
       7
      10
      11
       3
      12
      12
       8
       7
      12
       8
      13
      14
       6
       6
       7
       7
      12
       8
      12
       5
       5
       9
      11
       6
       8
       6
      11
      11
       5
      10
       8
       9
       6
       9
       9
       5
       3
       3
       4
       4
       7
       9
       9
       3
      10
       5
       4
       9
       9
       3
       4
       6
       6
       8
       7
       4
       2
       2
       8
       6
       8
       6
       1
       3
       5
       9
       4
       5
      11
       4
       4
       4
       4
       4
       3
       4
       5
       4
       4
       8
       4
       8
       5
       4
       5
       8
       2
       3
       4
       8
       5
       2
       4
       4
       2
       5
       7
       0
       3
       3
       7
       2
       4
       2
       4
       1
       6
       2
       3
       4
       4
       4
       3
       7
       1
       4
       7
       3
       2
       3
       5
      10
       0
       3
       2
       0
       1
       3
       6
       2
       5
       4
       3
       5
       9
       2
       0
       5
       4
       4
       2
       6
       3
       2
       2
       1
       4
       1
       4
       5
       3
       3
       4
       3
       4
       2
       1
       5
       1
       3
       4
       1
       3
       4
       2
       5
       3
       2
       2
       1
       0
       5
       1
       1
       3
       1
       2
       4
       6
       4
       2
       3
       2
       1
       3
       4
       3
       7
       4
       3
       0
       1
       1
       1
       2
       1
       3
       3
       4
       6
       3
       4
       3
       2
       1
       2
       4
       4
       2
       0
       1
       0
       4
       1
       4
       2
       4
       2
       4
       3
       1
       5
       2
       3
       1
       2
       6
       1
       4
       2
       2
       2
       2
       3
       0
       5
       2
       5
       1
       1
       0
       4
       0
       2
       1
       1
       3
       1
       2
       5
       5
       2
       2
       3
       4
       1
       3
       1
       0
       0
       2
       1
       2
       4
       3
       2
       3
       4
       4
       2
       2
       3
       6
       2
       4
       2
       2
       2
       1
       1
       2
       2
       5
       2
       2
       1
       2
       2
       6
       2
       5
       2
       4
       6
       3
       6
       2
       1
       5
      11
       2
       4
       5
       3
       2
       7
       3
       7
       9
       1
       4
       1
       4
       5
       7
       5
       7
       3
       4
       3
       3
       2
      10
       7
       5
       2
       6
       5
      10
      15
       9
      10
      11
      10
      11
      17
      12
      15
      24
      11
      16
      17
      12
      16
      23
      19
      28
      23
      36
      32
      35
      24
      27
      33
      38
      31
      37
      47
      35
      53
      58
      50
      54
      59
      48
      68
      71
      91
      77
      83
      95
      82
      85
      85
      83
     107
     100
     125
     109
     115
     121
     129
     106
     125
     148
     167
     150
     120
     169
     160
     167
     185
     191
     198
     186
     195
     186
     209
     205
     238
     196
     235
     235
     264
     260
     253
     264
     266
     261
     256
     285
     296
     304
     303
     319
     334
     312
     314
     351
     372
     357
     367
     352
     367
     364
     399
     375
     415
     396
     376
     383
     390
     402
     396
     423
     417
     409
     443
     395
     424
     433
     419
     464
     429
     460
     453
     407
     454
     466
     438
     453
     459
     459
     438
     415
     477
     424
     450
     490
     448
     437
     430
     434
     450
     435
     413
     399
     378
     407
     394
     428
     436
     412
     425
     371
     378
     411
     351
     364
     365
     334
     372
     345
     303
     317
     316
     308
     278
     298
     317
     291
     269
     274
     226
     249
     272
     231
     232
     243
     204
     222
     192
     221
     210
     200
     195
     194
     160
     175
     150
     168
     181
     156
     145
     139
     153
     126
     111
     118
     118
     117
     109
      77
      91
      91
      98
      97
      98
      89
      80
      71
      64
      67
      76
      64
      56
      51
      56
      54
      44
      45
      47
      56
      45
      39
      39
      36
      32
      36
      22
      32
      21
      15
      22
      24
      29
      18
      13
      12
      14
      25
      17
      20
      10
      10
      10
       6
       4
       3
      12
       8
       4
       9
       9
       3
       1
       4
       5
       9
       5
       6
       5
       3
       1
       4
       2
       0
       2
       2
       1
       4
       2
       1
       3
       2
       5
       0
       2
       0
       1
       2
       2
       2
       1
       2
       1
       2
       2
       0
       0
       2
       2
       1
       1
       2
       0
       0
       2
       0
       1
       2
       1
       0
       0
       0
       1
       3
       1
       1
       0
       2
       0
       2
       0
       1
       0
       1
       1
       1
       1
       1
       0
       1
       0
       0
       2
       1
       0
       2
       3
       2
       1
       0
       2
       2
       1
       1
       1
       0
       3
       0
       1
       0
       1
       0
       2
       1
       0
       0
       1
       2
       0
       1
       1
       0
       0
       0
       2
       0
       0
       1
       1
       0
       1
       0
       0
       2
       2
       0
       1
       0
       1
       0
       1
       1
       0
       0
       1
       1
       3
       1
       0
       1
       1
       0
       4
       2
       1
       1
       0
       0
       0
       1
       0
       0
       1
       0
       2
       1
       0
       0
       1
       0
       0
       0
       2
       1
       0
       0
       0
       1
       0
       0
       0
       0
       0
       0
       2
       1
       2
       0
       1
       0
       1
       0
       0
       1
       0
       0
       1
       2
       1
       2
       2
       0
       2
       0
       0
       0
       0
       0
       0
       0
       1
       0
       1
       1
       1
       0
       1
       1
       0
       1
       2
       0
       0
       1
       0
       0
       0
       2
       1
       0
       1
       1
       3
       1
       0
       0
       3
       0
       1
       1
       2
       0
       0
       2
       1
       1
       0
       1
       1
       0
       1
       1
       0
       0
       2
       0
       0
       2
       0
       0
       1
       0
       2
       1
       2
       0
       0
       2
       1
       1
       0
       0
       1
       0
       1
       0
       1
       1
       0
       1
       0
       1
       0
       0
       0
       0
       0
       0
       2
       1
       1
       0
       1
       0
       1
       2
       0
       0
       0
       0
       2
       1
       1
       0
       0
       0
       0
       1
       0
       1
       0
       0
       0
       2
       0
       0
       1
       0
       1
       4
       0
       0
       1
       2
       0
       1
       0
       0
       0
       0
       0
       0
       0
       1
       0
       0
       0
       0
       0
       1
       0
       0
       0
       0
       1
       1
       0
       0
       1
       1
       0
       1
       1
       0
       0
       0
       0
       0
       0
       0
       0
       2
       1
       0
       1
       0
       0
       0
       1
       0
       0
       1
       0
       1
       1
       0
       0
       0
       0
       2
       1
       0
       1
       1
       0
       2
       0
       0
       1
       1
       2
       0
       0
       0
       0
       0
       0
       1
       0
       0
       1
       0
       1
       0
       2
       1
       1
       1
       1
       0
       0
       0
       1
       0
       0
       1
       1
       1
       0
       0
       0
       1
       0
       0
       3
       2
       0
       0
       1
       0
       1
       1
       1
       0
       0
       0
       1
       0
       0
       1
       0
       1
       1
       0
       1
       0
       2
       0
       1
       1
       1
       0
       0
       0
       1
       1
       3
       0
       1
       0
       2
       0
       0
       0
       1
       1
       0
       2
       0
       0
       0
       0
       1
       2
       1
       0
       0
       1
       0
       1
       1
       2
       1
       1
       0
       0
       0
       0
       0
       0
       0
       0
       0
       0
       0
       0
       1
       0
       0
       0
       0
       0
       0
       0
       0
       0
       0
       0
       0
       0
       0
$ROI:
2
258 327
1318 1545
$PRESETS:
Live Time
1200
0
$ENER_FIT:
-37.406231 1.986979
$MCA_CAL:
3
-3.740623E+001 1.986979E+000 0.000000E+000 keV
$SHAPE_CAL:
3
0.000000E+000 0.000000E+000 0.000000E+000
