$SPEC_ID:
This is sample 038.
$SPEC_REM:
DET# 1
DETDESC# DIP1456 PCI-Trump SN 253
AP# Maestro Version 7.01
$DATE_MEA:
01/18/2025 08:15:22
$MEAS_TIM:
1200 1232
$DATA:
0 2047
       0
       0
       0
       0
       0
       0
       0
       0
       0
       0
       0
       0
       0
       0
       0
       0
       0
       0
       0
       0
       0
       0
       0
       0
       0
       0
       0
       0
       0
       0
       0
       0
       0
       0
       0
       0
       0
       0
       0
       0
       0
       0
       0
       0
       0
       0
       0
       0
       0
       0
       0
       0
       0
       1
      22
      27
      36
      32
      19
      29
      39
      23
      18
      35
      31
      35
      33
      27
      23
      20
      24
      32
      26
      31
      31
      23
      43
      21
      28
      33
      22
      32
      31
      22
      30
      41
      28
      36
      27
      38
      22
      39
      33
      35
      29
      32
      36
      31
      24
      30
      27
      26
      37
      33
      34
      35
      33
      22
      28
      25
      29
      29
      38
      25
      31
      30
      31
      22
      34
      33
      26
      36
      28
      29
      41
      29
      33
      34
      39
      29
      31
      35
      22
      27
      40
      37
      31
      29
      41
      24
      20
      29
      29
      41
      22
      27
      37
      29
      32
      25
      30
      20
      30
      37
      33
      35
      33
      34
      33
      27
      24
      36
      30
      30
      31
      24
      21
      24
      28
      25
      31
      22
      29
      36
      36
      30
      32
      40
      30
      29
      30
      28
      37
      49
      29
      34
      19
      32
      28
      33
      28
      27
      31
      29
      28
      27
      27
      35
      30
      29
      34
      26
      31
      30
      32
      34
      24
      24
      35
      33
      34
      30
      34
      29
      37
      25
      42
      26
      38
      26
      28
      43
      31
      37
      31
      48
      31
      32
      23
      30
      30
      30
      32
      39
      36
      35
      38
      27
      25
      36
      23
      34
      36
      31
      34
      27
      32
      38
      24
      38
      39
      27
      25
      23
      35
      37
      25
      34
      34
      36
      41
      34
      34
      25
      27
      36
      43
      34
      32
      22
      42
      23
      34
      31
      28
      24
      45
      28
      36
      39
      42
      26
      33
      24
      34
      39
      31
      25
      44
      33
      32
      42
      25
      32
      42
      33
      35
      43
      27
      37
      33
      32
      31
      34
      34
      40
      30
      33
      28
      25
      42
      27
      37
      37
      35
      26
      37
      37
      34
      42
      28
      39
      31
      45
      29
      38
      31
      28
      31
      30
      30
      27
      33
      35
      30
      35
      42
      29
      34
      32
      35
      29
      27
      32
      32
      33
      33
      31
      33
      34
      33
      24
      23
      39
      28
      37
      26
      18
      45
      36
      35
      32
      38
      31
      27
      22
      32
      32
      34
      31
      34
      33
      38
      52
      32
      33
      31
      31
      37
      28
      33
      29
      28
      33
      30
      23
      24
      33
      39
      26
      46
      42
      31
      34
      30
      25
      17
      42
      25
      44
      48
      26
      35
      31
      34
      29
      35
      34
      31
      38
      22
      39
      28
      27
      26
      35
      34
      26
      32
      27
      34
      34
      27
      26
      38
      35
      28
      32
      35
      28
      31
      30
      31
      34
      30
      32
      29
      22
      40
      30
      38
      23
      38
      32
      28
      34
      40
      34
      24
      27
      34
      23
      36
      40
      35
      30
      23
      32
      33
      25
      36
      32
      33
      32
      27
      36
      26
      30
      19
      42
      44
      30
      33
      30
      31
      33
      27
      28
      28
      26
      23
      24
      40
      29
      33
      21
      53
      34
      32
      30
      34
      22
      29
      32
      32
      29
      33
      48
      25
      45
      33
      29
      36
      36
      46
      33
      45
      40
      39
      27
      34
      28
      33
      32
      31
      32
      42
      25
      39
      31
      41
      33
      32
      25
      42
      33
      26
      40
      40
      34
      38
      26
      35
      32
      35
      39
      34
      28
      41
      36
      40
      31
      34
      38
      32
      35
      35
      25
      38
      26
      32
      37
      38
      36
      31
      28
      31
      31
      35
      36
      27
      38
      35
      37
      36
      21
      30
      30
      28
      29
      36
      28
      38
      35
      37
      37
      46
      33
      34
      38
      30
      37
      33
      35
      30
      41
      42
      43
      42
      28
      33
      36
      27
      29
      38
      47
      32
      32
      27
      33
      31
      26
      21
      34
      35
      42
      30
      31
      26
      33
      26
      35
      37
      32
      31
      33
      26
      29
      33
      29
      40
      39
      28
      29
      29
      41
      26
      24
      41
      27
      27
      38
      33
      28
      30
      34
      38
      30
      29
      29
      33
      27
      33
      36
      41
      35
      39
      31
      19
      27
      38
      37
      26
      32
      33
      32
      30
      35
      34
      28
      32
      31
      33
      25
      22
      39
      28
      36
      30
      32
      28
      34
      33
      31
      28
      26
      24
      37
      26
      33
      37
      28
      38
      31
      40
      34
      24
      30
      43
      31
      27
      43
      34
      34
      28
      36
      31
      24
      37
      35
      35
      25
      47
      38
      26
      34
      23
      37
      30
      24
      29
      24
      27
      31
      29
      34
      37
      43
      25
      33
      32
      37
      28
      24
      36
      29
      33
      22
      27
      30
      21
      33
      28
      29
      37
      31
      19
      32
      28
      43
      45
      23
      32
      26
      29
      34
      32
      29
      34
      37
      26
      36
      27
      39
      27
      34
      34
      36
      29
      30
      25
      29
      39
      44
      28
      28
      47
      29
      33
      42
      25
      31
      29
      31
      25
      44
      30
      23
      28
      23
      36
      38
      34
      33
      39
      27
      32
      27
      35
      36
      33
      39
      26
      38
      34
      32
      23
      21
      33
      31
      23
      27
      41
      46
      40
      36
      27
      37
      38
      37
      33
      26
      30
      31
      24
      33
      28
      33
      30
      23
      31
      29
      47
      43
      42
      34
      29
      25
      29
      40
      30
      33
      34
      28
      41
      38
      22
      30
      30
      33
      37
      38
      35
      38
      32
      28
      34
      29
      42
      40
      35
      37
      37
      32
      33
      38
      37
      39
      30
      48
      33
      38
      34
      35
      45
      28
      30
      34
      29
      30
      37
      31
      42
      47
      45
      40
      33
      31
      34
      31
      35
      37
      37
      21
      27
      37
      38
      39
      27
      40
      33
      33
      33
      40
      33
      29
      29
      44
      41
      39
      35
      33
      31
      44
      36
      33
      33
      39
      38
      24
      30
      33
      33
      33
      33
      32
      34
      25
      35
      30
      42
      33
      22
      30
      29
      26
      27
      31
      26
      24
      25
      21
      33
      23
      22
      26
      19
      24
      21
      30
      20
      15
      26
      24
      19
      30
      21
      13
      20
      26
      12
      21
      13
      24
      15
      15
      19
      11
      21
      16
      18
      12
      15
      13
      13
      18
      16
      16
      17
      16
      14
      16
      16
       7
      14
      15
      15
      11
       9
      11
       7
      19
       7
      10
       9
      15
       5
       8
       9
       8
       7
       8
       6
      12
      10
       8
      15
      13
      11
       3
       8
      10
      10
      13
      13
       7
      12
      16
       9
       9
       6
       9
       9
       6
       5
       6
       2
       7
      11
       6
       9
       7
       6
      13
      10
       8
       8
       4
      10
       7
       3
      14
       7
       2
       9
       5
       7
      10
       7
       5
       6
       5
       8
      10
       8
       7
       6
       6
       3
       5
       6
       4
       4
       3
       6
       8
       4
      10
       6
       8
       6
       7
       3
       0
       4
       9
       6
       3
       2
       9
       2
       0
       5
       5
       3
       6
       2
       5
       4
       3
       4
       2
       2
       1
       4
       7
       2
       4
       9
       7
       1
       2
       5
       5
       3
       4
       4
       3
       6
       6
       6
       3
       2
       3
       5
       4
       5
       2
       5
       7
       2
       6
       4
       3
       3
       6
       5
       6
       5
       2
       4
       1
       3
       5
       5
       4
       0
       3
       2
       3
       3
       4
       6
       4
       5
       3
       2
       2
       0
       2
       0
       0
       2
       6
       4
       8
       3
       3
       5
       3
       1
       3
       4
       0
       1
       3
       1
       6
       3
       5
       1
       3
       3
       1
       3
       2
       2
       2
       6
       2
       3
       4
       4
       0
       2
       2
       4
       1
       1
       2
       0
       4
       5
       4
       3
       4
       1
       2
       5
       3
       2
       5
       5
       2
       2
       1
       2
       5
       3
       2
       1
       5
       6
       2
       2
       2
       2
       5
       1
       1
       1
       2
       5
       2
       4
       4
       4
       2
       4
       1
       2
       4
       5
       2
       3
       2
       5
       2
       1
       5
       0
       3
       2
       7
       1
       4
       3
       2
       4
       2
       2
       5
       2
       2
       5
       1
       2
       4
       5
       0
       1
       1
       3
       2
       2
       2
       3
       5
       1
       2
       2
       2
       3
       1
       2
       3
       1
       2
       3
       2
       1
       2
       3
       4
       4
       2
       3
       2
       6
       0
       3
       5
       3
       4
       2
       3
       4
       5
       3
       6
       1
       4
       3
       2
       6
       3
       4
       4
       6
       3
       6
       8
       5
       3
       6
       2
       2
       8
       3
       5
       8
       4
       2
       5
       3
       7
       5
      10
      10
       6
       8
       7
       9
      14
       9
      10
      12
      13
      10
      13
      16
       7
      20
      13
      20
      15
      19
      16
      19
      36
      21
      28
      32
      22
      34
      31
      42
      61
      53
      53
      32
      49
      56
      52
      68
      61
      49
      51
      65
      66
      79
      77
      90
      87
      90
      88
      91
      82
      84
      99
     102
      95
     129
     107
     122
     138
     127
     155
     175
     128
     124
     167
     170
     181
     183
     186
     165
     204
     206
     213
     212
     202
     213
     199
     221
     239
     235
     248
     243
     288
     267
     256
     285
     317
     277
     318
     327
     291
     303
     320
     308
     293
     365
     348
     333
     329
     366
     362
     351
     383
     387
     397
     392
     394
     453
     417
     397
     386
     440
     423
     442
     408
     453
     423
     454
     432
     489
     407
     467
     440
     464
     367
     502
     421
     420
     446
     423
     451
     414
     468
     436
     441
     445
     438
     391
     442
     425
     411
     406
     412
     442
     406
     410
     425
     408
     388
     357
     378
     398
     391
     332
     358
     354
     369
     357
     313
     306
     354
     339
     335
     318
     300
     323
     290
     287
     288
     285
     245
     247
     247
     245
     241
     228
     231
     222
     236
     219
     203
     195
     180
     212
     208
     173
     137
     166
     155
     134
     123
     120
     143
     131
     115
     112
     135
     105
     101
      92
      98
      86
      94
      84
      72
      84
      76
      74
      71
      63
      64
      64
      59
      60
      49
      46
      52
      46
      40
      31
      41
      37
      39
      24
      26
      34
      27
      32
      19
      21
      19
      28
      28
      15
      21
      24
      11
      15
      17
      13
      14
      10
       7
      12
       6
       7
       8
       8
       6
       8
       3
       8
       9
       5
       4
       6
       6
       8
       4
       6
       2
       4
       5
       3
       1
       2
       0
       4
       2
       1
       1
       0
       2
       0
       0
       3
       0
       4
       2
       2
       1
       3
       2
       1
       2
       0
       0
       2
       2
       1
       0
       2
       2
       0
       1
       1
       1
       0
       0
       0
       0
       1
       2
       0
       0
       2
       0
       2
       2
       0
       1
       0
       0
       0
       0
       2
       0
       1
       2
       2
       1
       0
       0
       4
       1
       2
       2
       0
       1
       1
       0
       1
       0
       1
       0
       1
       1
       1
       0
       0
       0
       2
       2
       0
       2
       1
       2
       2
       1
       1
       1
       3
       1
       1
       1
       1
       3
       0
       1
       0
       1
       1
       6
       1
       0
       0
       2
       1
       0
       1
       0
       0
       2
       0
       1
       2
       2
       1
       2
       1
       0
       0
       1
       0
       3
       2
       1
       0
       0
       0
       2
       0
       1
       2
       0
       1
       1
       0
       2
       0
       1
       1
       0
       1
       4
       2
       1
       1
       0
       1
       2
       0
       0
       1
       0
       1
       2
       1
       0
       1
       3
       0
       0
       2
       0
       0
       2
       1
       1
       0
       2
       2
       2
       1
       1
       1
       0
       0
       0
       2
       0
       2
       0
       0
       0
       0
       0
       1
       0
       0
       1
       1
       0
       1
       0
       1
       1
       0
       1
       0
       1
       0
       0
       2
       1
       2
       1
       0
       2
       0
       2
       0
       2
       0
       0
       1
       1
       1
       1
       0
       0
       1
       0
       0
       1
       0
       0
       0
       2
       1
       1
       0
       1
       2
       2
       3
       0
       0
       2
       0
       2
       2
       0
       0
       0
       2
       1
       0
       0
       1
       0
       0
       1
       1
       0
       1
       1
       1
       0
       1
       0
       0
       1
       1
       2
       0
       0
       1
       3
       1
       1
       0
       0
       2
       0
       0
       0
       1
       0
       0
       1
       3
       0
       0
       0
       2
       0
       1
       0
       2
       0
       1
       1
       0
       1
       1
       1
       0
       3
       1
       0
       0
       3
       0
       1
       1
       1
       1
       1
       1
       0
       1
       0
       0
       1
       0
       1
       1
       1
       0
       2
       0
       0
       1
       0
       0
       1
       1
       0
       1
       0
       1
       0
       1
       0
       0
       1
       0
       0
       0
       0
       1
       0
       0
       0
       2
       0
       1
       1
       0
       1
       1
       1
       2
       1
       1
       1
       0
       0
       0
       1
       0
       1
       0
       3
       1
       1
       0
       3
       0
       0
       1
       2
       0
       0
       2
       0
       0
       0
       1
       0
       0
       0
       0
       0
       0
       2
       0
       2
       0
       0
       3
       1
       0
       0
       2
       0
       1
       3
       0
       1
       1
       0
       0
       0
       0
       0
       0
       1
       0
       0
       0
       0
       0
       1
       0
       0
       1
       0
       0
       0
       1
       0
       0
       0
       1
       1
       0
       0
       4
       1
       1
       0
       1
       1
       0
       1
       1
       0
       1
       2
       0
       0
       0
       1
       1
       1
       0
       0
       1
       0
       0
       0
       0
       0
       0
       1
       0
       0
       0
       0
       0
       0
       0
       0
       0
       0
       0
       0
       0
       0
$ROI:
2
258 327
1318 1545
$PRESETS:
Live Time
1200
0
$ENER_FIT:
-37.406231 1.986979
$MCA_CAL:
3
-3.740623E+001 1.986979E+000 0.000000E+000 keV
$SHAPE_CAL:
3
0.000000E+000 0.000000E+000 0.000000E+000
