$SPEC_ID:
This is sample 055.
$SPEC_REM:
DET# 1
DETDESC# DIP1456 PCI-Trump SN 253
AP# Maestro Version 7.01
$DATE_MEA:
01/18/2025 14:32:48
$MEAS_TIM:
1200 1232
$DATA:
0 2047
       0
       0
       0
       0
       0
       0
       0
       0
       0
       0
       0
       0
       0
       0
       0
       0
       0
       0
       0
       0
       0
       0
       0
       0
       0
       0
       0
       0
       0
       0
       0
       0
       0
       0
       0
       0
       0
       0
       0
       0
       0
       0
       0
       0
       0
       0
       0
       0
       0
       0
       0
       0
       0
       1
      16
      32
      29
      30
      30
      26
      38
      44
      37
      35
      28
      34
      23
      36
      33
      23
      19
      32
      25
      43
      32
      25
      31
      25
      25
      30
      23
      27
      24
      30
      25
      25
      29
      34
      20
      33
      41
      36
      33
      26
      44
      26
      30
      29
      27
      33
      25
      25
      25
      29
      29
      27
      27
      23
      30
      34
      31
      21
      22
      31
      27
      32
      23
      30
      29
      24
      27
      45
      23
      26
      27
      23
      23
      24
      29
      31
      27
      25
      32
      24
      41
      28
      30
      33
      31
      36
      25
      31
      35
      32
      22
      34
      33
      30
      39
      37
      31
      31
      37
      25
      34
      27
      18
      31
      26
      21
      27
      32
      33
      34
      37
      24
      33
      33
      30
      35
      29
      36
      25
      38
      32
      34
      30
      40
      29
      33
      35
      38
      32
      27
      26
      33
      38
      25
      32
      27
      35
      26
      38
      28
      31
      29
      34
      33
      39
      34
      40
      25
      30
      43
      30
      30
      38
      35
      27
      32
      40
      34
      26
      35
      38
      20
      19
      33
      34
      30
      43
      46
      21
      32
      28
      30
      25
      30
      35
      34
      26
      33
      29
      31
      41
      27
      38
      26
      46
      27
      25
      29
      26
      38
      25
      32
      24
      27
      37
      36
      37
      25
      27
      31
      19
      43
      38
      27
      27
      23
      35
      23
      37
      23
      37
      36
      31
      38
      31
      38
      28
      32
      36
      39
      31
      32
      38
      29
      23
      35
      42
      24
      43
      26
      26
      34
      32
      26
      27
      20
      36
      28
      37
      32
      29
      40
      41
      37
      38
      25
      38
      37
      30
      37
      36
      21
      29
      22
      31
      36
      32
      30
      33
      29
      34
      41
      34
      29
      36
      25
      40
      33
      31
      31
      30
      32
      33
      31
      37
      29
      36
      29
      44
      26
      37
      31
      24
      30
      35
      28
      40
      36
      27
      44
      38
      44
      35
      37
      30
      36
      45
      33
      36
      33
      30
      22
      32
      28
      35
      31
      28
      33
      28
      41
      39
      33
      29
      30
      39
      37
      28
      30
      33
      34
      39
      19
      23
      23
      32
      23
      28
      35
      37
      27
      32
      32
      27
      47
      30
      26
      34
      26
      30
      34
      37
      31
      33
      27
      35
      28
      31
      41
      45
      27
      33
      38
      24
      36
      42
      33
      31
      31
      28
      35
      32
      38
      30
      42
      37
      29
      33
      37
      28
      31
      40
      38
      31
      35
      27
      36
      35
      25
      35
      36
      20
      42
      38
      33
      33
      36
      29
      29
      24
      42
      39
      26
      27
      38
      37
      37
      33
      29
      32
      28
      28
      27
      30
      27
      34
      35
      30
      31
      37
      30
      25
      35
      40
      35
      33
      40
      25
      24
      17
      40
      28
      36
      32
      46
      40
      21
      31
      33
      30
      34
      37
      32
      29
      31
      33
      37
      32
      34
      34
      31
      29
      27
      45
      36
      31
      43
      39
      29
      43
      42
      28
      35
      33
      30
      34
      39
      36
      42
      41
      31
      31
      42
      23
      30
      36
      23
      25
      30
      30
      28
      28
      33
      31
      36
      22
      36
      37
      41
      33
      53
      39
      43
      32
      36
      34
      33
      36
      32
      39
      39
      25
      44
      26
      32
      31
      44
      35
      36
      41
      30
      38
      30
      43
      30
      36
      33
      35
      19
      40
      39
      32
      34
      37
      31
      48
      37
      28
      36
      38
      25
      31
      34
      31
      27
      34
      31
      20
      36
      37
      31
      33
      28
      32
      41
      49
      34
      38
      35
      44
      40
      34
      43
      31
      39
      29
      40
      31
      41
      38
      49
      30
      38
      38
      31
      27
      20
      32
      30
      37
      30
      34
      34
      27
      41
      30
      35
      33
      33
      43
      34
      26
      29
      35
      45
      26
      45
      32
      28
      31
      26
      38
      29
      33
      37
      25
      31
      28
      33
      33
      37
      24
      37
      23
      25
      27
      29
      42
      31
      32
      27
      40
      32
      36
      33
      25
      23
      31
      34
      30
      30
      28
      35
      36
      36
      31
      23
      35
      29
      31
      29
      44
      39
      29
      30
      21
      24
      30
      28
      33
      33
      38
      26
      39
      30
      20
      25
      22
      34
      32
      30
      37
      23
      22
      26
      39
      29
      39
      25
      33
      29
      35
      27
      33
      32
      36
      30
      32
      38
      35
      29
      26
      44
      35
      28
      27
      37
      35
      22
      37
      38
      28
      37
      32
      37
      27
      32
      28
      27
      43
      29
      20
      20
      28
      30
      34
      31
      28
      32
      32
      40
      37
      31
      30
      23
      30
      28
      39
      25
      34
      30
      31
      22
      32
      36
      38
      33
      32
      51
      43
      19
      35
      35
      29
      36
      42
      34
      26
      38
      21
      30
      29
      35
      20
      27
      33
      27
      37
      32
      34
      27
      36
      27
      31
      34
      38
      36
      26
      33
      34
      33
      32
      40
      31
      37
      36
      31
      36
      22
      40
      38
      31
      28
      36
      32
      38
      37
      36
      29
      44
      43
      41
      38
      34
      29
      28
      25
      34
      45
      35
      43
      34
      36
      40
      31
      43
      30
      40
      35
      31
      42
      41
      37
      42
      31
      42
      42
      29
      35
      27
      30
      38
      38
      32
      39
      44
      31
      37
      37
      40
      46
      28
      29
      35
      35
      25
      30
      30
      31
      31
      38
      36
      37
      41
      40
      38
      29
      37
      38
      30
      33
      32
      39
      27
      34
      29
      31
      34
      47
      27
      38
      33
      32
      38
      41
      32
      31
      43
      51
      30
      36
      22
      41
      16
      30
      36
      28
      30
      26
      38
      31
      33
      30
      46
      33
      40
      31
      32
      28
      24
      32
      27
      33
      34
      44
      28
      39
      27
      25
      27
      31
      26
      29
      19
      28
      33
      28
      18
      31
      25
      20
      38
      22
      28
      27
      33
      29
      21
      21
      15
      24
      33
      18
      27
      17
      21
      20
      17
      18
      22
      16
      19
      21
      15
      16
      21
      14
      17
      15
      21
      16
      12
      18
      10
      11
      13
      17
       9
      18
       8
      21
       9
      13
       7
       8
      10
      11
      12
       9
      16
       9
       6
      12
      21
      10
      13
      12
      10
       8
      10
      12
      13
       9
      11
      10
       6
       8
       8
       4
      12
       5
       3
      11
       5
      15
       4
       7
      11
       5
       9
       7
       1
       9
       6
      10
       7
       8
       8
       6
       6
      10
       6
       6
       5
       8
       5
       7
       7
       4
      13
       4
       6
      10
       7
       5
       5
       8
       4
       5
       8
       9
       7
       7
       7
       7
       4
       6
       9
       5
       4
       2
       1
       8
       3
       5
       4
       3
       2
       5
       5
       6
       6
       3
       7
       3
       3
       2
       3
       4
       3
       4
       2
       5
       3
       3
       5
       6
       0
       2
       3
       3
       2
       5
       3
       1
       6
       3
       2
       6
       1
       2
       1
       3
       2
       2
       6
       2
       2
       4
       2
       3
       3
       1
       4
       5
       1
       6
       3
       1
       2
       4
       2
       2
       6
       4
       3
       4
       5
       3
       8
       2
       1
       2
       1
       5
       3
       5
       8
       0
       3
       7
       1
       2
       4
       3
       2
       4
       2
       3
       2
       5
       2
       1
       2
       3
       1
       1
       1
       3
       3
       3
       5
       5
       5
       5
       3
       3
       4
       4
       3
       2
       4
       0
       3
       3
       3
       1
       2
       3
       1
       4
       5
       1
       7
       1
       5
       5
       1
       5
       2
       3
       1
       2
       2
       1
       6
       4
       6
       5
       6
       3
       2
       3
       5
       3
       1
       4
       5
       3
       1
       0
       3
       4
       2
       2
       2
       3
       1
       2
       1
       6
       2
       2
       6
       1
       3
       3
       2
       2
       0
       3
       3
       2
       5
       2
       2
       3
       3
       3
       4
       3
       5
       3
       1
       8
       0
       1
       4
       4
       2
       6
       4
       3
       0
       3
       2
       4
       3
       1
       3
       2
       2
       0
       2
       5
       4
       0
       1
       5
       1
       1
       2
       0
       1
       5
       2
       2
       4
       4
       1
       3
       2
       3
       5
       2
       4
       1
       2
       4
       5
       1
       4
       3
       8
       0
       2
       3
       2
       2
       7
       7
       4
       2
       1
       1
       1
       4
       8
       4
       3
       5
       3
       5
       7
       5
      11
       4
       2
      10
       8
       8
      11
       7
      11
      11
      17
       9
      11
      13
      14
      10
       9
       9
       9
      14
       5
      12
      18
      23
      17
      21
      21
      17
      23
      19
      24
      24
      18
      29
      39
      45
      32
      34
      36
      40
      37
      38
      44
      48
      51
      49
      56
      62
      69
      77
      71
      66
      71
      78
     100
     109
     103
      92
     100
     103
     102
     121
     120
     113
     117
     139
     143
     140
     149
     132
     156
     163
     163
     185
     149
     177
     195
     193
     179
     191
     250
     214
     232
     246
     245
     255
     234
     252
     277
     269
     285
     293
     288
     290
     302
     292
     299
     316
     331
     332
     323
     315
     338
     345
     356
     385
     381
     368
     408
     410
     429
     357
     402
     436
     415
     384
     437
     386
     406
     431
     422
     404
     370
     409
     416
     442
     471
     440
     437
     470
     455
     455
     413
     427
     493
     422
     433
     453
     482
     451
     446
     477
     452
     460
     431
     454
     439
     405
     426
     403
     406
     423
     418
     425
     371
     405
     403
     385
     360
     360
     330
     420
     370
     321
     341
     344
     316
     334
     317
     313
     297
     317
     286
     302
     271
     286
     295
     289
     277
     215
     261
     217
     222
     236
     219
     225
     202
     196
     187
     185
     220
     183
     192
     163
     158
     147
     160
     148
     135
     128
     140
     121
     118
     118
     119
     134
      92
      89
      98
     105
      80
      93
      72
      65
      62
      70
      63
      69
      72
      75
      59
      58
      48
      46
      36
      40
      30
      30
      31
      33
      22
      38
      32
      24
      18
      21
      26
      36
      19
       8
      18
      19
      19
      16
      12
      17
       8
      18
       7
       6
      11
       8
       9
       7
       7
      12
       6
      12
       5
       6
       7
       2
       4
       3
       2
       5
       7
       6
       5
       3
       2
       5
       2
       1
       5
       2
       2
       0
       2
       2
       2
       1
       1
       0
       5
       2
       2
       0
       1
       2
       1
       1
       1
       2
       0
       2
       1
       1
       0
       0
       0
       1
       2
       1
       0
       3
       2
       0
       2
       1
       0
       0
       3
       3
       1
       1
       3
       0
       1
       0
       1
       1
       0
       1
       1
       1
       1
       0
       2
       0
       1
       0
       0
       2
       1
       1
       0
       0
       0
       0
       2
       0
       0
       0
       3
       1
       1
       0
       1
       4
       0
       0
       0
       0
       2
       1
       2
       0
       0
       1
       1
       1
       1
       0
       0
       0
       0
       1
       1
       1
       3
       1
       1
       0
       1
       1
       0
       2
       1
       0
       2
       1
       0
       0
       2
       0
       0
       1
       0
       0
       3
       1
       1
       1
       0
       1
       0
       0
       0
       1
       0
       1
       2
       0
       4
       1
       0
       0
       0
       1
       0
       0
       0
       1
       2
       0
       1
       0
       0
       1
       1
       0
       0
       0
       1
       1
       1
       0
       0
       0
       1
       1
       1
       0
       1
       0
       1
       0
       1
       0
       1
       1
       0
       1
       0
       0
       1
       1
       0
       0
       2
       1
       3
       1
       0
       1
       0
       0
       1
       0
       2
       1
       0
       0
       0
       0
       3
       3
       1
       2
       1
       3
       0
       0
       1
       0
       2
       1
       2
       1
       1
       1
       2
       0
       0
       0
       0
       0
       0
       1
       2
       1
       0
       0
       1
       1
       0
       0
       0
       0
       0
       1
       1
       2
       0
       3
       1
       2
       0
       2
       5
       0
       2
       0
       0
       1
       0
       2
       4
       0
       0
       1
       0
       1
       0
       0
       0
       0
       3
       2
       1
       0
       0
       0
       2
       3
       0
       0
       1
       2
       1
       1
       0
       1
       0
       1
       3
       0
       3
       0
       1
       1
       0
       0
       4
       0
       0
       0
       0
       1
       0
       1
       1
       2
       1
       1
       1
       0
       0
       0
       0
       0
       2
       1
       1
       1
       0
       0
       1
       1
       0
       1
       0
       1
       1
       1
       0
       0
       2
       1
       0
       0
       1
       1
       0
       0
       4
       1
       0
       0
       1
       0
       2
       0
       0
       0
       0
       3
       2
       1
       1
       0
       1
       1
       0
       1
       2
       0
       1
       1
       1
       1
       1
       0
       0
       0
       0
       1
       0
       0
       0
       1
       2
       0
       0
       1
       0
       0
       1
       0
       1
       2
       0
       2
       0
       0
       1
       3
       0
       0
       0
       1
       3
       3
       0
       0
       1
       0
       2
       0
       1
       1
       0
       0
       0
       0
       1
       1
       0
       0
       2
       0
       1
       0
       0
       0
       0
       1
       2
       1
       0
       0
       1
       1
       1
       2
       0
       1
       0
       0
       1
       0
       2
       0
       1
       0
       0
       0
       1
       0
       1
       1
       0
       1
       0
       0
       0
       2
       1
       1
       1
       2
       0
       1
       0
       1
       0
       1
       0
       0
       0
       0
       0
       0
       0
       2
       0
       0
       0
       0
       0
       0
       0
       0
       0
       0
       0
       0
       0
       1
$ROI:
2
258 327
1318 1545
$PRESETS:
Live Time
1200
0
$ENER_FIT:
-37.406231 1.986979
$MCA_CAL:
3
-3.740623E+001 1.986979E+000 0.000000E+000 keV
$SHAPE_CAL:
3
0.000000E+000 0.000000E+000 0.000000E+000
