$SPEC_ID:
This is sample 099.
$SPEC_REM:
DET# 1
DETDESC# DIP1456 PCI-Trump SN 253
AP# Maestro Version 7.01
$DATE_MEA:
01/19/2025 06:49:38
$MEAS_TIM:
1200 1232
$DATA:
0 2047
       0
       0
       0
       0
       0
       0
       0
       0
       0
       0
       0
       0
       0
       0
       0
       0
       0
       0
       0
       0
       0
       0
       0
       0
       0
       0
       0
       0
       0
       0
       0
       0
       0
       0
       0
       0
       0
       0
       0
       0
       0
       0
       0
       0
       0
       0
       0
       0
       0
       0
       0
       0
       1
       0
      22
      28
      25
      26
      18
      20
      41
      25
      30
      20
      36
      29
      31
      25
      23
      36
      28
      33
      31
      25
      21
      36
      23
      26
      29
      29
      35
      23
      17
      30
      22
      27
      30
      17
      27
      29
      28
      32
      31
      27
      26
      30
      21
      37
      23
      25
      28
      35
      34
      40
      30
      24
      25
      31
      30
      36
      36
      37
      29
      27
      30
      27
      22
      21
      27
      27
      25
      32
      29
      14
      34
      31
      34
      38
      37
      38
      31
      26
      37
      33
      29
      25
      33
      26
      34
      31
      29
      25
      35
      25
      31
      38
      30
      21
      28
      33
      31
      30
      31
      18
      34
      31
      30
      27
      31
      33
      31
      23
      31
      29
      25
      33
      35
      33
      31
      28
      24
      29
      25
      39
      42
      27
      26
      27
      32
      31
      37
      26
      27
      32
      40
      33
      26
      24
      26
      26
      33
      34
      25
      33
      28
      28
      28
      27
      30
      26
      28
      29
      18
      21
      28
      28
      24
      18
      32
      28
      38
      31
      43
      35
      29
      38
      43
      31
      26
      20
      35
      32
      28
      26
      36
      35
      39
      27
      27
      34
      22
      28
      30
      28
      30
      33
      32
      30
      35
      36
      37
      36
      43
      22
      25
      31
      32
      34
      29
      43
      33
      28
      32
      28
      29
      31
      28
      40
      33
      36
      26
      26
      34
      24
      35
      29
      29
      36
      32
      43
      23
      39
      25
      34
      28
      40
      34
      31
      32
      22
      33
      27
      33
      29
      29
      31
      36
      21
      25
      36
      40
      39
      23
      24
      25
      34
      31
      39
      38
      32
      38
      41
      39
      35
      24
      32
      32
      28
      37
      34
      36
      38
      22
      21
      31
      41
      35
      27
      29
      30
      33
      27
      30
      24
      28
      29
      37
      28
      35
      26
      34
      27
      34
      34
      30
      41
      30
      25
      28
      36
      28
      29
      35
      36
      35
      30
      32
      33
      35
      36
      39
      29
      34
      38
      37
      39
      28
      31
      25
      29
      35
      30
      43
      32
      30
      38
      23
      32
      26
      35
      29
      37
      35
      37
      41
      35
      30
      27
      37
      28
      29
      20
      32
      28
      23
      20
      32
      41
      30
      36
      31
      33
      34
      29
      38
      38
      27
      33
      42
      46
      25
      29
      40
      35
      39
      20
      48
      36
      39
      38
      19
      34
      31
      34
      31
      41
      26
      31
      31
      32
      42
      27
      36
      35
      30
      33
      31
      41
      38
      30
      33
      25
      52
      25
      34
      42
      36
      28
      30
      36
      28
      27
      32
      40
      28
      36
      31
      46
      35
      23
      21
      31
      26
      27
      27
      21
      30
      33
      43
      34
      34
      28
      35
      29
      41
      28
      33
      48
      29
      44
      29
      38
      24
      37
      30
      24
      44
      34
      26
      29
      31
      31
      33
      31
      30
      44
      50
      32
      48
      30
      28
      38
      35
      34
      31
      34
      40
      34
      23
      30
      42
      35
      27
      34
      28
      39
      35
      38
      30
      30
      33
      38
      36
      36
      36
      33
      34
      37
      35
      43
      42
      28
      28
      36
      32
      36
      39
      30
      31
      34
      31
      37
      25
      38
      39
      34
      36
      46
      26
      37
      37
      46
      45
      36
      40
      33
      37
      39
      30
      42
      32
      35
      34
      31
      38
      38
      27
      38
      44
      37
      31
      35
      44
      29
      35
      28
      30
      38
      18
      43
      35
      31
      34
      43
      38
      28
      39
      30
      21
      37
      20
      37
      31
      29
      28
      36
      35
      33
      28
      33
      33
      30
      25
      25
      28
      33
      27
      28
      37
      35
      27
      31
      49
      26
      28
      38
      34
      36
      44
      30
      35
      40
      26
      38
      26
      31
      27
      31
      32
      25
      40
      26
      40
      28
      31
      35
      41
      34
      26
      30
      30
      28
      26
      32
      37
      35
      57
      34
      36
      40
      23
      36
      21
      31
      40
      27
      27
      29
      28
      33
      33
      40
      31
      31
      33
      25
      41
      23
      27
      33
      25
      44
      30
      33
      32
      25
      40
      36
      33
      26
      24
      30
      34
      33
      28
      22
      22
      32
      29
      29
      38
      38
      29
      32
      28
      28
      29
      33
      35
      31
      28
      32
      24
      32
      31
      21
      35
      30
      36
      27
      27
      32
      21
      27
      26
      27
      27
      25
      32
      27
      32
      38
      35
      35
      27
      38
      36
      33
      37
      37
      41
      23
      32
      26
      25
      28
      35
      35
      35
      24
      37
      21
      28
      30
      29
      26
      31
      26
      29
      40
      28
      33
      26
      43
      31
      26
      37
      30
      26
      36
      24
      33
      32
      31
      38
      35
      38
      24
      40
      35
      26
      30
      28
      34
      38
      26
      35
      32
      27
      36
      33
      30
      20
      37
      39
      33
      34
      35
      39
      33
      30
      37
      29
      33
      44
      40
      34
      24
      40
      38
      39
      32
      24
      33
      36
      28
      50
      29
      35
      38
      28
      29
      29
      39
      41
      34
      46
      35
      23
      33
      39
      33
      30
      42
      27
      40
      38
      34
      28
      30
      34
      27
      25
      31
      38
      43
      39
      26
      34
      37
      44
      27
      28
      35
      29
      34
      36
      28
      29
      45
      28
      43
      34
      33
      31
      34
      47
      32
      25
      29
      49
      38
      32
      35
      39
      38
      45
      31
      36
      36
      45
      26
      28
      29
      36
      35
      37
      51
      41
      39
      29
      32
      38
      40
      36
      29
      31
      46
      32
      38
      33
      32
      44
      32
      32
      36
      27
      29
      29
      46
      35
      37
      45
      34
      31
      29
      38
      22
      28
      36
      36
      36
      29
      38
      32
      40
      31
      42
      41
      21
      19
      45
      29
      22
      33
      23
      31
      23
      28
      21
      38
      27
      29
      27
      36
      34
      34
      31
      16
      14
      36
      26
      20
      25
      22
      23
      23
      26
      32
      20
      21
      15
      19
      20
      28
      23
      20
      15
      24
      24
      19
      23
      11
      16
      17
      20
      10
      21
      13
      13
      17
      21
      15
      13
      22
      17
      15
      13
      12
      15
      11
      12
      18
      17
       9
      18
      12
      22
      14
      15
      16
      12
      11
       9
      11
       7
       9
       7
      14
      12
      14
       8
       4
      11
      12
       6
      13
       7
       5
       9
       6
      13
      12
       7
       6
       7
      10
      13
       9
       6
       6
       9
       3
       7
       5
       6
       7
       5
      11
       5
       7
       7
       7
      10
       7
       3
       4
       5
       6
       7
       6
       7
       8
       6
       8
       4
       4
       5
       8
       6
       8
       6
       4
       3
       5
       5
       7
       6
       4
       5
       7
       5
       5
       8
       6
       7
       9
       9
       4
       7
       6
       5
       4
       5
       7
       1
       5
       6
       2
       4
       3
       3
       3
       5
       1
       0
       3
       5
       5
       2
       4
       7
       1
       3
       2
       4
       5
       1
       4
       6
       3
       3
       3
       1
       5
       2
       3
       4
       4
       6
       2
       3
       1
       5
       2
       4
       3
       4
       6
       2
       0
       3
       4
       4
       2
       2
       3
       5
       0
       4
       3
       1
       3
       3
       1
       3
       6
       6
       3
       5
       4
       4
       2
       3
       2
       1
       3
       1
       0
       2
       2
       5
       1
       1
       3
       4
       4
       2
       3
       1
       6
       1
       4
       2
       3
       2
       6
       0
       0
       2
       6
       2
       2
       3
       1
       5
       1
       4
       3
       2
       4
       1
       1
       5
       6
       4
       3
       4
       2
       1
       6
       2
       3
       3
       2
       2
       3
       2
       1
       3
       6
       0
       3
       1
       2
       0
       2
       2
       3
       0
       4
       2
       5
       5
       1
       0
       6
       5
       3
       2
       3
       0
       3
       2
       3
       1
       0
       1
       4
       2
       1
       5
       2
       5
       4
       0
       4
       2
       2
       1
       4
       1
       4
       1
       4
       1
       3
       3
       0
       2
       5
       0
       0
       3
       3
       6
       1
       1
       2
       2
       6
       1
       1
       3
       3
       2
       2
       1
       1
       2
       1
       4
       3
       2
       2
       3
       2
       3
       1
       2
       0
       2
       2
       1
       4
       4
       4
       2
       3
       2
       5
       2
       2
       3
       5
       5
       5
       3
       0
       4
       5
       1
       1
       3
       5
       5
       2
       5
       5
       2
       3
       2
       4
       2
       6
       3
       5
       2
       1
       5
       7
       5
       3
       5
       7
      10
       3
      13
      12
       6
      13
       6
      10
      16
      18
      11
      16
      15
      12
      13
       9
      19
      14
      23
      26
      18
      18
      25
      36
      23
      34
      21
      32
      31
      37
      41
      38
      41
      52
      46
      38
      55
      53
      62
      60
      69
      60
      72
      65
      82
      84
      86
     107
      87
      88
     100
     108
     119
     111
     114
     116
     128
     129
     135
     144
     138
     142
     142
     158
     165
     172
     179
     179
     181
     209
     183
     224
     217
     189
     233
     240
     224
     228
     272
     260
     254
     257
     272
     247
     246
     281
     289
     305
     304
     277
     327
     320
     331
     311
     336
     368
     350
     314
     364
     349
     352
     373
     372
     401
     372
     358
     397
     399
     414
     423
     415
     399
     418
     419
     439
     421
     453
     459
     450
     451
     458
     433
     456
     448
     443
     429
     426
     424
     414
     434
     397
     400
     439
     451
     408
     396
     397
     432
     431
     426
     394
     430
     423
     413
     380
     397
     382
     417
     382
     384
     348
     349
     359
     381
     360
     351
     354
     327
     328
     304
     321
     289
     334
     293
     331
     302
     268
     276
     297
     267
     231
     275
     287
     244
     222
     213
     215
     221
     227
     196
     224
     180
     168
     169
     175
     162
     145
     137
     158
     123
     151
     122
     133
     114
     131
     109
      91
     111
      90
      92
      78
      71
      77
      87
      84
      76
      75
      87
      72
      60
      65
      64
      61
      58
      52
      49
      62
      58
      32
      33
      47
      40
      32
      34
      27
      27
      28
      32
      18
      18
      22
      22
      17
      11
      19
      16
      10
      11
      12
      13
      11
      16
      11
      17
      10
      11
       2
      10
       8
       5
       7
       5
       2
       2
       4
       4
       5
       5
       1
       5
       4
       2
       3
       6
       5
       3
       2
       1
       1
       3
       1
       3
       1
       2
       3
       0
       0
       0
       3
       2
       0
       0
       3
       2
       2
       1
       1
       2
       2
       0
       1
       1
       1
       0
       2
       0
       1
       0
       2
       0
       1
       1
       0
       2
       1
       1
       1
       2
       1
       1
       3
       3
       2
       1
       1
       2
       1
       1
       0
       0
       1
       1
       0
       2
       1
       1
       0
       0
       1
       1
       2
       1
       0
       1
       1
       2
       0
       1
       0
       1
       0
       0
       1
       0
       1
       0
       0
       1
       1
       2
       1
       2
       0
       0
       0
       0
       0
       0
       1
       1
       1
       0
       1
       2
       2
       1
       3
       2
       1
       1
       1
       1
       0
       0
       2
       1
       1
       1
       3
       0
       1
       0
       1
       1
       1
       1
       0
       0
       1
       2
       1
       0
       2
       0
       2
       1
       2
       1
       1
       2
       0
       0
       2
       1
       0
       1
       2
       1
       0
       0
       1
       0
       2
       0
       1
       0
       0
       2
       1
       0
       0
       2
       1
       1
       1
       2
       2
       1
       0
       1
       0
       1
       2
       1
       0
       0
       2
       0
       1
       2
       0
       1
       0
       1
       0
       1
       1
       0
       1
       2
       1
       2
       3
       0
       2
       0
       2
       2
       2
       0
       1
       0
       1
       0
       0
       2
       1
       1
       1
       0
       0
       2
       0
       1
       1
       1
       0
       1
       2
       1
       1
       0
       1
       1
       1
       0
       0
       0
       0
       2
       0
       0
       1
       0
       0
       1
       1
       0
       2
       1
       1
       0
       0
       1
       0
       1
       1
       1
       0
       0
       0
       0
       2
       0
       0
       0
       2
       0
       0
       2
       0
       1
       1
       2
       0
       0
       1
       0
       2
       0
       1
       2
       1
       2
       1
       0
       1
       1
       0
       0
       0
       0
       0
       0
       1
       3
       0
       1
       1
       1
       2
       0
       0
       0
       0
       0
       1
       0
       0
       0
       0
       0
       3
       0
       3
       0
       0
       0
       0
       0
       0
       1
       2
       0
       1
       0
       0
       0
       0
       1
       3
       0
       0
       0
       1
       1
       0
       1
       0
       0
       1
       0
       1
       0
       0
       0
       1
       0
       1
       1
       1
       4
       1
       0
       0
       0
       1
       0
       1
       0
       0
       0
       0
       0
       0
       0
       0
       0
       0
       1
       1
       1
       1
       0
       0
       1
       1
       0
       0
       0
       0
       2
       2
       0
       2
       1
       0
       0
       2
       1
       1
       2
       0
       0
       1
       0
       1
       2
       1
       0
       3
       0
       1
       0
       1
       1
       0
       1
       1
       0
       0
       0
       0
       1
       0
       1
       0
       0
       1
       0
       0
       3
       1
       1
       1
       1
       3
       0
       1
       1
       2
       1
       1
       0
       0
       0
       0
       1
       0
       2
       2
       0
       1
       0
       3
       1
       1
       0
       2
       1
       1
       1
       1
       0
       1
       1
       1
       1
       1
       0
       3
       0
       0
       0
       0
       0
       0
       0
       0
       0
       0
       1
       0
       1
       0
       0
       0
       0
       0
       0
       0
       0
       0
$ROI:
2
258 327
1318 1545
$PRESETS:
Live Time
1200
0
$ENER_FIT:
-37.406231 1.986979
$MCA_CAL:
3
-3.740623E+001 1.986979E+000 0.000000E+000 keV
$SHAPE_CAL:
3
0.000000E+000 0.000000E+000 0.000000E+000
