$SPEC_ID:
This is sample 120.
$SPEC_REM:
DET# 1
DETDESC# DIP1456 PCI-Trump SN 253
AP# Maestro Version 7.01
$DATE_MEA:
01/19/2025 14:35:52
$MEAS_TIM:
1200 1231
$DATA:
0 2047
       0
       0
       0
       0
       0
       0
       0
       0
       0
       0
       0
       0
       0
       0
       0
       0
       0
       0
       0
       0
       0
       0
       0
       0
       0
       0
       0
       0
       0
       0
       0
       0
       0
       0
       0
       0
       0
       0
       0
       0
       0
       0
       0
       0
       0
       0
       0
       0
       0
       0
       0
       0
       0
       0
      22
      20
      21
      27
      27
      25
      28
      28
      26
      35
      33
      29
      28
      29
      26
      24
      31
      29
      24
      25
      26
      38
      26
      23
      34
      30
      23
      22
      26
      22
      20
      32
      26
      20
      18
      27
      29
      24
      31
      27
      33
      33
      22
      22
      28
      39
      38
      35
      33
      25
      27
      26
      28
      27
      38
      27
      30
      36
      30
      19
      32
      19
      28
      31
      27
      33
      33
      20
      24
      37
      31
      24
      20
      38
      21
      24
      32
      40
      36
      33
      40
      30
      28
      33
      45
      31
      30
      28
      29
      37
      28
      39
      26
      36
      35
      39
      25
      23
      27
      33
      38
      22
      34
      28
      31
      39
      25
      20
      26
      29
      32
      30
      35
      32
      25
      35
      32
      34
      33
      31
      25
      35
      26
      31
      26
      34
      28
      30
      35
      24
      31
      33
      25
      35
      29
      32
      31
      33
      37
      33
      24
      38
      33
      35
      38
      34
      34
      27
      34
      29
      27
      34
      36
      28
      38
      34
      33
      32
      26
      25
      35
      25
      32
      32
      37
      30
      35
      32
      32
      28
      40
      23
      29
      25
      25
      37
      28
      20
      21
      35
      31
      31
      24
      44
      26
      37
      36
      25
      15
      38
      28
      30
      37
      35
      30
      23
      25
      30
      27
      35
      28
      46
      29
      25
      27
      24
      40
      32
      29
      37
      34
      35
      25
      28
      23
      36
      31
      41
      33
      29
      35
      34
      39
      33
      35
      42
      34
      37
      22
      30
      25
      26
      26
      32
      22
      38
      33
      29
      31
      32
      21
      36
      30
      33
      27
      43
      32
      23
      38
      32
      42
      35
      32
      36
      32
      29
      34
      30
      35
      29
      34
      34
      24
      31
      26
      37
      34
      30
      32
      32
      39
      35
      41
      29
      36
      35
      36
      36
      26
      32
      29
      33
      32
      33
      19
      36
      26
      43
      32
      33
      33
      34
      30
      32
      28
      33
      37
      42
      30
      34
      34
      33
      34
      20
      26
      25
      33
      24
      35
      43
      34
      33
      35
      28
      48
      35
      35
      24
      26
      33
      34
      30
      39
      35
      31
      43
      31
      28
      24
      26
      26
      38
      31
      34
      27
      35
      31
      35
      30
      29
      34
      31
      30
      40
      19
      34
      37
      27
      34
      32
      26
      39
      39
      41
      31
      22
      35
      36
      37
      32
      24
      31
      30
      35
      38
      35
      34
      38
      37
      31
      34
      34
      31
      48
      36
      29
      41
      32
      35
      37
      32
      31
      38
      33
      43
      32
      40
      33
      32
      28
      29
      34
      30
      34
      31
      49
      34
      39
      34
      34
      28
      44
      41
      40
      32
      27
      37
      31
      36
      40
      34
      35
      33
      40
      36
      39
      29
      45
      34
      22
      39
      27
      33
      38
      32
      35
      34
      37
      24
      32
      40
      31
      21
      33
      32
      36
      34
      34
      36
      41
      31
      32
      31
      33
      34
      32
      33
      29
      24
      42
      38
      34
      32
      39
      30
      26
      32
      33
      35
      35
      37
      46
      33
      41
      30
      30
      38
      36
      28
      34
      36
      34
      38
      37
      33
      40
      39
      38
      37
      37
      43
      36
      40
      32
      35
      41
      33
      46
      37
      42
      27
      34
      35
      30
      31
      35
      35
      37
      42
      34
      36
      38
      36
      36
      36
      44
      28
      33
      31
      32
      35
      34
      33
      24
      29
      36
      35
      28
      29
      31
      39
      44
      39
      38
      33
      32
      41
      30
      26
      42
      31
      34
      30
      45
      43
      34
      40
      32
      30
      34
      24
      29
      32
      40
      30
      25
      29
      36
      32
      32
      19
      34
      33
      28
      39
      32
      37
      24
      22
      32
      26
      50
      26
      32
      27
      24
      30
      34
      26
      35
      26
      35
      37
      25
      30
      28
      44
      31
      30
      39
      24
      38
      25
      29
      34
      32
      32
      33
      31
      37
      23
      28
      33
      28
      40
      42
      29
      29
      30
      36
      35
      36
      33
      31
      29
      28
      38
      27
      41
      36
      32
      38
      32
      31
      34
      24
      33
      31
      33
      29
      25
      36
      27
      31
      33
      27
      35
      31
      35
      23
      33
      29
      31
      35
      28
      34
      33
      33
      27
      41
      31
      29
      26
      39
      32
      30
      27
      34
      32
      32
      27
      39
      31
      36
      33
      30
      30
      25
      31
      31
      28
      27
      34
      27
      26
      27
      42
      23
      37
      26
      40
      43
      34
      28
      28
      32
      30
      37
      31
      33
      34
      37
      43
      31
      28
      41
      33
      37
      25
      33
      31
      28
      30
      35
      29
      19
      30
      30
      26
      27
      22
      31
      28
      34
      26
      31
      30
      33
      30
      32
      38
      42
      33
      32
      32
      45
      45
      28
      30
      32
      31
      28
      31
      39
      32
      36
      41
      34
      31
      37
      31
      27
      34
      40
      30
      29
      34
      31
      48
      33
      23
      31
      38
      38
      35
      25
      29
      33
      37
      42
      34
      34
      31
      30
      31
      35
      36
      39
      36
      35
      37
      40
      45
      33
      32
      23
      40
      28
      33
      43
      41
      24
      24
      43
      41
      43
      38
      18
      41
      33
      33
      40
      39
      28
      29
      33
      40
      37
      34
      34
      22
      41
      40
      47
      43
      26
      41
      41
      42
      36
      33
      43
      59
      32
      31
      30
      36
      44
      40
      39
      42
      36
      42
      33
      26
      43
      51
      37
      39
      39
      38
      36
      43
      31
      30
      41
      29
      32
      38
      40
      27
      25
      42
      30
      27
      31
      46
      29
      39
      49
      32
      31
      39
      40
      41
      38
      35
      40
      43
      29
      37
      35
      27
      42
      32
      32
      35
      26
      33
      40
      29
      30
      22
      26
      28
      28
      29
      31
      34
      25
      28
      16
      24
      23
      23
      29
      28
      26
      30
      21
      23
      20
      18
      21
      22
      22
      27
      19
      21
      27
      16
      19
      19
      16
      20
      16
      21
      15
      17
      16
      14
      15
      12
      16
      14
       9
       7
      17
      12
      15
      13
      15
      12
      14
       7
       8
      11
      10
      11
       7
      11
       7
      11
      18
      13
      12
      14
      16
       9
      11
       5
      11
      11
       7
       5
      10
       9
       7
      11
      11
       8
      10
      13
       6
      13
       9
       6
       8
       6
       4
       8
      10
       6
       7
       6
       6
       6
       9
       6
       4
      13
      13
       6
      14
       9
       7
       8
       8
       5
       7
       9
       8
       8
      13
      11
      10
       9
      13
       7
       3
       4
       4
      11
       8
       8
       6
       7
       4
       6
       3
       6
      11
       4
       7
       6
       4
       4
       4
       5
       3
       8
       8
       7
       3
       7
       4
       4
       6
       2
       4
       4
       2
       8
       6
       3
       4
       3
       3
       8
       6
       1
       4
       3
       4
       8
       1
       4
       3
       1
       2
       3
       6
       7
       5
       4
       1
       3
       3
       4
       6
       3
       2
       2
       3
       3
       2
       2
       1
       2
       7
       5
       4
       3
       2
       0
       0
       2
       4
       5
       2
       5
       1
       3
       4
       2
       2
       1
       2
       8
       3
       4
       2
       4
       3
       4
       4
       1
       5
       4
       5
       2
       2
       4
       3
       6
       3
       7
       5
       1
       1
       6
       2
       4
       1
       4
       4
       4
       3
       3
       1
       0
       2
       2
       1
       0
       1
       4
       3
       2
       1
       6
       6
       3
       2
       3
       1
       0
       3
       6
       5
       3
       3
       2
       5
       5
       0
       1
       3
       9
       2
       1
       0
       4
       3
       0
       2
       3
       1
       4
       5
       2
       2
       3
       2
       4
       7
       4
       3
       3
       4
       5
       2
       1
       2
       1
       1
       1
       6
       4
       2
       2
       1
       1
       1
       2
       3
       2
       1
       2
       0
       2
       3
       1
       3
       1
       2
       2
       2
       1
       2
       3
       3
       0
       2
       3
       3
       6
       1
       0
       0
       7
       3
       2
       3
       2
       8
       3
       1
       2
       4
       2
       2
       2
       3
       2
       1
       5
       0
       2
       1
       3
       4
       2
       4
       2
       2
       0
       4
       2
       3
       4
       1
       8
       1
       1
       2
       4
       4
       1
       5
       3
       2
       3
       2
       2
       5
       3
       2
       4
       2
       7
       3
       5
       4
       6
       4
       4
       2
       8
       8
       5
       3
       7
       5
       9
      10
       6
       8
       5
       5
      12
       7
       7
       9
      15
      13
      13
      23
      10
      15
      14
      21
      12
      23
      28
      33
      21
      28
      32
      31
      23
      30
      42
      44
      49
      38
      28
      51
      46
      52
      45
      50
      67
      59
      68
      67
      66
      65
      71
      75
      83
      89
      86
      82
      88
     108
     100
     108
     104
     118
     132
     127
     145
     138
     154
     126
     153
     159
     156
     144
     167
     178
     178
     192
     185
     172
     201
     206
     208
     249
     191
     228
     245
     237
     223
     276
     269
     272
     274
     267
     306
     278
     292
     284
     333
     276
     315
     319
     331
     350
     326
     365
     327
     375
     350
     390
     343
     401
     393
     383
     397
     421
     413
     388
     429
     426
     420
     417
     438
     422
     403
     423
     441
     443
     430
     478
     447
     441
     430
     394
     433
     450
     409
     427
     457
     419
     456
     434
     470
     427
     443
     431
     431
     433
     470
     415
     405
     422
     408
     389
     421
     422
     386
     358
     368
     377
     357
     360
     361
     339
     333
     367
     340
     327
     319
     342
     315
     315
     301
     282
     262
     311
     286
     284
     270
     241
     271
     247
     247
     219
     253
     232
     222
     219
     213
     180
     187
     193
     158
     188
     184
     161
     164
     156
     136
     136
     123
     130
     147
     115
     120
     117
     103
     131
     113
     110
      89
      92
      78
      77
      69
      75
      52
      68
      67
      61
      59
      57
      52
      34
      49
      44
      49
      39
      38
      42
      28
      27
      23
      27
      27
      16
      25
      22
      21
      23
      18
      14
      16
      14
      16
      12
       6
      11
      14
      10
      14
       8
       1
       7
       7
       5
       9
       9
       4
       4
       1
       2
       5
       8
       4
       5
       4
       4
       2
       2
       3
       2
       4
       2
       5
       3
       5
       2
       2
       1
       1
       0
       3
       3
       3
       0
       1
       2
       2
       0
       2
       2
       1
       1
       1
       1
       1
       0
       2
       0
       0
       1
       1
       2
       2
       0
       1
       1
       3
       2
       1
       0
       0
       0
       0
       1
       2
       0
       4
       0
       2
       3
       0
       0
       0
       1
       0
       2
       1
       1
       0
       0
       1
       0
       2
       0
       1
       0
       1
       0
       0
       0
       2
       0
       2
       0
       3
       2
       0
       1
       3
       0
       0
       0
       0
       2
       0
       1
       2
       1
       3
       3
       1
       2
       1
       0
       0
       1
       2
       0
       0
       1
       0
       0
       0
       1
       1
       0
       1
       0
       0
       1
       1
       0
       0
       1
       0
       1
       3
       0
       1
       2
       1
       1
       0
       0
       0
       2
       1
       1
       1
       0
       2
       0
       1
       0
       0
       3
       0
       1
       0
       1
       1
       0
       1
       1
       1
       3
       2
       0
       2
       2
       1
       0
       3
       0
       0
       1
       3
       2
       2
       0
       0
       0
       0
       0
       0
       1
       1
       1
       1
       1
       1
       0
       2
       1
       0
       1
       0
       1
       1
       0
       1
       0
       0
       0
       0
       2
       1
       0
       2
       0
       1
       1
       0
       2
       0
       1
       0
       1
       1
       2
       2
       1
       1
       0
       1
       1
       1
       1
       2
       0
       0
       0
       0
       2
       0
       2
       0
       1
       0
       0
       1
       2
       0
       1
       2
       0
       1
       1
       0
       0
       0
       1
       1
       1
       0
       3
       0
       0
       1
       1
       2
       2
       1
       0
       1
       1
       2
       1
       1
       1
       1
       1
       1
       3
       0
       1
       0
       2
       1
       1
       0
       1
       3
       1
       0
       2
       1
       0
       1
       0
       2
       0
       0
       0
       0
       2
       2
       1
       0
       1
       1
       0
       0
       1
       1
       2
       1
       2
       1
       1
       0
       0
       0
       0
       2
       2
       2
       2
       0
       1
       0
       0
       1
       0
       1
       0
       1
       1
       0
       4
       1
       3
       0
       0
       1
       1
       0
       1
       1
       0
       0
       1
       0
       1
       0
       0
       1
       0
       0
       0
       0
       1
       1
       0
       1
       0
       2
       2
       2
       0
       0
       0
       0
       0
       0
       1
       2
       0
       0
       1
       0
       0
       0
       0
       2
       0
       1
       0
       0
       1
       0
       0
       0
       1
       1
       1
       3
       2
       0
       0
       0
       1
       1
       1
       1
       0
       0
       1
       0
       0
       0
       2
       1
       0
       1
       1
       0
       0
       1
       0
       1
       0
       1
       3
       2
       0
       1
       1
       0
       0
       2
       1
       0
       0
       0
       2
       1
       0
       1
       1
       0
       1
       0
       3
       1
       1
       1
       1
       0
       1
       2
       1
       1
       0
       0
       0
       1
       0
       0
       0
       2
       1
       0
       2
       1
       0
       1
       1
       2
       2
       1
       0
       0
       0
       0
       0
       0
       0
       0
       0
       1
       2
       0
       0
       0
       0
       0
       0
       0
       0
       0
       0
       0
       0
       0
       0
       0
       0
       0
       0
       0
       0
       0
       0
       0
       0
$ROI:
2
258 327
1318 1545
$PRESETS:
Live Time
1200
0
$ENER_FIT:
-37.406231 1.986979
$MCA_CAL:
3
-3.740623E+001 1.986979E+000 0.000000E+000 keV
$SHAPE_CAL:
3
0.000000E+000 0.000000E+000 0.000000E+000
