$SPEC_ID:
This is sample 024.
$SPEC_REM:
DET# 1
DETDESC# DIP1456 PCI-Trump SN 253
AP# Maestro Version 7.01
$DATE_MEA:
01/18/2025 03:04:34
$MEAS_TIM:
1200 1232
$DATA:
0 2047
       0
       0
       0
       0
       0
       0
       0
       0
       0
       0
       0
       0
       0
       0
       0
       0
       0
       0
       0
       0
       0
       0
       0
       0
       0
       0
       0
       0
       0
       0
       0
       0
       0
       0
       0
       0
       0
       0
       0
       0
       0
       0
       0
       0
       0
       0
       0
       0
       0
       0
       0
       0
       0
       0
      32
      40
      25
      38
      26
      34
      32
      29
      22
      25
      26
      28
      33
      20
      23
      25
      30
      18
      26
      26
      25
      36
      23
      33
      28
      31
      29
      22
      27
      25
      28
      23
      26
      26
      32
      40
      27
      36
      31
      36
      31
      23
      27
      38
      33
      29
      33
      24
      31
      21
      27
      36
      29
      31
      35
      29
      27
      33
      27
      29
      21
      27
      34
      23
      25
      29
      33
      29
      43
      28
      26
      33
      39
      24
      35
      23
      28
      28
      32
      32
      35
      35
      28
      25
      32
      33
      35
      29
      26
      26
      31
      35
      38
      30
      29
      31
      26
      48
      33
      39
      30
      39
      25
      33
      28
      37
      35
      32
      33
      26
      29
      30
      34
      35
      37
      25
      26
      33
      29
      34
      37
      26
      31
      32
      29
      28
      33
      32
      29
      32
      29
      26
      28
      25
      30
      30
      27
      21
      38
      24
      33
      30
      33
      31
      36
      35
      36
      41
      19
      27
      29
      25
      27
      22
      23
      31
      19
      24
      36
      34
      35
      29
      26
      39
      34
      27
      29
      38
      29
      38
      33
      33
      27
      28
      24
      39
      26
      34
      31
      42
      39
      28
      36
      35
      30
      36
      30
      27
      32
      28
      34
      31
      34
      29
      27
      43
      31
      38
      39
      32
      33
      39
      39
      29
      34
      23
      24
      32
      28
      29
      22
      29
      30
      32
      36
      29
      40
      49
      33
      34
      39
      26
      33
      37
      30
      42
      29
      25
      37
      45
      44
      29
      35
      37
      29
      27
      43
      32
      42
      35
      32
      34
      36
      34
      38
      39
      31
      23
      31
      30
      30
      26
      37
      30
      46
      44
      33
      37
      31
      32
      22
      41
      38
      36
      33
      28
      39
      37
      32
      28
      28
      30
      29
      24
      41
      26
      46
      31
      22
      38
      42
      37
      42
      30
      29
      19
      35
      36
      36
      35
      36
      35
      47
      20
      29
      27
      26
      31
      24
      33
      32
      27
      42
      33
      31
      27
      22
      26
      34
      33
      38
      33
      36
      31
      31
      32
      27
      27
      30
      30
      32
      32
      37
      33
      33
      40
      34
      37
      34
      23
      36
      28
      33
      36
      24
      28
      39
      28
      30
      26
      25
      25
      31
      29
      29
      32
      33
      26
      35
      36
      31
      39
      32
      34
      46
      36
      28
      39
      33
      41
      43
      33
      37
      32
      24
      34
      31
      38
      40
      42
      38
      38
      37
      29
      38
      28
      30
      28
      41
      34
      31
      33
      49
      39
      27
      35
      31
      25
      26
      28
      35
      32
      31
      27
      25
      32
      21
      37
      33
      38
      33
      33
      35
      28
      38
      31
      30
      41
      29
      23
      44
      31
      24
      24
      33
      33
      38
      28
      36
      27
      32
      27
      36
      31
      22
      43
      34
      31
      30
      39
      31
      40
      27
      38
      24
      28
      29
      35
      28
      26
      41
      27
      33
      27
      28
      23
      25
      24
      32
      39
      38
      32
      30
      35
      33
      31
      46
      38
      32
      33
      39
      33
      43
      30
      33
      37
      34
      33
      40
      36
      26
      31
      56
      42
      40
      26
      36
      39
      30
      44
      33
      41
      21
      43
      30
      33
      32
      26
      36
      36
      35
      28
      37
      38
      38
      38
      34
      41
      29
      37
      38
      29
      37
      35
      33
      30
      41
      39
      29
      34
      43
      38
      44
      34
      35
      31
      46
      32
      27
      34
      35
      33
      32
      40
      37
      35
      26
      35
      36
      36
      33
      38
      27
      42
      36
      34
      33
      32
      31
      26
      35
      36
      29
      25
      30
      25
      37
      44
      27
      37
      44
      36
      40
      38
      35
      36
      37
      34
      33
      24
      31
      20
      30
      35
      33
      24
      27
      35
      33
      19
      33
      32
      39
      30
      39
      30
      39
      28
      34
      25
      39
      42
      33
      38
      35
      27
      41
      22
      32
      32
      40
      33
      32
      27
      28
      35
      28
      33
      40
      27
      37
      31
      33
      40
      29
      28
      32
      33
      29
      26
      27
      21
      23
      44
      26
      23
      39
      32
      35
      43
      28
      29
      25
      28
      34
      20
      28
      29
      20
      36
      22
      35
      24
      32
      29
      30
      29
      31
      29
      29
      34
      39
      33
      40
      33
      26
      34
      23
      32
      30
      42
      26
      29
      26
      40
      27
      37
      32
      31
      36
      39
      33
      22
      26
      20
      33
      38
      29
      27
      38
      22
      15
      29
      41
      30
      30
      31
      28
      30
      39
      43
      28
      39
      22
      23
      30
      26
      29
      31
      24
      28
      42
      31
      33
      27
      41
      33
      24
      32
      42
      27
      33
      35
      31
      40
      33
      33
      38
      34
      30
      27
      31
      34
      29
      29
      42
      17
      34
      27
      46
      32
      34
      33
      41
      25
      27
      24
      22
      33
      34
      31
      25
      50
      35
      33
      27
      31
      36
      31
      21
      32
      37
      36
      31
      29
      31
      37
      33
      34
      35
      34
      37
      37
      32
      30
      25
      35
      42
      25
      45
      35
      33
      34
      29
      41
      44
      34
      50
      40
      36
      29
      28
      33
      26
      45
      35
      40
      34
      35
      32
      38
      32
      23
      34
      34
      54
      45
      29
      34
      45
      38
      33
      34
      40
      28
      49
      39
      40
      42
      34
      38
      32
      32
      32
      45
      32
      49
      37
      34
      33
      35
      31
      35
      42
      36
      32
      42
      32
      25
      36
      39
      36
      48
      33
      40
      26
      45
      41
      34
      38
      33
      39
      28
      34
      35
      44
      31
      22
      34
      47
      49
      25
      30
      46
      37
      34
      41
      36
      37
      34
      21
      37
      30
      37
      38
      31
      33
      37
      36
      33
      19
      33
      27
      29
      34
      20
      29
      24
      25
      20
      37
      19
      27
      28
      31
      24
      20
      29
      26
      25
      18
      26
      25
      12
      18
      19
      19
      19
      27
      18
      22
      17
      26
      21
      20
      25
      14
      13
      17
      18
      22
      16
      22
      18
      15
      20
      16
      15
       6
      16
      21
      20
       9
      13
      12
      13
       8
      12
      14
       7
      10
      12
      10
      17
      16
      10
      20
       7
       9
      10
      11
       6
      13
      17
      13
       9
       9
       8
       9
      11
      13
       9
      12
      14
      10
       6
       9
       6
       4
      12
       2
      12
       5
       9
       8
       9
       7
       7
       5
      10
      11
       7
       3
       8
      10
       5
       9
       6
       7
       8
       5
       7
       7
       7
      10
       9
      10
       8
       8
       9
       9
       7
      12
       5
       8
       6
       6
       2
       4
       7
       6
       3
       5
       5
      10
      11
       5
       4
       5
       3
       6
       5
       3
       5
       1
       5
       9
       6
       7
       2
       2
       8
       4
       6
       0
       3
       6
       1
       1
       3
       6
       4
       9
       4
       4
       4
       6
       8
       2
       3
       1
       0
       3
       2
       1
       2
       7
       7
       2
       5
       5
       2
       8
       2
       4
       4
       4
       3
       5
       8
       1
       3
       4
       2
       4
       2
       3
       5
       0
       3
       3
       1
       1
       3
       1
       1
       3
       4
       2
       2
       3
       3
       4
       4
       5
       2
       4
       1
       5
       3
       5
       2
       2
       6
       5
       2
       5
       2
       4
       2
       3
       2
       3
       4
       5
       6
       2
       4
       2
       3
       5
       1
       2
       3
       0
       3
       3
       2
       1
       6
       4
       4
       2
       2
       2
       2
       4
       3
       2
       1
       1
       2
       5
       0
       1
       3
       1
       3
       4
       0
       3
       1
       4
       2
       3
       0
       2
       4
       5
       3
       2
       6
       3
       2
       1
       3
       6
       2
       4
       2
       2
       2
       2
       5
       4
       3
       3
       4
       1
       4
       2
       2
       2
       3
       1
       5
       2
       1
       3
       3
       3
       1
       2
       3
       4
       6
       1
       1
       4
       3
       2
       2
       2
       3
       2
       3
       4
       3
       0
       3
       4
       2
       5
       2
       3
       2
       2
       3
       1
       1
       2
       1
       1
       3
       3
       2
       0
       2
       2
       2
       2
       3
       2
       0
       3
       4
       5
       5
       3
       6
       1
       4
       6
       1
       0
       3
       3
       4
       4
       3
       2
       3
       5
       3
       3
       2
       4
       4
       1
       1
       4
       3
       5
       4
       3
       6
       5
       7
       1
       5
      10
       4
       9
       5
       5
       7
       6
       5
       7
       6
       6
       7
       8
      14
       8
      14
      11
      10
       6
      14
      14
       9
      13
      13
      11
      13
      10
      16
      16
      18
      24
      26
      21
      23
      27
      22
      31
      44
      31
      34
      36
      37
      43
      37
      40
      46
      48
      47
      52
      52
      46
      59
      65
      71
      60
      71
      69
      67
      77
      80
      85
      88
     110
     116
     112
      92
     112
     116
     115
     124
     124
     165
     120
     149
     114
     156
     151
     192
     177
     188
     186
     172
     208
     196
     207
     213
     193
     204
     251
     227
     200
     248
     243
     246
     258
     258
     281
     300
     315
     274
     300
     305
     323
     307
     322
     294
     347
     315
     309
     346
     359
     374
     371
     371
     404
     385
     355
     406
     408
     397
     387
     417
     412
     383
     430
     438
     439
     428
     410
     441
     451
     432
     424
     452
     428
     428
     443
     453
     464
     429
     425
     431
     440
     447
     464
     424
     461
     418
     418
     386
     424
     446
     451
     476
     445
     369
     415
     386
     442
     390
     397
     374
     356
     407
     361
     371
     365
     352
     352
     358
     319
     318
     326
     324
     311
     295
     313
     308
     300
     280
     264
     278
     278
     261
     249
     235
     249
     226
     223
     231
     207
     218
     217
     214
     210
     201
     194
     183
     174
     160
     156
     133
     143
     132
     145
     139
     105
     124
     106
      96
     101
      90
     109
     101
      99
      93
      90
      88
      72
      75
      91
      67
      62
      60
      52
      47
      57
      44
      53
      52
      36
      41
      36
      28
      36
      46
      26
      27
      24
      25
      24
      20
      23
      23
      17
      14
      16
      13
      18
      10
      19
      12
      16
      11
       8
      11
      14
      13
       6
       8
      10
       6
      13
       4
       6
       8
       4
       7
       6
       3
       1
       5
       4
       4
       3
       6
       2
       2
       1
       2
       2
       1
       1
       1
       2
       0
       0
       3
       4
       2
       0
       1
       1
       0
       2
       2
       1
       0
       1
       1
       1
       1
       1
       0
       3
       1
       3
       0
       0
       0
       1
       1
       0
       0
       4
       1
       1
       1
       1
       0
       0
       1
       0
       0
       1
       1
       1
       0
       2
       0
       1
       0
       1
       0
       0
       4
       0
       2
       1
       1
       2
       3
       0
       0
       0
       1
       1
       0
       1
       1
       0
       0
       0
       1
       0
       0
       0
       3
       0
       0
       1
       0
       1
       0
       1
       0
       0
       0
       3
       2
       1
       2
       1
       0
       1
       2
       1
       1
       1
       1
       1
       0
       0
       1
       0
       1
       0
       0
       1
       1
       1
       0
       1
       0
       0
       0
       1
       1
       0
       0
       2
       1
       1
       1
       0
       0
       1
       1
       1
       0
       0
       1
       0
       1
       2
       1
       0
       2
       1
       1
       0
       2
       1
       1
       1
       1
       1
       0
       1
       0
       0
       1
       0
       0
       1
       1
       0
       1
       0
       0
       0
       0
       1
       2
       1
       1
       2
       0
       0
       1
       1
       3
       1
       0
       0
       1
       0
       1
       1
       1
       0
       1
       0
       0
       2
       1
       1
       0
       0
       0
       0
       2
       3
       0
       1
       1
       0
       1
       1
       1
       0
       1
       1
       1
       1
       1
       0
       0
       1
       3
       1
       2
       0
       0
       2
       0
       0
       1
       0
       0
       1
       2
       0
       0
       1
       1
       0
       1
       1
       1
       2
       1
       1
       0
       0
       1
       2
       0
       0
       0
       3
       0
       0
       1
       0
       1
       0
       0
       1
       0
       0
       2
       0
       1
       1
       1
       0
       0
       2
       0
       0
       1
       0
       0
       0
       3
       1
       0
       1
       0
       0
       0
       1
       1
       2
       1
       0
       3
       0
       0
       1
       0
       1
       1
       0
       1
       1
       0
       0
       0
       0
       0
       0
       0
       0
       0
       0
       1
       0
       1
       0
       2
       0
       0
       3
       1
       0
       0
       1
       0
       0
       2
       1
       0
       2
       0
       1
       0
       0
       0
       1
       0
       0
       0
       0
       1
       0
       1
       0
       2
       0
       0
       2
       0
       0
       0
       0
       0
       0
       1
       0
       1
       1
       0
       0
       1
       0
       1
       0
       0
       0
       1
       0
       1
       0
       1
       1
       0
       1
       1
       1
       0
       0
       0
       1
       2
       0
       0
       1
       0
       1
       2
       3
       0
       0
       1
       0
       0
       0
       1
       0
       0
       0
       1
       0
       1
       0
       2
       2
       0
       3
       0
       1
       0
       0
       0
       1
       0
       2
       1
       1
       1
       0
       0
       1
       0
       1
       0
       1
       0
       1
       0
       1
       3
       1
       0
       0
       0
       0
       1
       0
       1
       1
       0
       1
       0
       1
       2
       1
       2
       0
       1
       0
       0
       1
       0
       2
       1
       0
       1
       0
       0
       1
       0
       0
       0
       0
       0
       0
       0
       0
       0
       0
       0
       0
       0
       0
       0
       0
       0
       0
       0
       0
       0
$ROI:
2
258 327
1318 1545
$PRESETS:
Live Time
1200
0
$ENER_FIT:
-37.406231 1.986979
$MCA_CAL:
3
-3.740623E+001 1.986979E+000 0.000000E+000 keV
$SHAPE_CAL:
3
0.000000E+000 0.000000E+000 0.000000E+000
