$SPEC_ID:
This is sample 082.
$SPEC_REM:
DET# 1
DETDESC# DIP1456 PCI-Trump SN 253
AP# Maestro Version 7.01
$DATE_MEA:
01/19/2025 00:32:12
$MEAS_TIM:
1200 1232
$DATA:
0 2047
       0
       0
       0
       0
       0
       0
       0
       0
       0
       0
       0
       0
       0
       0
       0
       0
       0
       0
       0
       0
       0
       0
       0
       0
       0
       0
       0
       0
       0
       0
       0
       0
       0
       0
       0
       0
       0
       0
       0
       0
       0
       0
       0
       0
       0
       0
       0
       0
       0
       0
       0
       0
       0
       0
      23
      28
      33
      31
      36
      27
      32
      26
      22
      27
      34
      38
      34
      29
      18
      29
      23
      34
      18
      30
      36
      30
      33
      31
      25
      29
      21
      34
      31
      31
      26
      35
      34
      35
      14
      25
      39
      26
      23
      25
      30
      24
      40
      25
      30
      26
      30
      25
      27
      31
      25
      22
      27
      26
      26
      28
      28
      37
      32
      33
      36
      34
      26
      39
      25
      27
      28
      30
      38
      32
      28
      34
      25
      36
      45
      27
      27
      24
      30
      40
      23
      32
      30
      31
      22
      33
      36
      25
      36
      29
      27
      27
      42
      28
      29
      36
      30
      37
      27
      45
      30
      26
      41
      26
      29
      29
      38
      34
      29
      34
      32
      31
      32
      26
      26
      32
      31
      30
      33
      23
      27
      30
      30
      27
      30
      31
      21
      33
      25
      29
      34
      31
      21
      34
      33
      26
      29
      32
      23
      32
      25
      25
      41
      31
      36
      28
      33
      38
      36
      38
      31
      28
      39
      27
      26
      30
      27
      29
      34
      26
      34
      24
      35
      36
      39
      29
      31
      32
      33
      35
      33
      26
      30
      26
      27
      31
      37
      33
      38
      36
      26
      26
      34
      30
      32
      27
      36
      26
      28
      22
      35
      26
      27
      21
      32
      43
      33
      26
      27
      41
      30
      29
      37
      36
      25
      27
      40
      31
      21
      32
      28
      29
      36
      35
      28
      27
      33
      26
      29
      23
      54
      30
      27
      22
      28
      29
      31
      24
      35
      38
      27
      32
      29
      29
      31
      29
      26
      30
      37
      30
      23
      29
      33
      30
      31
      31
      43
      40
      21
      31
      26
      40
      30
      30
      36
      34
      35
      30
      25
      38
      34
      30
      30
      30
      32
      25
      32
      29
      29
      18
      28
      27
      30
      40
      40
      34
      30
      29
      31
      39
      31
      29
      34
      38
      35
      22
      35
      32
      37
      33
      32
      34
      31
      29
      34
      38
      35
      24
      33
      39
      29
      33
      30
      26
      36
      36
      35
      30
      30
      36
      31
      41
      33
      30
      26
      49
      41
      24
      33
      24
      36
      32
      30
      27
      32
      36
      37
      32
      32
      31
      31
      36
      30
      36
      32
      32
      29
      39
      34
      32
      27
      25
      27
      29
      32
      40
      26
      34
      36
      31
      41
      37
      35
      35
      30
      44
      33
      29
      38
      34
      30
      28
      28
      21
      21
      36
      19
      39
      35
      31
      29
      22
      32
      39
      31
      21
      27
      31
      28
      41
      19
      38
      31
      51
      30
      33
      27
      37
      40
      34
      39
      33
      41
      27
      24
      20
      33
      37
      30
      27
      40
      31
      38
      28
      28
      19
      35
      33
      48
      40
      37
      31
      38
      38
      30
      29
      33
      43
      30
      41
      38
      27
      31
      33
      35
      38
      42
      34
      29
      22
      33
      31
      43
      28
      28
      31
      26
      40
      35
      29
      29
      34
      34
      30
      18
      28
      34
      31
      30
      30
      34
      37
      27
      38
      34
      38
      19
      32
      46
      41
      50
      36
      33
      33
      27
      41
      40
      30
      27
      31
      39
      36
      28
      30
      26
      41
      43
      24
      33
      31
      38
      44
      30
      35
      35
      40
      37
      25
      25
      23
      37
      33
      36
      36
      43
      41
      37
      35
      32
      41
      31
      25
      30
      35
      33
      28
      24
      32
      32
      34
      28
      35
      36
      28
      34
      26
      30
      30
      32
      26
      35
      33
      25
      33
      27
      44
      31
      30
      33
      38
      21
      32
      39
      34
      27
      55
      37
      32
      37
      38
      31
      44
      32
      27
      35
      28
      28
      33
      26
      37
      38
      26
      35
      42
      42
      36
      30
      33
      25
      36
      28
      29
      27
      38
      34
      22
      35
      29
      36
      19
      27
      39
      26
      28
      35
      40
      31
      41
      31
      32
      33
      30
      37
      39
      31
      25
      29
      39
      31
      21
      22
      37
      26
      29
      35
      36
      41
      28
      33
      30
      27
      29
      29
      33
      32
      31
      27
      34
      41
      35
      32
      39
      42
      37
      27
      30
      23
      27
      21
      30
      25
      24
      45
      28
      35
      22
      29
      33
      39
      25
      30
      29
      24
      29
      33
      30
      35
      32
      26
      37
      35
      40
      35
      28
      34
      31
      30
      28
      29
      36
      28
      32
      35
      22
      28
      39
      36
      33
      25
      33
      25
      18
      29
      48
      36
      25
      34
      21
      25
      25
      30
      18
      27
      24
      29
      38
      35
      39
      37
      29
      30
      37
      25
      22
      30
      26
      39
      30
      25
      30
      21
      27
      28
      25
      31
      31
      35
      39
      34
      30
      27
      36
      44
      31
      33
      41
      38
      32
      33
      51
      30
      32
      25
      43
      31
      26
      39
      31
      43
      34
      43
      40
      35
      35
      39
      32
      33
      31
      35
      34
      37
      20
      27
      26
      28
      32
      31
      32
      31
      39
      34
      32
      26
      37
      44
      32
      43
      43
      35
      34
      34
      29
      38
      35
      19
      30
      27
      35
      33
      39
      22
      29
      28
      33
      31
      40
      31
      56
      41
      38
      38
      38
      37
      30
      48
      39
      26
      28
      35
      36
      25
      45
      39
      19
      43
      38
      36
      42
      44
      40
      25
      26
      41
      35
      33
      33
      36
      33
      42
      29
      36
      35
      37
      28
      42
      40
      38
      37
      32
      41
      29
      19
      29
      50
      37
      35
      29
      35
      35
      33
      22
      40
      44
      25
      34
      35
      31
      30
      41
      27
      33
      33
      36
      41
      37
      38
      33
      39
      33
      33
      28
      32
      38
      29
      33
      32
      29
      33
      33
      36
      30
      35
      37
      31
      27
      38
      30
      39
      19
      46
      37
      35
      35
      37
      33
      28
      26
      23
      30
      30
      30
      25
      32
      23
      29
      36
      31
      24
      27
      23
      20
      28
      28
      33
      23
      25
      18
      17
      21
      27
      19
      13
      21
      23
      15
      25
      21
      18
      12
      18
      12
      15
      18
      15
      16
      22
       9
      16
      17
      17
      14
      11
      23
      11
      15
      11
      20
      11
      14
      13
      10
      13
       8
       9
      10
      13
      16
      10
      15
      14
      11
       9
      10
      16
      12
       9
       9
      11
      13
       9
      10
      10
      13
      10
      12
      10
       5
       9
       8
       7
       4
      12
      11
       8
      10
       8
      12
       6
       7
      11
       5
      10
       5
       4
       6
       4
       6
       3
       3
       7
       3
       5
       6
       7
       5
       4
       4
      11
       8
       8
      10
       5
       8
       6
       5
       7
       7
       8
      10
       7
       4
       5
       8
       1
       3
       5
      10
       2
       6
       8
       1
       7
       5
       4
       7
       8
       3
       7
       8
       6
       7
       0
       4
       5
       6
       3
       6
       5
       5
       3
       2
       3
       6
       6
       8
       3
       4
       6
       4
       5
       4
       3
       2
       5
       4
       3
       3
       1
       7
       6
       8
       3
       2
       4
       2
       4
       7
       4
       5
       1
       3
       6
       2
       3
       5
       2
       4
       2
       3
       2
       2
       3
       6
       6
       2
       2
       6
       2
       4
       4
       3
       3
       4
       1
       3
       6
       1
       0
       2
       2
       2
       5
       4
       3
       3
       2
       2
       4
       1
       5
       5
       0
       4
       8
       2
       0
       3
       3
       2
       3
       2
       2
       4
       2
       2
       3
       0
       1
       4
       3
       2
       2
       5
       5
       7
       4
       1
       0
       5
       4
       2
       0
       3
       5
       3
       4
       3
       0
       0
       1
       3
       0
       3
       4
       3
       3
       2
       4
       2
       5
       4
       4
       4
       1
       4
       2
       1
       6
       2
       3
       2
       3
       4
       2
       0
       3
       0
       2
       5
       4
       2
       1
       2
       2
       2
       2
       3
       1
       3
       3
       2
       2
       3
       2
       1
       2
       1
       7
       1
       2
       0
       2
       2
       8
       3
       7
       4
       2
       4
       6
       2
       3
       2
       0
       2
       2
       0
       2
       1
       1
       2
       1
       2
       6
       3
       6
       1
       0
       0
       1
       4
       2
       0
       1
       3
       4
       0
       5
       2
       0
       8
       2
       4
       3
       3
       4
       2
       2
       3
       6
       3
       1
       1
       5
       1
       3
       2
       6
       5
       6
       7
       3
       3
       3
       6
       2
       2
       7
       3
       1
       5
       5
       7
       5
       5
       5
       4
      10
       7
       2
       8
       4
       9
      11
       4
       9
       9
       7
      10
      16
       9
      14
       9
      15
      23
      22
      21
      25
      24
      18
      28
      18
      32
      32
      29
      36
      29
      27
      35
      35
      42
      48
      49
      34
      44
      44
      64
      58
      67
      56
      63
      65
      67
      62
      80
      83
      68
      89
      82
      98
     104
      99
     107
     119
     106
     137
     103
     128
     136
     137
     153
     138
     127
     160
     172
     149
     164
     175
     196
     190
     192
     224
     186
     210
     221
     213
     222
     228
     214
     269
     253
     251
     278
     269
     277
     298
     254
     303
     325
     295
     303
     285
     305
     334
     314
     361
     370
     337
     358
     355
     362
     405
     402
     383
     399
     369
     396
     411
     414
     425
     410
     405
     437
     440
     439
     427
     394
     411
     419
     456
     420
     441
     428
     461
     430
     434
     468
     436
     396
     432
     430
     424
     463
     419
     417
     430
     456
     417
     397
     414
     397
     420
     421
     400
     374
     407
     385
     454
     380
     378
     394
     362
     380
     318
     357
     380
     353
     335
     341
     318
     301
     293
     279
     294
     316
     269
     286
     274
     244
     286
     265
     291
     252
     243
     258
     219
     214
     181
     199
     178
     186
     196
     186
     172
     159
     146
     158
     170
     162
     161
     123
     126
     127
     131
     140
     132
     126
     120
      83
      93
      93
      80
      77
     103
      86
      81
      59
      81
      56
      70
      61
      62
      62
      55
      68
      51
      40
      42
      38
      30
      50
      27
      29
      34
      32
      30
      20
      22
      27
      16
      19
      24
      22
      19
      22
      16
      16
      16
      17
      12
      15
      16
      13
       9
      13
       9
      11
       7
      10
      14
      10
       2
       8
       2
       5
       5
       2
       4
       6
       6
       3
       4
       4
       1
       2
       2
       4
       3
       2
       4
       1
       3
       0
       4
       1
       0
       1
       2
       2
       1
       2
       1
       0
       0
       1
       1
       1
       2
       0
       3
       3
       1
       1
       2
       1
       0
       3
       0
       3
       1
       1
       1
       2
       0
       2
       0
       1
       1
       4
       0
       1
       1
       1
       0
       1
       1
       0
       0
       1
       2
       1
       0
       2
       2
       0
       0
       2
       2
       0
       2
       1
       0
       0
       1
       1
       0
       0
       0
       0
       1
       0
       0
       4
       0
       0
       1
       0
       0
       1
       0
       0
       1
       1
       1
       0
       3
       1
       0
       0
       0
       2
       1
       1
       0
       0
       0
       0
       2
       0
       0
       2
       1
       0
       1
       0
       0
       1
       0
       2
       0
       2
       0
       3
       1
       2
       0
       1
       1
       2
       3
       1
       0
       2
       1
       1
       0
       1
       1
       1
       1
       2
       2
       1
       0
       0
       0
       0
       3
       1
       2
       1
       0
       1
       2
       0
       1
       2
       1
       2
       0
       0
       1
       0
       0
       0
       1
       1
       0
       1
       0
       0
       0
       3
       1
       0
       0
       1
       2
       2
       2
       1
       0
       1
       2
       0
       0
       1
       0
       0
       0
       0
       0
       1
       0
       1
       0
       0
       3
       0
       0
       0
       0
       0
       0
       2
       0
       0
       0
       1
       0
       0
       0
       0
       2
       1
       0
       0
       0
       1
       1
       1
       0
       1
       0
       0
       3
       0
       1
       0
       1
       0
       0
       0
       2
       0
       0
       0
       1
       0
       0
       0
       1
       2
       0
       1
       2
       0
       2
       0
       2
       1
       1
       0
       0
       0
       1
       1
       0
       0
       0
       1
       1
       2
       0
       1
       1
       0
       0
       1
       2
       1
       0
       1
       0
       0
       0
       0
       0
       1
       0
       2
       0
       1
       0
       0
       0
       0
       0
       0
       1
       1
       0
       1
       2
       3
       1
       0
       1
       1
       2
       1
       0
       0
       0
       3
       0
       0
       0
       0
       1
       0
       0
       0
       3
       0
       0
       0
       2
       0
       0
       0
       1
       1
       1
       0
       0
       0
       1
       0
       0
       0
       0
       2
       1
       0
       0
       1
       1
       1
       0
       0
       0
       0
       0
       1
       0
       0
       1
       1
       0
       0
       0
       1
       1
       0
       0
       0
       1
       0
       1
       1
       0
       0
       0
       0
       1
       3
       2
       0
       0
       0
       1
       0
       0
       1
       2
       0
       0
       1
       0
       1
       1
       0
       0
       0
       0
       0
       1
       0
       1
       0
       0
       0
       2
       1
       0
       0
       0
       0
       1
       0
       0
       0
       2
       1
       0
       2
       2
       0
       0
       1
       0
       0
       1
       0
       1
       0
       0
       1
       1
       1
       1
       0
       1
       1
       1
       1
       1
       1
       0
       0
       0
       0
       0
       1
       1
       1
       0
       1
       0
       0
       2
       1
       0
       0
       0
       1
       0
       2
       1
       0
       0
       0
       0
       1
       1
       0
       0
       0
       0
       0
       0
       0
       0
       0
       0
       0
       0
       0
       0
       0
       0
       0
       0
$ROI:
2
258 327
1318 1545
$PRESETS:
Live Time
1200
0
$ENER_FIT:
-37.406231 1.986979
$MCA_CAL:
3
-3.740623E+001 1.986979E+000 0.000000E+000 keV
$SHAPE_CAL:
3
0.000000E+000 0.000000E+000 0.000000E+000
