$SPEC_ID:
This is sample 211.
$SPEC_REM:
DET# 1
DETDESC# DIP1456 PCI-Trump SN 253
AP# Maestro Version 7.01
$DATE_MEA:
01/21/2025 00:16:04
$MEAS_TIM:
1200 1231
$DATA:
0 2047
       0
       0
       0
       0
       0
       0
       0
       0
       0
       0
       0
       0
       0
       0
       0
       0
       0
       0
       0
       0
       0
       0
       0
       0
       0
       0
       0
       0
       0
       0
       0
       0
       0
       0
       0
       0
       0
       0
       0
       0
       0
       0
       0
       0
       0
       0
       0
       0
       0
       0
       0
       0
       0
       2
      17
      25
      33
      30
      28
      31
      37
      29
      29
      29
      28
      29
      28
      22
      33
      39
      31
      28
      17
      24
      24
      27
      22
      35
      30
      17
      27
      27
      29
      38
      22
      45
      29
      37
      20
      26
      28
      26
      29
      26
      29
      31
      30
      21
      28
      33
      24
      35
      23
      26
      27
      35
      35
      33
      25
      20
      25
      24
      32
      31
      32
      23
      31
      30
      28
      20
      26
      41
      36
      36
      37
      40
      34
      23
      30
      24
      41
      38
      32
      20
      39
      28
      31
      27
      33
      37
      25
      32
      32
      23
      25
      20
      31
      32
      19
      36
      20
      23
      38
      35
      31
      39
      31
      24
      28
      31
      30
      29
      38
      37
      33
      35
      38
      34
      29
      34
      32
      32
      31
      29
      36
      34
      32
      35
      30
      44
      38
      25
      31
      34
      34
      32
      29
      33
      29
      29
      36
      29
      31
      34
      33
      30
      33
      31
      42
      37
      32
      43
      30
      28
      51
      33
      31
      29
      26
      31
      21
      30
      19
      29
      31
      41
      29
      44
      34
      39
      37
      35
      38
      41
      34
      38
      21
      32
      40
      33
      29
      31
      31
      23
      37
      33
      37
      26
      29
      31
      36
      20
      29
      27
      33
      25
      30
      36
      29
      26
      46
      36
      34
      31
      37
      48
      29
      35
      31
      39
      29
      29
      40
      40
      32
      30
      34
      28
      31
      30
      29
      32
      24
      39
      31
      29
      31
      33
      34
      36
      29
      34
      26
      32
      44
      30
      41
      27
      36
      29
      42
      32
      39
      28
      36
      34
      27
      36
      38
      33
      33
      37
      27
      36
      30
      31
      31
      27
      31
      26
      37
      32
      23
      33
      22
      31
      37
      29
      32
      21
      40
      38
      32
      38
      26
      30
      36
      28
      32
      44
      30
      30
      24
      24
      42
      24
      33
      23
      32
      22
      38
      26
      38
      27
      33
      39
      25
      42
      36
      27
      32
      36
      35
      32
      37
      30
      30
      28
      39
      42
      33
      23
      32
      23
      34
      36
      34
      33
      30
      31
      36
      36
      36
      29
      36
      34
      31
      27
      31
      23
      30
      36
      31
      35
      23
      33
      34
      32
      38
      34
      34
      34
      29
      28
      35
      34
      37
      39
      40
      22
      30
      46
      26
      30
      37
      30
      28
      33
      37
      35
      34
      32
      25
      28
      35
      37
      28
      40
      31
      41
      28
      28
      29
      27
      31
      34
      33
      33
      34
      34
      37
      30
      31
      25
      25
      34
      32
      33
      35
      29
      34
      36
      26
      32
      29
      36
      30
      22
      29
      22
      36
      33
      24
      34
      36
      25
      39
      29
      38
      36
      23
      22
      27
      41
      34
      37
      36
      27
      36
      31
      48
      22
      32
      26
      34
      46
      34
      30
      34
      40
      29
      35
      30
      30
      29
      32
      37
      39
      33
      40
      34
      26
      35
      33
      31
      37
      26
      34
      32
      29
      32
      34
      41
      34
      33
      49
      32
      43
      35
      46
      30
      31
      22
      42
      32
      32
      25
      44
      33
      34
      40
      33
      35
      35
      35
      42
      42
      25
      32
      44
      38
      34
      34
      35
      37
      33
      36
      24
      31
      28
      31
      38
      30
      40
      33
      33
      38
      21
      31
      26
      34
      33
      33
      38
      37
      37
      43
      32
      36
      38
      20
      26
      29
      30
      29
      36
      26
      31
      46
      31
      28
      37
      36
      30
      38
      20
      31
      31
      34
      30
      29
      35
      33
      43
      34
      35
      26
      39
      23
      33
      37
      40
      22
      33
      27
      25
      23
      45
      30
      38
      31
      39
      34
      23
      29
      41
      31
      29
      30
      35
      24
      34
      36
      31
      20
      29
      25
      36
      34
      33
      36
      25
      32
      29
      27
      40
      24
      30
      31
      27
      27
      42
      44
      36
      34
      31
      32
      33
      29
      24
      25
      32
      31
      27
      31
      34
      34
      36
      36
      27
      30
      35
      34
      24
      29
      32
      26
      27
      34
      29
      45
      27
      27
      31
      30
      30
      33
      31
      18
      29
      34
      20
      33
      25
      28
      31
      35
      29
      30
      38
      33
      39
      32
      33
      18
      33
      34
      32
      26
      28
      37
      27
      30
      27
      39
      34
      36
      31
      39
      33
      41
      34
      29
      33
      29
      33
      32
      30
      32
      29
      31
      34
      37
      31
      41
      33
      30
      28
      28
      24
      28
      32
      31
      35
      31
      23
      51
      25
      38
      33
      37
      35
      28
      37
      27
      32
      25
      27
      30
      34
      36
      31
      29
      34
      25
      34
      35
      35
      28
      28
      20
      28
      27
      40
      34
      37
      32
      27
      25
      35
      32
      34
      23
      27
      32
      38
      39
      30
      35
      32
      31
      28
      28
      30
      39
      25
      39
      40
      28
      28
      28
      20
      37
      29
      37
      29
      34
      37
      28
      29
      40
      33
      36
      34
      32
      24
      20
      38
      31
      37
      32
      39
      45
      41
      32
      32
      31
      34
      41
      46
      31
      30
      40
      46
      32
      32
      39
      45
      33
      31
      37
      31
      35
      45
      30
      35
      29
      35
      47
      38
      29
      30
      39
      41
      41
      31
      37
      35
      52
      38
      34
      28
      36
      38
      45
      41
      33
      44
      42
      30
      39
      33
      35
      37
      34
      30
      47
      38
      38
      43
      32
      32
      41
      28
      33
      31
      29
      36
      28
      33
      37
      36
      47
      32
      33
      29
      29
      29
      41
      33
      28
      31
      31
      41
      38
      27
      43
      41
      40
      34
      24
      28
      39
      31
      45
      46
      38
      29
      24
      37
      37
      32
      35
      30
      33
      32
      30
      26
      34
      37
      29
      36
      27
      27
      33
      30
      36
      28
      25
      29
      29
      25
      23
      22
      26
      32
      24
      21
      18
      23
      21
      30
      30
      29
      16
      25
      23
      20
      18
      18
      25
      13
      17
      23
      10
      19
      17
      21
      20
      28
      19
      21
      15
      13
      15
      15
      12
      21
      17
      18
      16
      22
      14
       6
      13
      19
      14
      15
      15
      13
      13
      13
       6
      17
       6
       7
      17
       7
      10
      11
       9
      11
      12
       9
       8
      18
       2
       9
       7
      14
       8
      11
       4
      12
      11
      13
      11
       8
       8
       2
      10
       9
       8
       6
       4
       6
       8
      14
       8
       7
       7
       9
       7
       5
       4
       5
       8
       0
       6
       3
       3
       9
       6
       7
       2
      10
       3
       5
       6
       8
       4
       7
       4
       9
       4
       4
       4
       5
       7
       8
       4
       5
       7
      10
       9
       6
       1
       6
       5
       6
       7
       6
       3
       7
       7
       3
       4
       5
       5
       6
       8
       1
       0
      12
       5
       2
       0
       5
       3
      10
       8
       2
       3
       3
       2
       2
       8
       3
       2
       4
       6
       3
       3
       0
       4
       6
       5
       1
       2
       1
       3
       8
       4
       3
       3
       2
       2
       5
       6
       5
       4
       4
       1
       5
       5
       5
       3
       8
       4
       1
       2
       1
       5
       3
       2
       1
       7
       2
       6
       4
       3
       1
       4
       0
       3
       5
       1
       6
       4
       3
       6
       2
       3
       0
       1
       3
       0
       6
       4
       1
       2
       1
       2
       2
       1
       3
       4
       6
       1
       3
       3
       7
       1
       1
       3
       3
       5
       4
       1
       1
       1
       3
       3
       4
       3
       1
       1
       1
       3
       0
       6
       2
       2
       0
       0
       3
       0
       2
       2
       4
       5
       3
       6
       1
       4
       3
       1
       1
       2
       1
       4
       2
       5
       2
       4
       1
       4
       2
       2
       4
       1
       4
       2
       3
       2
       2
       2
       2
       1
       3
       2
       6
       1
       3
       2
       5
       1
       3
       3
       5
       1
       0
       5
       2
       3
       3
       2
       2
       1
       1
       1
       2
       4
       1
       5
       4
       4
       1
       6
       2
       3
       3
       0
       3
       6
       1
       6
       4
       2
       4
       4
       4
       3
       6
       2
       1
       3
       2
       1
       1
       3
       3
       2
       2
       5
       7
       2
       3
       0
       2
       2
       4
       1
       3
       0
       2
       4
       2
       3
       2
       2
       2
       4
       3
       5
       3
       2
       3
       4
       7
       3
       3
       8
       4
       9
       4
       4
       8
       3
       4
       6
       5
       7
       5
       4
       8
       7
       5
       6
      10
       7
       6
       9
       7
       9
       6
      15
       5
      14
      10
       9
      12
      20
      13
      13
      10
      24
      14
      26
      16
      17
      16
      30
      26
      26
      42
      27
      29
      32
      38
      33
      49
      62
      37
      59
      44
      52
      58
      44
      66
      61
      55
      56
      94
      76
      94
      79
      93
      97
      94
     119
     108
     119
     119
     109
     118
     138
     124
     119
     154
     146
     157
     149
     172
     160
     174
     164
     193
     170
     197
     192
     216
     203
     227
     207
     207
     204
     201
     257
     258
     250
     279
     281
     323
     270
     263
     302
     282
     319
     325
     311
     322
     316
     344
     345
     336
     341
     347
     359
     357
     385
     386
     403
     402
     429
     358
     413
     401
     425
     426
     433
     438
     456
     411
     466
     396
     404
     414
     442
     437
     436
     434
     450
     456
     471
     481
     443
     447
     423
     449
     440
     458
     451
     426
     448
     429
     400
     398
     447
     432
     421
     418
     395
     388
     380
     402
     397
     384
     384
     385
     386
     412
     368
     332
     342
     356
     365
     363
     350
     303
     320
     316
     331
     297
     310
     294
     292
     268
     282
     272
     269
     230
     215
     219
     223
     218
     227
     221
     223
     214
     202
     168
     174
     160
     186
     157
     162
     128
     156
     128
     135
     156
     126
     119
     110
     121
     140
     105
     103
      88
      97
     108
     101
      73
      80
      70
      66
      80
      60
      55
      50
      60
      58
      44
      49
      54
      44
      51
      43
      28
      46
      34
      27
      26
      38
      35
      15
      31
      20
      16
      20
      35
      16
      15
      15
      10
      14
      13
       5
       9
      13
      10
      10
       3
       6
      11
       9
       7
       5
       7
       6
      10
       6
       3
      10
       4
       5
       5
       3
       2
       2
       2
       5
       3
       2
       2
       2
       4
       0
       5
       3
       2
       4
       1
       0
       0
       3
       0
       0
       1
       1
       1
       1
       2
       0
       2
       0
       0
       1
       0
       0
       1
       4
       1
       1
       0
       2
       2
       2
       0
       1
       1
       0
       0
       0
       1
       0
       1
       1
       1
       1
       0
       1
       0
       0
       0
       0
       0
       4
       1
       0
       3
       1
       1
       0
       0
       1
       2
       0
       2
       0
       2
       0
       1
       1
       1
       2
       0
       0
       3
       0
       0
       2
       0
       1
       0
       0
       1
       0
       1
       1
       0
       2
       0
       0
       1
       1
       2
       3
       0
       3
       1
       1
       0
       1
       1
       2
       3
       1
       2
       0
       0
       2
       0
       0
       2
       0
       3
       0
       2
       0
       1
       0
       1
       0
       0
       0
       0
       1
       0
       1
       1
       1
       0
       1
       0
       0
       0
       0
       0
       2
       2
       1
       0
       1
       0
       0
       0
       1
       1
       0
       0
       0
       0
       0
       0
       0
       1
       0
       1
       2
       0
       0
       1
       1
       1
       6
       0
       1
       0
       0
       2
       4
       2
       1
       1
       0
       1
       0
       2
       0
       1
       1
       0
       0
       0
       0
       0
       0
       1
       0
       0
       2
       0
       0
       1
       1
       2
       0
       1
       1
       0
       2
       1
       0
       1
       0
       2
       0
       1
       0
       2
       0
       1
       1
       3
       0
       0
       0
       1
       1
       0
       1
       0
       1
       1
       2
       0
       0
       0
       1
       0
       1
       1
       1
       0
       1
       0
       0
       0
       1
       0
       0
       0
       0
       0
       0
       0
       0
       0
       1
       0
       1
       0
       5
       1
       1
       0
       0
       2
       0
       0
       0
       0
       0
       2
       1
       0
       0
       0
       0
       3
       0
       1
       1
       1
       0
       0
       1
       2
       0
       0
       0
       2
       0
       0
       1
       0
       0
       2
       1
       1
       4
       1
       1
       1
       0
       1
       0
       0
       1
       0
       1
       2
       1
       3
       0
       1
       0
       0
       1
       0
       0
       0
       1
       0
       0
       0
       0
       0
       1
       0
       0
       0
       0
       0
       2
       2
       1
       1
       2
       1
       0
       1
       1
       1
       0
       0
       1
       0
       0
       0
       1
       0
       0
       0
       1
       0
       0
       1
       1
       0
       0
       2
       1
       0
       0
       0
       0
       0
       1
       0
       1
       1
       1
       0
       0
       1
       1
       1
       0
       0
       0
       2
       0
       0
       0
       0
       0
       1
       1
       0
       1
       0
       0
       1
       0
       0
       2
       2
       1
       1
       1
       2
       0
       0
       3
       0
       2
       0
       0
       1
       0
       3
       0
       2
       1
       2
       2
       0
       0
       1
       0
       0
       0
       0
       1
       0
       0
       1
       0
       0
       0
       0
       1
       0
       0
       0
       2
       1
       0
       0
       2
       1
       0
       0
       2
       0
       0
       1
       0
       1
       1
       2
       0
       0
       0
       1
       0
       0
       0
       0
       0
       1
       0
       0
       0
       0
       0
       0
       0
       0
       0
       0
       0
       0
       0
       0
       0
       0
       0
       0
       0
       0
       0
       0
       0
       0
$ROI:
2
258 327
1318 1545
$PRESETS:
Live Time
1200
0
$ENER_FIT:
-37.406231 1.986979
$MCA_CAL:
3
-3.740623E+001 1.986979E+000 0.000000E+000 keV
$SHAPE_CAL:
3
0.000000E+000 0.000000E+000 0.000000E+000
