$SPEC_ID:
This is sample 020.
$SPEC_REM:
DET# 1
DETDESC# DIP1456 PCI-Trump SN 253
AP# Maestro Version 7.01
$DATE_MEA:
01/18/2025 01:35:46
$MEAS_TIM:
1200 1232
$DATA:
0 2047
       0
       0
       0
       0
       0
       0
       0
       0
       0
       0
       0
       0
       0
       0
       0
       0
       0
       0
       0
       0
       0
       0
       0
       0
       0
       0
       0
       0
       0
       0
       0
       0
       0
       0
       0
       0
       0
       0
       0
       0
       0
       0
       0
       0
       0
       0
       0
       0
       0
       0
       0
       0
       0
       1
      18
      31
      30
      18
      23
      25
      26
      39
      37
      25
      24
      29
      30
      25
      23
      22
      24
      24
      28
      31
      28
      29
      33
      35
      21
      32
      28
      23
      24
      20
      29
      37
      25
      18
      23
      26
      23
      37
      31
      30
      37
      32
      29
      20
      30
      34
      14
      31
      30
      33
      31
      34
      28
      29
      30
      33
      27
      29
      25
      32
      28
      33
      32
      31
      31
      30
      38
      42
      37
      32
      24
      25
      31
      33
      44
      38
      18
      36
      30
      29
      28
      33
      33
      33
      33
      30
      33
      32
      30
      32
      26
      30
      34
      30
      24
      36
      34
      41
      26
      34
      36
      25
      35
      29
      32
      28
      37
      40
      40
      41
      20
      39
      24
      28
      35
      37
      32
      30
      37
      31
      33
      27
      30
      25
      16
      29
      24
      33
      38
      34
      26
      34
      38
      27
      32
      26
      32
      37
      24
      30
      28
      28
      33
      34
      28
      33
      35
      34
      40
      25
      19
      21
      28
      21
      32
      32
      28
      28
      19
      29
      30
      33
      34
      39
      35
      24
      28
      29
      27
      29
      24
      39
      29
      25
      34
      29
      24
      30
      26
      30
      29
      29
      29
      25
      28
      36
      37
      23
      22
      25
      32
      20
      31
      31
      23
      32
      32
      38
      29
      27
      38
      19
      45
      36
      39
      23
      37
      35
      25
      30
      34
      32
      36
      31
      40
      44
      39
      37
      35
      35
      36
      37
      31
      26
      31
      26
      31
      41
      35
      36
      33
      37
      35
      24
      35
      41
      18
      35
      38
      32
      25
      21
      33
      34
      31
      29
      27
      37
      40
      32
      35
      23
      31
      39
      27
      28
      29
      23
      34
      21
      31
      40
      37
      26
      33
      31
      26
      26
      21
      26
      38
      32
      37
      28
      39
      36
      37
      38
      34
      46
      23
      32
      32
      32
      26
      41
      32
      28
      35
      43
      44
      35
      41
      29
      44
      42
      35
      26
      22
      30
      31
      33
      32
      34
      23
      39
      27
      25
      38
      41
      35
      38
      34
      35
      36
      27
      31
      29
      35
      34
      24
      35
      35
      43
      43
      31
      28
      26
      32
      22
      32
      36
      30
      33
      40
      28
      32
      29
      38
      40
      32
      49
      33
      27
      35
      31
      29
      21
      47
      27
      31
      37
      23
      31
      30
      48
      30
      33
      43
      31
      31
      37
      33
      32
      33
      31
      42
      30
      32
      39
      38
      30
      24
      20
      35
      35
      36
      38
      35
      35
      41
      32
      32
      43
      24
      36
      32
      26
      27
      26
      26
      36
      34
      30
      30
      37
      28
      42
      36
      20
      38
      25
      21
      42
      34
      35
      29
      23
      39
      37
      25
      35
      32
      27
      37
      40
      30
      39
      35
      28
      34
      29
      24
      36
      36
      40
      35
      31
      41
      39
      39
      25
      36
      32
      36
      30
      40
      33
      30
      35
      24
      38
      28
      27
      26
      44
      28
      38
      39
      24
      30
      36
      34
      47
      33
      36
      31
      40
      38
      34
      34
      31
      48
      18
      37
      31
      37
      37
      21
      33
      36
      31
      40
      37
      34
      29
      37
      28
      43
      34
      33
      40
      40
      33
      30
      40
      38
      38
      46
      39
      30
      32
      34
      37
      33
      27
      26
      38
      39
      32
      42
      35
      37
      30
      38
      30
      38
      31
      36
      30
      35
      34
      48
      46
      35
      45
      41
      34
      37
      28
      31
      37
      43
      34
      36
      29
      34
      42
      25
      32
      27
      43
      30
      24
      42
      37
      33
      34
      35
      23
      31
      34
      28
      26
      26
      30
      40
      33
      29
      37
      33
      34
      32
      35
      32
      30
      38
      35
      25
      21
      26
      34
      30
      30
      34
      23
      39
      38
      32
      27
      24
      22
      25
      44
      33
      45
      36
      31
      31
      29
      25
      28
      30
      47
      33
      39
      28
      38
      23
      32
      38
      25
      28
      40
      36
      32
      33
      21
      33
      32
      32
      35
      29
      15
      24
      35
      35
      33
      29
      33
      34
      31
      28
      27
      25
      25
      27
      36
      29
      16
      33
      45
      26
      31
      35
      35
      29
      27
      33
      39
      36
      25
      24
      37
      29
      35
      31
      27
      29
      36
      29
      18
      23
      21
      32
      30
      34
      30
      24
      25
      32
      24
      41
      39
      30
      25
      39
      24
      33
      18
      28
      33
      26
      31
      43
      26
      35
      32
      36
      32
      26
      35
      26
      23
      32
      31
      39
      30
      27
      36
      39
      26
      23
      38
      36
      25
      40
      31
      32
      33
      31
      34
      38
      30
      34
      35
      26
      35
      28
      30
      31
      26
      43
      33
      35
      30
      26
      32
      35
      34
      43
      36
      36
      24
      36
      33
      41
      38
      25
      37
      35
      19
      28
      37
      33
      28
      42
      33
      38
      36
      35
      44
      30
      24
      32
      31
      23
      35
      46
      25
      29
      26
      32
      30
      23
      41
      39
      36
      22
      41
      28
      29
      26
      34
      26
      28
      20
      27
      42
      36
      40
      25
      47
      36
      48
      30
      28
      30
      36
      50
      40
      36
      32
      37
      46
      45
      41
      28
      33
      35
      38
      23
      40
      29
      31
      30
      42
      33
      30
      34
      39
      39
      37
      42
      22
      32
      31
      48
      32
      37
      42
      33
      27
      29
      35
      40
      33
      40
      30
      30
      40
      35
      34
      30
      32
      43
      57
      45
      39
      41
      39
      35
      45
      36
      37
      32
      39
      34
      42
      31
      34
      27
      46
      42
      38
      36
      37
      44
      34
      33
      32
      30
      42
      34
      31
      32
      33
      36
      33
      35
      22
      25
      29
      37
      28
      36
      45
      33
      24
      22
      20
      23
      23
      28
      34
      31
      22
      33
      33
      23
      33
      29
      23
      20
      24
      28
      23
      23
      32
      22
      29
      24
      25
      30
      26
      26
      25
      23
      19
      25
      19
      21
      25
      17
      22
      13
      22
      25
      25
      17
      15
      18
      16
      20
      10
      15
      15
      19
      17
      15
      20
      11
      11
      12
      17
      15
      14
      13
      12
      13
      17
       7
      12
       6
      12
      14
      10
      12
      12
       9
      11
      14
      11
      13
      11
      11
       8
      14
       9
       6
      13
      13
      12
      11
       4
      15
      10
      13
       7
      12
      10
       7
       9
       5
       7
       9
      11
       6
       5
      12
      12
       7
       6
       7
       7
      10
       9
       9
       6
       8
       7
       9
       6
       9
       6
       5
       8
       5
       6
       9
       2
       3
       3
       4
       9
       9
       3
       8
       9
       8
       6
       8
       7
       5
       5
       5
       3
       6
       5
       7
       7
       4
       1
       3
       4
      11
       6
       9
       1
       8
       6
       3
       2
       4
       4
       7
       4
       4
       4
       3
       9
       4
       6
       2
       8
       4
       8
       5
       3
       6
       5
       6
       3
       7
       1
       7
       0
       8
       1
       3
       6
       9
       6
       2
       2
       1
       6
       1
       4
       2
       3
       3
       7
       1
       3
       4
       2
       2
       4
       0
       4
       5
       1
       1
       1
       4
       2
       2
       5
       1
       2
       1
       3
       6
       3
       2
       4
       3
       5
       4
       3
       2
       3
       1
       5
       2
       1
       3
       6
       4
       1
       1
       3
       2
       3
       3
       3
       4
       3
       2
       4
       6
       2
       4
       5
       3
       4
       3
       2
       1
       0
       3
       0
       3
       4
       2
       5
       1
       5
       6
       1
       2
       1
       3
       2
       1
       4
       4
       3
       7
       2
       2
       1
       5
       2
       0
       0
       2
       2
       3
       3
       0
       3
       7
       2
       1
       0
       2
       1
       0
       2
       2
       5
       2
       3
       4
       1
       3
       3
       4
       5
       1
       2
       5
       2
       6
       4
       2
       2
       1
       3
       1
       1
       1
       2
       2
       3
       3
       3
       3
       0
       2
       3
       1
       2
       3
       1
       4
       2
       5
       5
       4
       3
       2
       3
       0
       3
       0
       1
       3
       6
       2
       4
       2
       2
       1
       1
       5
       4
       3
       5
       5
       2
       2
       1
       0
       2
       2
       4
       4
       6
       1
       1
       1
       2
       3
       2
       5
       3
       3
       5
       1
       4
       4
       2
       0
       3
       2
       5
       6
       2
       3
       2
       6
       5
       3
       2
       3
       3
       7
       2
       5
       6
       5
       6
      10
       6
       6
      10
       3
       4
       5
       8
      12
       9
       4
       8
      10
      10
      18
      14
      10
      13
      14
      10
      24
      17
      17
      12
      21
      20
      22
      23
      19
      24
      18
      26
      37
      33
      34
      36
      43
      34
      30
      34
      49
      51
      48
      42
      58
      62
      51
      58
      70
      62
      81
      75
     101
      98
     106
      86
     121
      91
     120
      99
     114
     121
     123
     120
     126
     136
     157
     149
     128
     155
     165
     159
     168
     170
     199
     210
     184
     181
     216
     200
     250
     234
     232
     195
     223
     228
     242
     239
     282
     284
     238
     274
     260
     344
     281
     320
     345
     328
     353
     328
     307
     353
     350
     355
     376
     356
     344
     366
     374
     418
     399
     418
     398
     342
     394
     394
     405
     390
     389
     396
     397
     412
     416
     431
     445
     412
     437
     454
     430
     443
     462
     479
     469
     473
     459
     455
     440
     428
     467
     467
     454
     466
     432
     433
     430
     392
     415
     415
     410
     457
     402
     365
     404
     372
     404
     385
     390
     389
     376
     380
     398
     399
     381
     353
     337
     355
     321
     310
     305
     326
     308
     307
     261
     320
     318
     262
     274
     227
     257
     262
     234
     275
     221
     228
     215
     217
     192
     204
     189
     198
     161
     177
     187
     167
     165
     141
     141
     154
     109
     108
     115
     115
     137
     124
     118
     121
      94
      93
      85
      95
      96
      84
      69
      77
      76
      73
      51
      63
      57
      57
      45
      51
      55
      42
      54
      40
      31
      39
      30
      32
      37
      26
      33
      25
      23
      22
      22
      19
      15
      21
      15
      19
      18
      19
      14
      20
      11
      16
      14
       8
      18
       6
      10
      12
       9
       7
       6
       6
      14
       5
       5
       3
       7
       4
       4
       2
       4
       4
       7
       0
       2
       0
       1
       1
       2
       3
       1
       2
       2
       2
       2
       1
       0
       1
       1
       4
       1
       1
       1
       2
       1
       1
       2
       0
       3
       2
       0
       0
       2
       1
       1
       1
       3
       0
       1
       3
       2
       3
       0
       1
       0
       0
       0
       0
       1
       1
       0
       1
       1
       1
       1
       1
       1
       0
       1
       2
       0
       0
       1
       0
       1
       2
       0
       0
       1
       2
       0
       1
       1
       0
       2
       1
       0
       1
       0
       3
       1
       1
       1
       1
       0
       2
       1
       3
       0
       0
       0
       1
       1
       2
       1
       2
       0
       0
       0
       0
       0
       1
       0
       0
       0
       0
       1
       1
       0
       1
       0
       1
       0
       1
       0
       3
       2
       0
       0
       0
       0
       0
       1
       1
       1
       2
       2
       0
       0
       1
       0
       0
       1
       1
       2
       2
       1
       2
       3
       4
       1
       2
       0
       2
       1
       2
       1
       1
       4
       0
       2
       0
       1
       1
       0
       1
       1
       1
       0
       1
       1
       0
       0
       1
       0
       0
       0
       0
       1
       1
       0
       0
       0
       0
       1
       0
       2
       1
       1
       2
       0
       3
       0
       0
       0
       0
       1
       1
       1
       0
       0
       0
       2
       0
       0
       2
       1
       0
       1
       1
       3
       0
       1
       0
       1
       3
       0
       0
       1
       0
       0
       1
       3
       2
       1
       0
       0
       1
       0
       0
       1
       1
       0
       0
       0
       0
       0
       0
       0
       1
       0
       1
       0
       0
       0
       1
       2
       0
       0
       1
       0
       0
       1
       0
       2
       0
       0
       0
       1
       0
       2
       0
       1
       0
       2
       0
       2
       0
       1
       1
       1
       1
       0
       2
       1
       2
       0
       1
       1
       1
       1
       1
       1
       0
       0
       1
       0
       3
       0
       0
       1
       0
       1
       0
       1
       0
       0
       0
       1
       1
       1
       0
       1
       0
       0
       1
       0
       0
       0
       1
       1
       0
       0
       1
       1
       0
       2
       3
       0
       2
       0
       2
       0
       2
       0
       1
       1
       1
       0
       0
       2
       0
       1
       2
       0
       0
       0
       0
       1
       0
       1
       1
       0
       0
       0
       1
       1
       1
       0
       0
       0
       0
       1
       1
       2
       2
       0
       1
       1
       0
       0
       0
       0
       0
       1
       0
       0
       0
       0
       0
       1
       2
       1
       0
       0
       0
       0
       0
       1
       0
       1
       0
       0
       1
       1
       1
       0
       0
       1
       0
       2
       0
       1
       0
       1
       0
       1
       1
       0
       0
       1
       0
       0
       1
       2
       1
       1
       0
       0
       0
       1
       1
       0
       0
       0
       1
       2
       0
       2
       0
       0
       0
       0
       2
       1
       1
       2
       0
       0
       1
       1
       0
       3
       0
       0
       0
       1
       0
       1
       0
       1
       0
       3
       1
       0
       2
       2
       2
       1
       0
       1
       1
       0
       0
       0
       1
       0
       0
       1
       0
       0
       0
       2
       0
       0
       0
       0
       0
       0
       0
       0
       0
       0
       0
       1
       0
       0
       0
       1
       0
       0
       0
       0
$ROI:
2
258 327
1318 1545
$PRESETS:
Live Time
1200
0
$ENER_FIT:
-37.406231 1.986979
$MCA_CAL:
3
-3.740623E+001 1.986979E+000 0.000000E+000 keV
$SHAPE_CAL:
3
0.000000E+000 0.000000E+000 0.000000E+000
