$SPEC_ID:
This is sample 155.
$SPEC_REM:
DET# 1
DETDESC# DIP1456 PCI-Trump SN 253
AP# Maestro Version 7.01
$DATE_MEA:
01/20/2025 03:32:52
$MEAS_TIM:
1200 1231
$DATA:
0 2047
       0
       0
       0
       0
       0
       0
       0
       0
       0
       0
       0
       0
       0
       0
       0
       0
       0
       0
       0
       0
       0
       0
       0
       0
       0
       0
       0
       0
       0
       0
       0
       0
       0
       0
       0
       0
       0
       0
       0
       0
       0
       0
       0
       0
       0
       0
       0
       0
       0
       0
       0
       0
       0
       0
      21
      16
      23
      24
      31
      22
      29
      19
      25
      19
      36
      23
      27
      38
      25
      26
      31
      28
      27
      33
      28
      28
      22
      32
      36
      35
      30
      31
      31
      24
      35
      32
      24
      20
      26
      28
      29
      26
      35
      27
      32
      33
      36
      32
      21
      31
      32
      19
      26
      34
      27
      24
      22
      31
      33
      31
      31
      16
      29
      27
      27
      24
      30
      24
      29
      37
      31
      35
      37
      35
      28
      39
      32
      41
      32
      36
      34
      30
      25
      47
      30
      38
      40
      33
      29
      24
      29
      36
      42
      34
      32
      41
      30
      30
      22
      28
      27
      39
      38
      23
      31
      42
      36
      29
      21
      40
      23
      23
      37
      44
      24
      35
      25
      39
      38
      28
      31
      21
      28
      27
      34
      30
      34
      26
      23
      24
      33
      38
      31
      31
      29
      24
      37
      27
      28
      26
      33
      28
      38
      26
      27
      33
      35
      28
      26
      20
      28
      34
      37
      36
      32
      26
      31
      37
      29
      30
      37
      22
      34
      25
      33
      33
      31
      30
      31
      32
      27
      29
      27
      35
      35
      34
      37
      26
      17
      25
      30
      23
      28
      30
      36
      28
      31
      33
      38
      36
      29
      31
      32
      28
      34
      39
      39
      32
      34
      27
      26
      35
      26
      19
      41
      30
      26
      36
      27
      44
      27
      33
      25
      34
      32
      35
      25
      33
      34
      29
      34
      28
      33
      29
      40
      30
      30
      31
      27
      35
      41
      19
      34
      27
      31
      32
      31
      36
      32
      31
      31
      29
      24
      28
      28
      38
      37
      35
      37
      33
      27
      36
      32
      29
      35
      22
      24
      24
      20
      27
      35
      30
      34
      34
      41
      28
      29
      36
      38
      35
      29
      44
      43
      30
      27
      43
      31
      35
      31
      34
      25
      25
      43
      25
      37
      28
      36
      32
      27
      25
      32
      35
      27
      30
      31
      36
      38
      30
      25
      29
      36
      28
      35
      38
      42
      27
      34
      36
      37
      30
      29
      36
      35
      36
      29
      17
      21
      29
      32
      22
      28
      42
      36
      32
      30
      32
      35
      36
      32
      33
      33
      34
      30
      32
      36
      26
      25
      29
      42
      31
      31
      48
      33
      40
      33
      39
      30
      51
      39
      30
      23
      30
      32
      24
      31
      34
      32
      41
      31
      27
      36
      33
      28
      29
      22
      26
      38
      42
      41
      35
      38
      30
      30
      36
      33
      33
      29
      30
      33
      29
      32
      36
      23
      34
      37
      35
      33
      29
      32
      33
      36
      35
      34
      25
      27
      31
      34
      35
      38
      27
      34
      27
      38
      22
      34
      41
      22
      41
      26
      24
      34
      37
      34
      39
      41
      30
      31
      30
      34
      34
      40
      24
      36
      31
      39
      31
      27
      40
      27
      29
      37
      30
      34
      36
      25
      34
      32
      39
      21
      25
      31
      26
      30
      28
      36
      26
      38
      30
      29
      35
      26
      41
      28
      34
      36
      29
      37
      31
      41
      36
      39
      32
      34
      34
      30
      41
      38
      41
      30
      34
      37
      39
      37
      33
      28
      28
      23
      39
      32
      42
      36
      31
      26
      25
      26
      34
      40
      38
      42
      28
      36
      40
      46
      33
      43
      42
      37
      33
      30
      43
      26
      32
      30
      39
      34
      47
      37
      39
      39
      23
      36
      36
      30
      37
      32
      45
      26
      40
      36
      26
      34
      41
      27
      23
      36
      36
      36
      32
      30
      28
      36
      29
      36
      32
      35
      38
      45
      31
      26
      39
      34
      39
      32
      57
      32
      28
      27
      34
      33
      36
      34
      35
      29
      28
      22
      42
      32
      28
      25
      34
      31
      29
      22
      40
      34
      31
      34
      27
      30
      25
      39
      30
      23
      31
      37
      34
      32
      32
      33
      30
      34
      30
      34
      27
      30
      26
      45
      27
      29
      35
      25
      28
      30
      25
      37
      25
      40
      37
      29
      33
      30
      30
      37
      44
      23
      31
      29
      38
      26
      39
      28
      29
      35
      37
      41
      27
      29
      37
      27
      32
      34
      41
      34
      42
      38
      28
      37
      36
      26
      31
      45
      38
      37
      25
      31
      35
      31
      34
      28
      26
      37
      27
      27
      26
      36
      27
      20
      34
      30
      29
      22
      35
      31
      35
      27
      41
      35
      34
      34
      37
      30
      30
      36
      36
      32
      34
      20
      39
      24
      25
      30
      31
      25
      24
      30
      32
      30
      29
      31
      38
      22
      36
      39
      35
      36
      34
      28
      29
      30
      30
      33
      28
      29
      30
      40
      25
      27
      27
      40
      31
      37
      31
      36
      28
      33
      32
      30
      30
      21
      37
      29
      40
      22
      41
      30
      29
      39
      33
      36
      24
      27
      29
      29
      36
      40
      26
      29
      31
      31
      34
      33
      27
      39
      25
      34
      28
      27
      35
      38
      29
      32
      40
      26
      25
      43
      32
      34
      22
      35
      35
      33
      32
      28
      30
      32
      22
      37
      32
      37
      23
      36
      47
      48
      40
      34
      43
      40
      38
      39
      33
      38
      33
      38
      42
      25
      33
      34
      35
      35
      48
      36
      38
      36
      37
      30
      33
      42
      40
      36
      46
      40
      29
      26
      32
      29
      30
      53
      30
      36
      35
      37
      33
      29
      40
      52
      32
      38
      34
      39
      31
      46
      42
      31
      36
      29
      41
      32
      32
      37
      38
      39
      45
      31
      34
      39
      48
      24
      39
      32
      42
      30
      35
      34
      35
      37
      35
      39
      34
      32
      28
      38
      40
      36
      34
      39
      43
      33
      34
      38
      42
      38
      26
      36
      23
      40
      33
      35
      31
      39
      31
      22
      43
      30
      28
      36
      30
      26
      20
      28
      31
      26
      33
      24
      29
      23
      23
      25
      22
      18
      28
      19
      25
      26
      25
      16
      23
      18
      23
      27
      20
      26
      14
      15
      13
      17
      18
      22
      17
      23
      23
      23
      13
      24
      11
      26
      17
       4
      12
      17
      16
      17
      17
      14
      13
      10
       7
      11
      19
      16
      12
      15
      12
      14
       8
       9
      15
       9
      15
      13
      15
       6
       6
      10
       9
      13
       9
      12
       8
      10
       8
       9
       8
       8
       7
       5
      12
       5
       6
      15
       7
       3
      10
       7
       9
       8
       5
       9
       8
       8
       5
       7
      12
       6
       8
       9
      10
       4
       4
       6
       6
       2
       6
       1
       8
       7
       3
       6
       6
       6
       2
       9
       5
       6
       4
       8
       7
       4
       4
       6
      12
       7
       7
       4
       2
      10
       8
       8
       3
       8
       2
       7
       3
       6
       7
       8
       5
       6
       2
       6
       4
       2
       4
       3
       3
       3
       5
       5
       4
       3
      10
       5
       7
       7
       5
       2
       4
       7
       7
       5
       1
       1
       4
       4
       4
       5
       4
       3
       7
       1
       3
       1
       2
       3
       4
       2
       3
       4
       3
       1
       7
       2
       2
       4
       1
       4
       1
       5
       3
       3
       3
       8
       1
       0
       6
       2
       0
       8
       5
       2
       5
       5
       4
       3
       1
       2
       5
       5
       9
       3
       5
       4
       1
       4
       4
       2
       3
       4
       2
       5
       3
       1
       0
       1
       4
       3
       3
       2
       4
       2
       2
       5
       1
       3
       1
       4
       1
       6
       2
       3
       1
       2
       5
       2
       1
       3
       5
       2
       3
       4
       4
       3
       3
       2
       4
       1
       2
       3
       1
       2
       5
       5
       4
       4
       4
       5
       3
       5
       1
       1
       1
       4
       0
       3
       5
       3
       3
       2
       4
       1
       4
       3
       1
       1
       5
       1
       4
       1
       1
       6
       2
       3
       3
       2
       0
       1
       4
       2
       2
       4
       2
       2
       2
       3
       3
       2
       3
       3
       3
       5
       2
       2
       0
       1
       4
       3
       2
       8
       0
       1
       3
       2
       1
       0
       3
       3
       4
       3
       4
       1
       4
       4
       1
       4
       7
       1
       2
       3
       6
       2
       3
       4
       1
       1
       4
       2
       4
       3
       3
       1
       6
       0
       0
       4
       1
       2
       3
       1
       4
       5
       3
       4
       4
       3
       4
       4
       1
       3
       8
       4
       3
       1
       3
       7
       4
       3
       1
       3
       6
       1
       0
       7
       7
       4
      11
       6
       6
       5
       5
       8
       4
       7
       9
       8
      10
       7
       6
      13
       8
      15
      11
      15
      13
       8
      13
      15
      20
      17
      12
      25
      16
      34
      22
      22
      26
      25
      22
      26
      42
      36
      46
      41
      38
      34
      46
      37
      56
      65
      50
      59
      70
      62
      72
      75
      73
      78
      89
      78
      98
      86
      94
      91
     109
     120
     115
     120
     124
     115
     138
     125
     136
     120
     122
     141
     149
     160
     180
     196
     198
     175
     171
     184
     230
     210
     223
     232
     230
     241
     243
     233
     254
     289
     236
     265
     288
     267
     281
     318
     278
     306
     307
     312
     338
     354
     328
     338
     334
     335
     348
     321
     365
     352
     362
     403
     409
     390
     395
     391
     401
     404
     423
     444
     398
     382
     416
     459
     446
     406
     416
     416
     432
     418
     435
     446
     468
     415
     410
     494
     458
     424
     439
     435
     453
     432
     424
     415
     402
     415
     419
     429
     440
     417
     416
     427
     416
     384
     362
     413
     404
     390
     362
     373
     388
     357
     377
     316
     351
     345
     329
     358
     338
     307
     340
     312
     290
     302
     259
     274
     252
     273
     291
     259
     245
     224
     232
     221
     231
     207
     218
     236
     195
     205
     188
     173
     180
     190
     179
     178
     143
     144
     145
     137
     120
     113
     125
     149
     105
     109
     112
      99
     111
      80
     102
      99
      78
      63
      71
      70
      85
      58
      58
      63
      58
      64
      44
      46
      48
      45
      49
      29
      54
      34
      43
      25
      27
      33
      32
      23
      37
      15
      23
      12
      16
      23
      16
      21
      15
      21
      11
      15
      11
       8
       8
      10
       8
       9
       9
       6
       5
       5
       5
       4
       8
       5
       3
       5
       4
       7
       5
       5
       6
       3
       3
       3
       6
       2
       7
       2
       2
       2
       1
       5
       1
       4
       3
       2
       0
       1
       4
       0
       1
       1
       1
       3
       1
       1
       0
       0
       0
       1
       0
       2
       1
       1
       1
       1
       1
       2
       1
       0
       0
       1
       0
       1
       0
       0
       0
       2
       1
       3
       1
       0
       1
       0
       2
       1
       1
       1
       1
       3
       3
       0
       1
       1
       0
       1
       0
       1
       3
       3
       0
       0
       2
       0
       1
       0
       1
       0
       2
       0
       2
       4
       1
       0
       0
       1
       0
       1
       1
       0
       2
       1
       1
       2
       2
       0
       0
       2
       0
       2
       0
       0
       0
       1
       0
       1
       0
       0
       0
       0
       0
       1
       0
       2
       1
       1
       1
       1
       0
       1
       1
       0
       2
       1
       2
       1
       3
       0
       0
       0
       1
       0
       1
       0
       2
       0
       1
       0
       0
       1
       0
       0
       1
       0
       1
       1
       1
       1
       0
       0
       0
       0
       0
       1
       0
       3
       0
       2
       0
       0
       1
       0
       2
       1
       3
       1
       1
       1
       1
       1
       1
       1
       1
       0
       0
       0
       0
       0
       2
       0
       0
       0
       0
       1
       0
       0
       1
       1
       0
       1
       0
       0
       0
       1
       0
       0
       1
       1
       0
       2
       0
       0
       0
       1
       1
       0
       2
       1
       0
       1
       2
       0
       1
       1
       1
       1
       0
       2
       1
       1
       1
       0
       0
       0
       0
       1
       1
       1
       0
       0
       1
       1
       2
       0
       2
       1
       2
       0
       0
       0
       1
       3
       0
       1
       1
       0
       0
       1
       0
       1
       0
       0
       1
       1
       0
       0
       0
       0
       3
       0
       1
       1
       1
       0
       0
       2
       2
       1
       1
       0
       0
       1
       1
       1
       1
       0
       0
       2
       1
       0
       1
       4
       0
       3
       0
       0
       0
       0
       0
       0
       1
       1
       2
       0
       0
       0
       0
       2
       0
       0
       1
       0
       0
       0
       0
       1
       0
       0
       1
       2
       0
       1
       1
       0
       0
       2
       0
       2
       0
       1
       0
       1
       0
       0
       4
       0
       1
       0
       0
       0
       0
       0
       1
       1
       2
       0
       1
       1
       1
       0
       0
       0
       0
       0
       0
       0
       1
       0
       0
       3
       0
       0
       0
       0
       1
       0
       1
       1
       0
       0
       0
       0
       0
       1
       0
       1
       1
       0
       0
       1
       0
       0
       0
       0
       2
       1
       0
       0
       0
       0
       0
       1
       0
       0
       0
       1
       1
       0
       0
       0
       2
       0
       0
       1
       1
       0
       0
       0
       0
       0
       1
       0
       0
       0
       0
       3
       0
       0
       2
       0
       0
       0
       0
       2
       0
       1
       1
       1
       0
       1
       1
       2
       0
       0
       0
       0
       0
       3
       0
       0
       0
       0
       0
       1
       2
       0
       0
       0
       0
       1
       2
       3
       0
       2
       2
       0
       0
       0
       0
       1
       0
       0
       0
       1
       0
       0
       0
       0
       0
       0
       0
       0
       0
       0
       0
       0
       0
       0
       0
       0
       0
       0
       0
       0
       0
       0
       0
       0
       0
$ROI:
2
258 327
1318 1545
$PRESETS:
Live Time
1200
0
$ENER_FIT:
-37.406231 1.986979
$MCA_CAL:
3
-3.740623E+001 1.986979E+000 0.000000E+000 keV
$SHAPE_CAL:
3
0.000000E+000 0.000000E+000 0.000000E+000
