$SPEC_ID:
This is sample 152.
$SPEC_REM:
DET# 1
DETDESC# DIP1456 PCI-Trump SN 253
AP# Maestro Version 7.01
$DATE_MEA:
01/20/2025 02:26:16
$MEAS_TIM:
1200 1231
$DATA:
0 2047
       0
       0
       0
       0
       0
       0
       0
       0
       0
       0
       0
       0
       0
       0
       0
       0
       0
       0
       0
       0
       0
       0
       0
       0
       0
       0
       0
       0
       0
       0
       0
       0
       0
       0
       0
       0
       0
       0
       0
       0
       0
       0
       0
       0
       0
       0
       0
       0
       0
       0
       0
       0
       0
       0
      22
      26
      34
      22
      28
      31
      29
      24
      23
      30
      26
      28
      20
      29
      34
      39
      32
      28
      31
      21
      26
      26
      30
      32
      23
      30
      19
      27
      27
      26
      26
      31
      23
      33
      17
      21
      24
      24
      28
      28
      30
      32
      28
      33
      25
      31
      20
      32
      24
      26
      29
      25
      23
      26
      31
      34
      29
      28
      29
      26
      30
      43
      26
      45
      32
      26
      33
      37
      32
      29
      23
      23
      28
      26
      39
      31
      28
      21
      34
      31
      28
      42
      29
      37
      23
      26
      35
      17
      25
      30
      27
      24
      32
      37
      25
      26
      29
      29
      28
      33
      35
      33
      32
      31
      37
      28
      34
      28
      38
      32
      25
      46
      28
      37
      27
      40
      34
      33
      40
      36
      19
      39
      28
      24
      37
      25
      32
      38
      23
      29
      24
      34
      35
      39
      32
      38
      28
      28
      31
      32
      33
      33
      29
      31
      39
      36
      28
      23
      21
      36
      25
      36
      35
      39
      27
      27
      31
      26
      29
      37
      23
      25
      36
      32
      43
      33
      36
      41
      31
      29
      29
      36
      40
      28
      30
      40
      21
      37
      28
      32
      37
      29
      30
      30
      22
      32
      32
      39
      32
      33
      21
      27
      43
      20
      32
      24
      39
      29
      31
      45
      27
      33
      34
      31
      31
      31
      29
      18
      39
      42
      30
      37
      30
      29
      36
      40
      37
      28
      32
      32
      26
      41
      37
      28
      32
      35
      31
      30
      27
      32
      30
      30
      45
      34
      36
      37
      32
      35
      29
      28
      27
      35
      31
      32
      32
      28
      30
      35
      34
      25
      29
      24
      29
      36
      22
      40
      34
      31
      33
      27
      25
      30
      33
      41
      35
      33
      38
      41
      33
      34
      37
      26
      31
      39
      29
      33
      21
      40
      32
      31
      33
      36
      30
      28
      25
      23
      27
      31
      35
      27
      39
      32
      34
      31
      24
      30
      28
      40
      35
      33
      31
      32
      30
      46
      34
      34
      25
      41
      33
      33
      31
      32
      25
      29
      33
      30
      21
      27
      40
      30
      32
      26
      43
      34
      27
      31
      29
      32
      25
      33
      34
      34
      34
      43
      31
      33
      29
      45
      36
      31
      34
      36
      41
      39
      38
      35
      38
      26
      29
      26
      31
      39
      30
      34
      35
      35
      38
      34
      41
      38
      25
      26
      26
      30
      33
      34
      37
      32
      29
      45
      33
      34
      33
      32
      34
      40
      39
      23
      36
      27
      33
      29
      35
      29
      30
      34
      21
      29
      31
      45
      32
      39
      32
      41
      36
      30
      25
      38
      44
      29
      44
      26
      30
      25
      30
      35
      36
      41
      35
      35
      38
      28
      26
      19
      25
      38
      30
      34
      32
      36
      34
      34
      34
      24
      30
      35
      29
      32
      28
      27
      32
      36
      35
      28
      33
      34
      32
      43
      33
      31
      36
      31
      31
      41
      28
      35
      38
      32
      26
      40
      34
      38
      39
      35
      40
      34
      33
      40
      30
      37
      38
      45
      34
      38
      36
      39
      35
      38
      38
      39
      35
      39
      31
      25
      29
      31
      38
      35
      30
      36
      35
      35
      29
      29
      34
      52
      38
      34
      39
      38
      32
      36
      25
      39
      21
      49
      39
      39
      30
      37
      31
      30
      35
      21
      30
      29
      33
      39
      31
      32
      47
      38
      32
      28
      38
      30
      34
      35
      35
      28
      28
      27
      43
      34
      32
      28
      37
      38
      23
      29
      32
      35
      44
      34
      25
      23
      32
      43
      36
      39
      27
      34
      42
      32
      32
      28
      37
      39
      34
      35
      34
      37
      39
      28
      47
      23
      28
      36
      34
      29
      38
      31
      29
      30
      31
      29
      35
      35
      30
      26
      38
      34
      32
      39
      36
      42
      36
      31
      31
      28
      43
      32
      21
      27
      28
      30
      25
      34
      30
      26
      30
      33
      28
      29
      40
      34
      33
      26
      33
      23
      35
      28
      35
      36
      23
      29
      30
      36
      26
      41
      26
      31
      28
      32
      32
      29
      34
      37
      21
      29
      29
      26
      27
      27
      36
      26
      25
      39
      43
      34
      32
      32
      30
      29
      34
      28
      34
      25
      34
      33
      26
      26
      38
      29
      25
      29
      36
      30
      29
      27
      30
      32
      29
      28
      35
      38
      29
      28
      35
      24
      24
      33
      40
      33
      31
      44
      31
      32
      41
      19
      24
      30
      38
      31
      36
      44
      27
      33
      32
      37
      37
      35
      31
      33
      26
      38
      25
      24
      35
      30
      38
      49
      30
      27
      35
      28
      40
      22
      33
      37
      28
      25
      32
      27
      36
      29
      39
      26
      36
      30
      19
      44
      31
      34
      29
      33
      33
      34
      33
      26
      37
      35
      33
      33
      23
      36
      34
      34
      39
      37
      33
      29
      33
      29
      25
      34
      25
      35
      39
      31
      33
      35
      40
      34
      36
      37
      32
      35
      29
      39
      45
      34
      35
      45
      31
      36
      26
      27
      32
      41
      40
      27
      29
      35
      28
      28
      39
      41
      46
      27
      38
      28
      33
      37
      43
      33
      42
      36
      43
      37
      28
      36
      43
      39
      37
      31
      34
      42
      38
      32
      36
      43
      32
      42
      26
      30
      32
      22
      43
      35
      40
      38
      43
      45
      40
      31
      32
      36
      39
      50
      40
      29
      45
      28
      38
      27
      40
      44
      31
      43
      29
      41
      31
      30
      37
      45
      29
      25
      37
      28
      36
      33
      26
      39
      50
      39
      34
      44
      35
      28
      36
      42
      32
      34
      31
      37
      26
      32
      36
      42
      27
      23
      36
      29
      33
      32
      30
      23
      26
      30
      29
      25
      23
      34
      29
      27
      25
      32
      25
      23
      24
      22
      24
      28
      27
      26
      26
      13
      24
      18
      24
      15
      20
      29
      23
      16
      22
      16
      23
      19
      26
      30
      15
      16
      16
      14
      15
      21
      16
      19
      17
      17
      19
      13
      20
      17
      13
      12
      20
      18
      13
      13
      18
       8
      19
      19
      10
      11
      14
      10
      14
      14
      13
      15
      14
      11
      12
       8
      12
       8
      13
      12
       9
       9
       7
      12
       5
      10
       7
       9
       6
       8
       3
       6
       9
      12
       5
       7
       8
       6
       6
       6
       6
       9
       7
       4
       4
       8
       7
       3
       6
       9
       6
       6
       4
       8
       7
       8
      10
      11
       5
       4
       8
       8
       5
       8
      12
       4
      10
       9
       4
       4
       4
      10
       3
      15
       3
       6
       5
       8
       5
       3
       2
       6
       5
       4
       3
       6
       7
       7
       4
       7
       7
       3
       7
       7
       4
       6
       4
       7
       4
       4
       3
       5
       3
       5
       3
       2
       4
       4
       5
       6
       5
       6
       4
       1
       3
       4
       1
       2
       6
       6
       5
       9
       4
       3
       3
       6
       3
       2
       2
       2
       3
       2
       2
       3
       5
       4
       3
       3
       3
       8
       5
       3
       1
       4
       2
       4
       6
       4
       5
       7
       0
       2
       3
       4
       0
       2
       3
       1
       4
       1
       3
       0
       6
       4
       1
       4
       3
       5
       5
       7
       3
       1
       3
       2
       2
       2
       2
       2
       2
       3
       4
       4
       7
       2
       2
       3
       1
       3
       4
       6
       5
       1
       4
       1
       3
       2
       2
       2
       3
       3
       4
       5
       0
       2
       4
       5
       3
       3
       4
       3
       3
       3
       2
       4
       0
       2
       2
       3
       1
       1
       3
       3
       3
       2
       0
       4
       1
       4
       6
       3
       2
       3
       7
       4
       1
       4
       6
       5
       3
       0
       4
       0
       3
       4
       5
       6
       0
       3
       4
       6
       2
       3
       3
       2
       0
       1
       2
       1
       1
       4
       3
       2
       2
       3
       1
       0
       2
       1
       0
       2
       2
       1
       2
       5
       3
       4
       1
       2
       3
       1
       2
       3
       1
       1
       4
       3
       5
       2
       2
       4
       3
       4
       1
       3
       2
       1
       3
       1
       2
       3
       1
       4
       0
       1
       5
       4
       3
       2
       3
       5
       0
       4
       3
       5
       1
       2
       5
       2
       5
       5
       5
       1
       2
       1
       3
       4
       5
       2
       2
       2
       7
       6
       1
       6
       5
       4
       7
       3
       4
       4
       6
       8
       6
       6
       9
      11
       9
       7
       8
       6
       5
      10
      14
      13
       9
      14
      16
      12
      18
      12
      19
      19
      20
      22
      23
      17
      20
      24
      32
      24
      21
      32
      41
      38
      26
      39
      40
      55
      46
      44
      57
      50
      69
      62
      73
      61
      77
      59
      58
      85
      73
      81
      80
      85
      82
     107
     121
     112
     117
     134
     120
     135
     141
     161
     145
     150
     150
     167
     146
     189
     175
     193
     179
     190
     196
     194
     181
     190
     202
     237
     221
     223
     237
     244
     231
     294
     246
     281
     288
     266
     306
     301
     302
     316
     286
     338
     306
     315
     357
     357
     332
     348
     357
     383
     365
     346
     394
     416
     388
     396
     403
     405
     415
     396
     388
     416
     419
     428
     427
     421
     413
     414
     420
     435
     418
     437
     456
     425
     431
     431
     478
     436
     428
     439
     425
     430
     434
     482
     448
     426
     460
     435
     418
     462
     425
     424
     391
     420
     416
     435
     402
     379
     424
     346
     348
     382
     407
     360
     343
     326
     368
     322
     323
     305
     323
     310
     287
     297
     306
     274
     311
     307
     281
     278
     255
     258
     266
     266
     262
     221
     194
     222
     205
     204
     184
     179
     165
     188
     169
     182
     179
     179
     178
     137
     140
     125
     132
     123
     116
     108
     122
      99
      76
     111
      95
      86
      88
      84
      76
      70
      64
      67
      58
      57
      62
      46
      55
      64
      62
      59
      53
      28
      46
      40
      50
      37
      30
      30
      21
      28
      24
      26
      19
      11
      27
      18
      16
      11
      20
      19
      11
      13
      14
      15
       9
      16
      11
      10
      10
      14
      14
       8
       8
       6
       5
       8
       4
       1
       4
       5
       3
       4
       4
       2
       3
       1
       4
       4
       3
       1
       3
       4
       2
       1
       2
       3
       1
       3
       3
       0
       1
       1
       0
       1
       0
       1
       1
       2
       0
       1
       1
       1
       2
       0
       0
       2
       0
       1
       0
       0
       1
       0
       0
       1
       2
       0
       0
       0
       2
       0
       0
       0
       1
       0
       0
       0
       1
       0
       1
       1
       1
       0
       1
       0
       4
       0
       2
       0
       0
       0
       0
       1
       0
       3
       0
       0
       1
       3
       0
       3
       2
       1
       1
       0
       2
       0
       0
       2
       0
       0
       1
       0
       2
       1
       0
       1
       1
       2
       1
       0
       1
       3
       0
       2
       1
       1
       0
       1
       0
       1
       1
       0
       2
       1
       3
       0
       0
       4
       1
       0
       2
       0
       1
       1
       0
       2
       0
       1
       1
       0
       2
       0
       1
       0
       1
       3
       0
       0
       1
       0
       0
       0
       1
       0
       1
       1
       0
       0
       1
       1
       0
       0
       1
       3
       0
       0
       1
       0
       1
       1
       1
       1
       1
       0
       0
       2
       0
       1
       1
       1
       1
       3
       0
       0
       0
       1
       3
       0
       0
       0
       0
       0
       1
       2
       0
       2
       1
       0
       0
       0
       0
       0
       0
       0
       0
       1
       3
       0
       2
       0
       0
       0
       1
       1
       0
       1
       1
       0
       0
       0
       1
       0
       1
       1
       0
       0
       1
       0
       0
       0
       2
       1
       0
       1
       0
       0
       1
       0
       0
       2
       0
       0
       0
       2
       1
       0
       1
       1
       1
       0
       2
       1
       0
       0
       2
       1
       1
       2
       2
       2
       0
       1
       0
       2
       1
       1
       2
       0
       1
       0
       0
       1
       1
       1
       1
       1
       0
       0
       1
       2
       0
       1
       0
       1
       1
       0
       0
       0
       0
       1
       0
       0
       0
       2
       0
       2
       1
       2
       0
       0
       1
       1
       3
       0
       0
       0
       0
       2
       2
       0
       0
       2
       1
       0
       1
       1
       0
       1
       0
       0
       1
       0
       0
       1
       2
       0
       1
       0
       1
       0
       0
       1
       0
       0
       1
       1
       0
       0
       1
       1
       1
       0
       0
       1
       0
       0
       1
       0
       0
       0
       0
       1
       1
       0
       0
       1
       0
       2
       0
       1
       3
       1
       0
       1
       0
       1
       0
       0
       0
       0
       1
       0
       1
       2
       0
       0
       1
       1
       0
       0
       0
       0
       0
       0
       1
       0
       0
       1
       0
       0
       0
       0
       2
       0
       0
       0
       3
       0
       0
       0
       0
       0
       1
       0
       0
       1
       0
       0
       1
       1
       0
       0
       0
       0
       0
       1
       0
       0
       0
       1
       0
       0
       0
       2
       1
       0
       0
       2
       0
       0
       1
       1
       1
       1
       2
       1
       1
       1
       1
       1
       1
       0
       2
       0
       1
       0
       0
       0
       1
       1
       2
       0
       0
       1
       2
       0
       0
       0
       0
       0
       2
       1
       0
       2
       0
       0
       0
       0
       0
       0
       0
       0
       0
       0
       0
       0
       0
       0
       0
       0
       0
       0
       0
       0
       0
       0
       0
       0
       0
       0
       0
       0
$ROI:
2
258 327
1318 1545
$PRESETS:
Live Time
1200
0
$ENER_FIT:
-37.406231 1.986979
$MCA_CAL:
3
-3.740623E+001 1.986979E+000 0.000000E+000 keV
$SHAPE_CAL:
3
0.000000E+000 0.000000E+000 0.000000E+000
