$SPEC_ID:
This is sample 005.
$SPEC_REM:
DET# 1
DETDESC# DIP1456 PCI-Trump SN 253
AP# Maestro Version 7.01
$DATE_MEA:
05/19/2025 04:11:04
$MEAS_TIM:
43000 43275
$DATA:
0 2047
       0
       0
       0
       0
       0
       0
       0
       0
       0
       0
       0
       0
       0
       0
       0
       0
       0
       0
       0
       0
       1
       0
       0
       0
       0
       1
       0
       0
       0
       0
       0
       0
       0
       0
       0
       0
       0
       0
       0
       0
       0
       0
       1
       0
       0
       0
       0
       1
       1
       0
       0
       2
       0
       1
       0
       0
       1
       1
       0
       0
       2
       0
       1
       0
       0
       2
       0
       1
       1
       3
       0
       0
       0
       1
       1
       1
       0
       1
       0
       0
       0
       0
       0
       0
       0
       1
       1
       1
       2
       1
       1
       0
       1
       0
       1
       0
       0
       3
       1
       0
       3
       2
       3
       0
       3
       1
       0
       1
       1
       0
       0
       0
       0
       2
       0
       4
       0
       1
       1
       1
       2
       0
       1
       0
       1
       1
       0
       0
       1
       0
       3
       1
       2
       0
       2
       2
       1
       2
       0
       1
       0
       1
       1
       1
       1
       1
       2
       0
       1
       0
       0
       4
       1
       1
       2
       3
       0
       2
       1
       3
       1
       3
       0
       1
       0
       1
       1
       0
       0
       3
       3
       1
       1
       1
       1
       1
       0
       1
       1
       0
       0
       3
       2
       0
       0
       3
       1
       1
       2
       0
       1
       5
       1
       3
       1
       0
       0
       0
       2
       2
       1
       2
       2
       0
       1
       2
       1
       3
       2
       1
       1
       1
       3
       3
       2
       0
       3
       3
       1
       4
       4
       0
       5
       5
       1
       2
       1
       6
       7
       1
       4
       7
       2
       1
       5
       4
       0
       4
       4
       1
       5
       6
       6
       4
       0
       3
       1
       6
       6
       7
       4
       5
       3
       2
       3
       1
       2
       6
       5
       0
       2
       2
       4
       0
       4
       5
       3
       2
       7
       5
       2
       3
       6
       1
       3
       3
       7
       5
       3
       2
       5
       3
       4
       1
       2
       2
       3
       4
       5
       5
       4
       1
       5
       2
       3
       5
       2
       4
       1
       6
       1
       2
       5
       3
       1
       6
       7
       1
       5
       8
       0
       2
       3
       3
       5
       3
       3
       1
       3
       9
       2
       1
       2
       4
       3
       3
       2
       1
       1
       4
       2
       3
       2
       7
       3
       1
       4
       4
       4
       1
       3
       2
       3
       5
       6
       5
       8
       3
       6
       5
       4
       3
       3
       4
       5
       6
       6
       8
       5
       3
       1
       1
       1
       5
       8
       2
       2
       3
       4
       0
       7
       3
       2
       3
       5
       1
       3
       4
       5
       3
       5
       0
       2
       6
       4
       5
       7
       4
       2
       2
       4
       5
       6
       3
       2
       4
       8
       3
       3
       6
       6
       3
       9
       7
       5
       3
       2
       3
       3
       9
       5
       2
       5
       2
       3
       5
       5
       5
       3
       6
       4
       7
       2
       8
       5
       5
       6
       2
       3
       2
       5
       0
       4
       6
       4
       9
       3
       3
       2
       2
       1
       3
       6
       5
       3
       3
       5
       5
       3
       4
       2
       6
       6
       9
       4
       6
       5
       5
       6
       2
       7
       3
       5
       3
      12
       6
       4
       7
       5
       4
       3
       2
       2
       2
       5
       4
       8
       3
       7
       5
       4
       2
       4
       5
       3
       5
       2
       4
       3
       7
       4
       0
       2
       1
       5
       3
       4
       7
       7
       3
       7
       7
       3
       1
       5
       2
       9
       2
      10
       2
       3
       8
       3
       5
       8
       3
       7
       6
       5
       5
       3
       7
       4
       1
       2
       8
       3
       6
       3
       3
       5
       8
       5
       9
       1
       4
       3
       7
       2
       3
       3
       2
       5
       3
       2
       3
       5
       6
       3
       6
       9
       2
       3
       4
       8
       7
       0
       5
       6
       1
       4
       6
       3
       5
       6
       3
       2
       6
       8
       2
       4
       0
       5
       4
       1
       1
       4
       3
       3
       4
       4
       1
       5
       3
       5
       3
       2
       3
       6
       4
       3
       3
       6
       0
       7
       3
       3
       4
       7
       1
       3
       7
       3
       5
       3
       2
       3
       2
       2
       7
       2
       7
       2
       3
       1
       2
       4
       4
       2
       5
       5
       5
       2
       3
       6
       5
       4
       2
       8
       2
       9
       3
       1
       1
       5
       8
       5
       4
       4
       6
       3
       5
       2
       4
       5
       5
       6
       5
       7
      10
      10
       4
       3
       9
       5
      12
       6
       7
       5
       9
       2
       9
       7
      13
       4
       6
       9
       9
       4
       9
      10
       5
      14
      10
       8
       8
       7
       8
       4
       8
      15
       8
      11
       8
       7
      13
      11
       9
      11
      12
       7
      13
       9
      11
      10
       6
       9
      16
      10
       8
       6
      11
      11
      11
       6
       3
      17
       8
       8
      11
       9
      10
      10
      10
       7
      13
      10
      10
       8
       3
       9
      10
       7
       8
       2
      12
       1
       6
       8
       8
       4
       7
       8
       7
       4
       3
       9
       6
       6
       6
       7
       5
       4
       8
       7
       7
       6
       5
       4
       5
       4
       4
       6
       5
       7
       2
       2
       7
       8
       1
       2
       6
       1
       6
       2
       6
       2
       2
       2
       2
       7
       1
       3
       1
       1
       3
       3
       2
       1
       3
       5
       2
       1
       4
       3
       2
       4
       4
       1
       4
       3
       3
       4
       2
       2
       4
       1
       2
       2
       3
       2
       4
       2
       1
       3
       2
       0
       4
       2
       2
       1
       2
       1
       4
       1
       3
       3
       0
       3
       2
       2
       0
       1
       5
       0
       1
       1
       0
       3
       1
       3
       0
       2
       0
       2
       1
       1
       0
       2
       1
       1
       2
       0
       0
       0
       1
       2
       1
       1
       4
       1
       5
       0
       2
       2
       1
       0
       3
       1
       1
       2
       3
       0
       1
       0
       0
       1
       0
       1
       1
       1
       2
       0
       1
       2
       1
       0
       0
       1
       1
       1
       1
       0
       1
       1
       1
       1
       0
       1
       2
       1
       0
       2
       0
       2
       2
       1
       0
       2
       0
       0
       0
       0
       0
       1
       0
       0
       0
       1
       0
       1
       0
       0
       1
       0
       0
       1
       1
       0
       1
       0
       0
       1
       1
       0
       0
       1
       0
       1
       3
       0
       2
       1
       2
       2
       0
       2
       0
       0
       0
       1
       0
       1
       1
       0
       2
       0
       2
       0
       1
       0
       2
       0
       0
       5
       1
       0
       2
       0
       0
       0
       1
       1
       1
       0
       0
       1
       1
       1
       0
       0
       0
       2
       0
       0
       0
       0
       1
       0
       0
       1
       0
       0
       0
       0
       0
       1
       0
       1
       0
       0
       0
       0
       0
       1
       3
       0
       1
       0
       0
       1
       0
       0
       0
       1
       0
       1
       0
       0
       0
       0
       0
       0
       0
       0
       1
       2
       0
       1
       0
       0
       0
       1
       0
       0
       0
       0
       0
       0
       1
       0
       0
       0
       0
       1
       0
       0
       0
       1
       1
       0
       0
       0
       0
       0
       0
       1
       0
       0
       0
       2
       0
       1
       1
       1
       1
       0
       0
       0
       0
       0
       1
       0
       0
       0
       2
       0
       0
       0
       1
       0
       0
       0
       0
       1
       0
       1
       0
       0
       0
       1
       1
       0
       0
       0
       0
       0
       1
       0
       0
       0
       0
       0
       0
       0
       0
       0
       0
       0
       0
       0
       0
       0
       0
       0
       1
       0
       0
       0
       0
       0
       0
       0
       0
       0
       0
       0
       0
       0
       0
       0
       0
       0
       1
       0
       0
       0
       0
       0
       1
       1
       0
       0
       0
       1
       1
       0
       0
       0
       1
       1
       0
       1
       0
       1
       1
       0
       0
       0
       1
       0
       0
       0
       0
       0
       1
       0
       0
       0
       0
       0
       0
       0
       0
       0
       0
       0
       0
       0
       2
       0
       0
       0
       0
       0
       0
       1
       0
       0
       0
       0
       0
       1
       0
       0
       1
       0
       0
       0
       0
       1
       1
       0
       2
       1
       1
       0
       0
       0
       0
       0
       1
       0
       0
       1
       1
       0
       0
       0
       1
       0
       0
       1
       0
       0
       0
       0
       0
       0
       0
       0
       0
       0
       0
       0
       0
       0
       0
       1
       0
       0
       1
       0
       0
       0
       0
       0
       0
       0
       0
       0
       0
       0
       0
       0
       0
       1
       0
       0
       1
       0
       0
       1
       2
       0
       0
       0
       0
       0
       0
       0
       0
       0
       0
       0
       0
       0
       0
       1
       0
       0
       1
       0
       1
       0
       0
       0
       0
       0
       0
       1
       0
       0
       0
       0
       0
       0
       0
       0
       1
       1
       0
       1
       0
       0
       0
       0
       0
       0
       0
       0
       0
       0
       0
       0
       0
       0
       0
       0
       0
       0
       1
       0
       0
       0
       0
       1
       0
       0
       0
       0
       0
       0
       0
       0
       0
       0
       0
       0
       0
       1
       0
       0
       0
       0
       0
       0
       0
       0
       0
       0
       0
       2
       0
       0
       0
       0
       0
       0
       0
       0
       0
       0
       0
       0
       0
       0
       0
       1
       0
       0
       1
       1
       0
       1
       0
       0
       0
       0
       0
       0
       0
       0
       0
       0
       0
       0
       0
       1
       1
       0
       0
       0
       0
       0
       0
       0
       0
       1
       0
       0
       0
       0
       0
       0
       0
       0
       0
       0
       0
       0
       0
       0
       0
       1
       0
       0
       0
       0
       1
       0
       0
       0
       0
       0
       0
       0
       0
       0
       0
       1
       1
       0
       0
       0
       0
       0
       0
       1
       0
       1
       0
       0
       0
       2
       1
       0
       0
       0
       0
       2
       1
       0
       0
       2
       0
       1
       1
       0
       0
       1
       0
       0
       0
       2
       1
       0
       0
       0
       1
       0
       1
       1
       1
       0
       1
       0
       1
       0
       1
       1
       0
       0
       0
       0
       1
       1
       2
       1
       0
       0
       0
       0
       0
       0
       1
       1
       0
       0
       2
       1
       1
       1
       0
       0
       1
       0
       2
       0
       0
       0
       0
       0
       0
       1
       1
       1
       0
       1
       1
       0
       0
       2
       0
       2
       0
       0
       1
       0
       3
       3
       0
       0
       0
       0
       1
       0
       2
       1
       0
       0
       1
       0
       0
       0
       2
       0
       2
       1
       1
       0
       0
       1
       0
       0
       0
       0
       1
       2
       1
       0
       0
       1
       0
       0
       0
       0
       0
       1
       1
       1
       1
       0
       0
       0
       0
       0
       0
       0
       0
       0
       0
       1
       0
       0
       0
       0
       0
       0
       0
       0
       0
       1
       1
       0
       0
       0
       0
       0
       1
       0
       0
       0
       0
       0
       0
       0
       0
       0
       0
       0
       0
       1
       0
       0
       0
       0
       0
       0
       0
       0
       0
       0
       0
       0
       0
       1
       0
       0
       1
       0
       0
       0
       2
       0
       0
       0
       0
       0
       0
       0
       0
       0
       0
       0
       0
       0
       0
       0
       0
       0
       0
       1
       0
       1
       0
       0
       0
       0
       0
       0
       0
       0
       0
       0
       0
       0
       0
       0
       0
       0
       0
       0
       1
       0
       0
       0
       0
       0
       0
       0
       0
       0
       0
       0
       1
       0
       0
       0
       0
       0
       0
       0
       0
       0
       0
       0
       0
       0
       0
       0
       0
       0
       0
       0
       0
       0
       0
       0
       0
       0
       0
       0
       0
       0
       2
       0
       0
       0
       0
       0
       0
       0
       1
       0
       0
       0
       0
       0
       0
       0
       0
       0
       0
       1
       0
       0
       0
       0
       0
       0
       0
       0
       0
       0
       0
       1
       0
       0
       0
       1
       0
       0
       0
       0
       0
       0
       0
       0
       0
       1
       0
       0
       0
       0
       1
       0
       0
       0
       0
       0
       0
       0
       0
       0
       1
       1
       0
       0
       0
       1
       0
       0
       0
       0
       0
       0
       0
       0
       0
       0
       0
       0
       0
       0
       0
       0
       0
       0
       0
       0
       0
       0
       1
       0
       0
       0
       0
       0
       0
       0
       0
       1
       0
       0
       0
       0
       0
       0
       0
       0
       0
       0
       0
       0
       0
       0
       0
       0
       0
       0
       0
       0
       0
       0
       0
       0
       0
       0
       0
       0
       0
       0
       0
       0
       1
       0
       0
       0
       0
       0
       0
       0
       0
       0
       0
       0
       1
       0
       0
       0
       0
       0
       0
       0
       0
       0
       0
       0
       0
       0
       0
       0
       0
       0
       0
       0
       0
       0
       0
       0
       1
       0
       0
       0
       0
       0
       0
       0
       0
       0
       0
       1
       0
       0
       0
       0
       0
       0
       0
       0
       0
       0
       0
       0
       0
       0
       1
       0
       0
       0
       0
       0
       0
       0
       0
       0
       0
       0
       1
       0
       0
       0
       0
       0
       0
       0
       0
       0
       0
       0
       0
       0
       0
       0
       0
       1
       0
       0
       0
       0
       0
       0
       0
       0
       0
       1
       0
       0
       0
       0
       0
       0
       0
       0
       0
       0
       0
       0
       0
       0
       0
       0
       0
       0
       0
       0
       0
       0
       0
       2
       0
       1
       0
       0
       0
       0
       1
       0
       1
       0
       0
       0
       0
       0
       1
       0
       0
       0
       0
       0
       0
       0
       0
       1
       0
       0
       0
       0
       0
       1
       0
       0
       0
       0
       0
       1
       0
       0
       0
       0
       0
       0
       0
       0
       0
       0
       0
       1
       0
       0
       0
       0
       0
       0
       0
       0
       0
       0
       0
       0
       0
       0
       0
       0
       0
       0
       0
       0
       0
       0
       0
       0
       0
       0
       0
       0
       0
       0
       0
       0
       0
       0
       0
       0
       0
       0
       0
$ROI:
1
729 933
$PRESETS:
Live Time
43000
0
$ENER_FIT:
-11.011522 0.363344
$MCA_CAL:
3
-1.101152E+001 3.633436E-001 3.226449E-006 keV
$SHAPE_CAL:
3
0.000000E+000 0.000000E+000 0.000000E+000
