Number of photons that left the target: 769812
Number of photons that interacted with the target: 763256
Number of photons that interacted with the target (2nd): 440616
Number of photons that interacted with the target (3rd): 235693
Number of photons that interacted with the target (4th): 110732
Number of photoelectric interactions: 35148
Number of photoelectric interactions (2nd): 71958
Number of photoelectric interactions (3rd): 73549
Number of photoelectric interactions (4th): 49533
Number of Compton interactions: 728108
Number of Compton interactions (2nd): 368658
Number of Compton interactions (3rd): 162144
Number of Compton interactions (4th): 61199
Number of photons that reached the detector: 884
Number of photons observed by the detector: 460
Detected Energies:
318.68718297623656
311.7166392698615
301.52426139455054
1.5899507032780946
121.96409320117475
304.2764301902255
67.25456891562166
324.3082310168311
290.04206795854145
309.161952586302
116.43334563797754
311.33317252955896
26.356302694978034
292.17784826205923
332.5070910123539
141.69845706284866
248.0303534244804
173.80956978673422
233.03128552037325
297.8188533976768
306.8554264249956
1.734261418352688
9.751386978527856
146.83377040405688
300.35623482460846
120.0615679295527
51.30014189070444
283.52900182693713
67.04478592790974
82.82808029672269
280.6352170873172
37.45293976997598
166.61886920229736
292.26351892453573
299.83604208426266
95.30167844661088
5.626914492634165
235.4513837414134
293.35492002187
302.8540054863354
198.9166084881437
193.23403555707378
166.58965672406578
97.85349954381331
138.45816190432666
296.2022994067938
169.30133320601794
313.0388093674284
200.13945480999342
312.7600879227568
316.79865007494055
28.217563693461244
168.74636593388914
298.37700442319067
6.075031143506848
327.81930737946794
142.65322139400374
30.324082061146388
201.5991360810071
296.8868918582993
316.5999717823925
289.36572977430524
102.84213664641459
3.93310716613646
185.4275290953555
318.7785926817472
46.28293644101661
67.24194473969645
20.151386210737794
313.15031489096447
0.8049387036166682
0.8678227562737139
299.87034758255334
306.69890055320553
22.691975869104603
315.6945703124109
294.3046163927753
21.946591255334557
300.3577534902995
0.7388228134924621
227.81770957701602
323.32361841607076
175.4928984010073
305.26308740572273
247.3275196811113
299.00730768903094
338.0561081560419
304.7013082232066
137.64183738097177
308.2302546204064
320.49990938619715
104.72080567886731
307.1234777921241
288.7800395122733
223.58124867520215
13.52806651894564
165.510438299117
32.96451079777881
9.97687726912113
315.5045245974557
294.07968499912636
240.45225318250615
249.77987716190748
198.0460816749373
18.383747870268483
279.82611984217976
138.2840716011704
158.83856433062965
265.321754241788
153.73777918829333
313.58042296328387
318.3518369664332
145.3662644869863
308.0183782897339
0.08805705712416673
26.751275520476316
313.4740702139317
159.09550018727947
162.61166378128883
301.495527807752
270.91340848555217
115.05093471723048
337.9892019724017
314.82997047833214
192.38538634169018
0.20974990984439548
323.16457476160974
251.6351285912158
298.07096182096313
307.401196894076
299.6108235964787
297.08593961044977
130.1925301199446
17.319414320792657
300.608226219935
167.97093969942821
39.836425367868
193.3965517193809
338.72830283424304
199.48632864342534
307.478335364826
302.52471494778683
91.78291419956669
124.82148175808268
7.087359950462242
64.09226306804514
310.819232574562
326.1098777060617
266.3727649098519
226.01344483560501
254.88153525289067
301.7814087435069
304.55610680597846
290.819593172019
327.68997844242705
304.47013688187315
82.22152976951166
314.1201446918563
302.98936859605556
139.91544444430724
208.84312142166516
1.1430326674403068
325.96249908432287
309.2366728154649
192.91338818363738
324.0711241314292
5.7365916383343585
76.47834002612721
26.45202303551505
4.725583752323717
200.04926516585743
140.5959938545474
260.41198324916115
296.7956078499112
262.7198831388182
320.9973412469515
304.87882807438
170.4797004803761
310.03117644991283
320.0845879653783
324.5050932675041
305.1887788432522
133.1137255315683
281.9225180401807
316.019318326175
328.591449966393
285.92427006393484
286.54980940671356
293.1686279166773
279.908603409876
2.4952705439436818
70.72140734748915
135.21135292186497
0.33193136780439747
162.3064016691487
68.29587529838112
321.7327962327204
127.43543494414507
306.19315916814327
323.7434943851739
307.3866015241065
164.94062964299732
284.115501439069
316.52383549936445
144.76979434966944
146.905563131646
122.54949740536327
182.2373995156805
325.79638038485143
310.2580819283066
252.21263374870222
300.7595487322371
72.56076277042486
246.55831198475687
138.8039837079177
250.97683536553973
299.4887678921434
302.1087968962908
6.413697173325786
324.55637575582324
129.00406263157532
0.17574707887526067
306.77642686968227
309.89062091195433
300.63073592712624
141.30777037716572
228.50918272268987
8.294199158329862
115.13022536052635
165.8043554493672
166.8772206445106
9.308055260139508
181.16197486810637
146.5280032746262
62.28406524733125
53.13708125864871
27.162621396574412
319.0308692879063
293.6014373490209
10.897599563450948
5.006825608596159
121.07670404037088
0.3478202159145925
118.9742786073936
224.65507870847514
64.58274351971207
135.18794593747927
319.0991455925794
41.832361272069846
293.73145298164286
4.837570890749126
328.31478287788326
144.28787978745967
314.86219110199505
278.31408620672136
288.7846849393289
94.98628703209248
244.56807420290136
289.3473101958645
135.7418972454468
143.6163347217408
249.59016458699335
130.97366359270404
290.5064467397373
311.5076181733274
6.730233539138587
93.35377851915734
0.38912835566764364
312.63601270462084
142.29642506077343
306.237859103452
270.8066723992256
303.26816402438203
13.37669486212359
299.2923866456533
298.8190973686441
9.06208595892288
140.8210764640386
322.0073348736425
69.65541387352903
320.27842813760833
302.9326163300676
284.4008582336168
195.87409985965996
297.45566794675375
303.21844068715217
181.8675779849293
234.556401800151
258.3377753580202
297.75993184224427
150.7163946029485
286.6345447883355
275.95885628891875
304.0521708118056
162.03957251716588
208.5780259056417
137.8703654238034
0.5600332983345326
125.8868750441902
288.1311297627947
292.40214761572145
134.72239942649375
304.56374808601043
192.2375790795977
311.24974635227545
190.73713382819236
129.61676101455848
94.77324472457467
19.42895532975193
320.61816264755583
273.8086482335157
308.1484786607256
5.687811925328349
189.12979911892748
142.56672147039978
131.99518202315173
249.37906743592148
314.60862454703135
153.71661973513977
156.58871717385236
271.81529646287703
111.33783450995577
120.05377900761589
180.1181541522402
155.95573341423773
9.078587995905345
241.87958541967774
213.95002304825255
268.946906728049
160.02012556764058
329.488072778806
158.13533151310784
312.53102424255445
313.12653009658277
176.90423868716468
9.436031260339258
330.3253650658785
31.28575435959382
308.081931578047
52.85993635681545
132.415685440495
143.28980813166712
257.5907115517924
12.1564944782962
327.0032735171319
314.2792438956762
21.631116250093566
52.47808845412649
308.0877007568615
318.93315585141454
279.07043037090654
300.4118620094988
248.1621818966198
220.1969665629727
302.1339195751808
0.6042822207992076
182.72772204407093
310.24279520220887
305.8909811561035
273.37099614704084
302.8574308860626
313.51591675330076
245.59161831121972
314.2696663749532
320.88608900488964
302.50874438938575
297.0364729214764
23.01753524439687
272.10853071984934
302.8783360095186
190.93875048650102
1.2877731967701564
118.3739078678911
300.3411639287287
324.29638796287594
164.99305551346393
1.0521518078121133
321.02777265074275
301.31020422788487
70.7809857117332
245.25538497480093
47.36150559380867
12.172054427014254
152.9603648443507
323.3363794146292
287.0545210805478
97.67427938427463
255.05811071868004
51.73625889696308
331.8296165160601
294.4245438313721
166.36249290680428
302.1655086635607
31.582044443869677
308.6638687440788
166.94672014652028
6.611115954796498
313.27448957997643
35.95152164716381
170.92785655615134
24.67335099794035
104.70863778969174
37.7963463233328
283.2256558085637
23.982027337822032
7.468209981682603
300.78841189605413
309.8216829850903
54.847627530721155
2.7631413166546723
327.61859511488643
143.69431834258515
305.72876944964224
8.312625241659799
181.25348070899346
313.5854543722172
0.0907096319820096
131.66399036961508
282.68454426377804
135.5137857672875
306.37969716897305
321.679862152621
1.1248564794591878
324.6253096413981
170.93093569325106
2.7267828309387827
121.16658803029735
1.338194472264956
292.8497939841104
324.8187736396153
284.60933259562455
296.7464777239656
302.1010092650838
33.49018309949822
12.274419352580496
1.5115711679863568
289.3705824926201
320.1837581280711
251.41193644004625
167.12396798167018
320.1881497621395
226.87445980164037
307.92649274675875
336.35471380037217
116.28344233190356
10.912994685534184
3.772911344815877
318.86007223358325
308.31907151148084
208.3637026068963
303.00364469680164
208.44472731204854
137.09612334252142
290.7529161473984
329.2230946265629
295.19496731872243
276.9138175117648
313.4133548248341
284.54099050778416
306.88899724220215
True Detected Energies:
311.9820521506761
303.80113987087475
285.3909397534648
1.6050959289004822
124.6984231187217
307.65593933388817
66.85602370569481
314.0015276160375
306.2033387228626
314.5727027546258
119.74355044045578
306.0746605616032
24.881042584594013
276.6767323798549
323.37399288500944
139.48026192095793
243.49681240130403
173.3468630404905
235.19684217152135
295.93920639518507
302.2346422897253
1.7714360820197896
10.808400599413801
150.00218685544723
297.7940794208013
125.07822207214039
51.230130083177926
287.7566601090585
67.68224527410356
80.6324690248006
294.50491738287974
36.86899392684859
164.2411398964391
298.81433807442767
311.15641612753217
97.37611619252803
5.72237160342479
240.0735296566901
305.60975374946275
308.6732039008802
189.1049571979437
196.50213083940622
166.3585654932033
96.72864645767538
138.49926390232417
280.78878300940534
172.21517796166327
311.3039171120232
201.41051156919
319.24178498227104
311.6462088952863
28.106440073272722
166.0794860739543
304.4092973934242
6.23822477462636
317.35745913300445
141.09425479465656
30.79355940821216
192.18883211646352
295.38224106003156
313.89977980565095
290.4876391901065
97.72284157395933
3.998401467155986
181.71357646169443
312.83192993781597
47.467334860670064
67.73315463866061
21.148221329504366
310.74029115182293
0.7607270209191483
0.8412653913811141
305.446262878473
308.1229920357209
23.896016184907012
320.31367737786167
302.26221799186214
20.74309211458541
309.7044115158856
0.7528979366040858
231.75821820216134
319.173272927722
172.6771282513553
310.818770229718
245.0577662608321
302.25516798057794
323.50722431362766
311.95902607347324
141.58772465565778
306.6601086562507
314.3789903279346
104.07470834264188
311.55851237552866
300.75031853463025
220.96128703200955
13.593855550991009
161.10670126143273
33.58047744153231
9.780870421066965
304.9832887680406
296.3595851430433
252.2212332674852
253.7935550896751
192.73140242491962
18.25602565106925
284.14553593632985
140.19968583870855
157.96078235143068
268.5536516994636
147.03198074323447
322.9657837396968
304.2291530586685
146.28020388033408
310.4395335240537
0.0873778692301812
26.71105474760003
318.68363522124656
152.93489375025237
165.020634625587
302.3174133412918
281.3987253195998
116.06167539899877
321.7935048149873
317.92788184490036
193.79699096196333
0.21654845402338196
320.5476493575761
260.2630292969651
311.71890421127364
295.8077218341752
300.16866661020094
298.6447878340781
128.44759738283156
17.12032281265519
302.97145785109547
162.93643578277653
41.086995169162606
199.2649840135848
325.1667336650685
207.9696889774379
299.16780087891493
298.61673393118144
88.99210572237018
127.75454484848538
7.252886768070539
65.40549062876087
321.28525769880537
318.51857217345076
278.6949693164768
227.34397482016013
266.1242059595463
303.3047960076388
297.08992194804193
296.8608554443247
321.4279336427453
307.0588843588659
82.39199375691226
311.66569415907793
318.1188290730904
137.82997765471828
215.16396621492626
1.1841346806905904
318.2078120129197
313.2429358439668
192.1949785515064
322.4689186106318
5.8756768085015665
79.59954973575887
25.821318475824057
4.729501952231033
190.53904388119668
141.35700882067144
267.0366582641548
301.25336531276656
262.5620828960859
311.8890049226121
305.63046913202817
170.1258487716124
317.6511685145104
310.77343449672543
315.1937243573791
313.9396680260956
140.5769777975791
282.2746396669789
321.03809358616104
317.4877538296427
296.3464543979029
284.4270655109956
297.5352451624964
289.09425452920254
2.4885507350963962
73.35663741712196
135.93289542641625
0.3208042100320654
162.49373443454317
70.3462838140216
315.2105854769965
130.0590941550927
307.45388880980704
306.20119671421224
311.4863018824419
165.8679937970912
291.25400299336144
309.6696102153911
144.35288013075123
152.476339976158
122.24596431129119
186.18653070209473
321.8094471235221
315.8960942017304
238.39811033688525
301.0923208478564
77.05801373971906
250.5558310070367
143.65921856205966
251.0644177019143
300.89112175570625
298.53594831291343
5.955277628682609
304.9964202646672
128.7733193212261
0.1700213108270816
313.0237235932268
300.24611075530345
303.40916669291175
143.7541548607461
216.10763521847147
8.684064063847842
117.89886073852969
156.8849054846095
165.08073803516564
9.009629687400434
186.5749883569644
140.24217946397405
61.85191623675382
52.619738079319475
27.760876578309137
318.69882250324065
309.3056785307095
10.455122130866414
4.81072738121992
119.31926864592512
0.3504549265295793
117.3993334135074
235.3144331357362
63.53820207429612
130.29271056190538
320.97303373450563
44.22308921677626
298.86822639466936
4.84443107385124
322.9718535394907
141.7793351950084
311.8750186543285
269.64890968517847
297.5219140894945
100.87107754348703
255.50290144261845
298.3152052604226
141.82760050915826
140.2379261637062
246.38139238772274
127.84347545106277
290.18051912576794
304.0725891903744
6.609467460545261
93.11456719619002
0.39323445832405923
313.95984297554423
143.06261100404888
309.49169452016577
270.941055627085
298.4281439389251
12.954285033115866
299.12078247333744
310.85875290591963
9.08815819135458
143.14242374413993
316.5191094312158
68.8589948250291
316.44258990678554
298.6214198266653
297.70275277328307
205.55850419271457
303.2567198604773
294.7625771617897
181.54272997238937
234.37558745177842
260.7121897136268
306.7691793909102
153.11536566635692
289.84884349060553
280.2802780333019
314.13666321783825
174.581716533634
214.09652970356817
142.57978464401154
0.5378291154301564
122.48522270799633
283.4247602941834
293.04300725935605
134.8320020777193
307.37424336167146
187.98526498309806
308.55450636262
197.16215216894037
135.88328635974057
92.15866017809752
20.02543889236989
307.86328038689567
283.4035877387312
296.3261079052249
5.566072072811835
185.29318226073562
143.53117740970154
136.23124653310748
247.98778871436335
316.3467166132558
155.34853374212287
160.21654784318102
262.90540213664457
116.18984665577045
123.51168182786891
178.28260229073518
162.03863680274114
9.543545189752365
236.5995075907388
211.54867667607158
280.76050422376954
156.57870602589745
320.26945824476854
168.75597431846236
316.5034999062196
293.78035023794274
164.9934318569285
9.231803751460063
317.68378568682016
31.2973134012031
302.18728098090514
50.898319575581525
137.8747717915863
142.94675160302006
249.25215844339957
11.895331730383418
315.7621994821493
311.73191105992095
21.439669968029932
54.180420323233136
307.8753172154539
314.2775553107776
267.5105370893796
315.80857616888846
270.42246611103957
223.41477563591337
307.1061903494187
0.611641874756458
193.99656167705407
314.6883675611781
313.94110656570746
284.393661291629
308.0424554398667
303.6286096072323
250.02588951939637
314.19258542682917
315.48518742247086
304.90897437988554
290.4350881310037
23.85342378990981
261.0199336630958
302.96728027243626
189.1584009432314
1.3067369574187353
114.23412801540181
301.2660522127133
298.50528905800337
162.68506058239333
1.0426669571307343
313.6217049310819
293.6531843773619
70.64989636468806
240.30956157224378
46.29002897634538
12.059302620198196
160.23215621777354
316.12239187664625
306.94688776063725
96.48559191600333
261.0563252806807
53.80457854492917
322.20197140603915
288.8242771235538
171.57324680393955
299.95476293470705
30.72976751195256
315.9762073327176
178.74140141921575
6.447603269763647
307.37874587574805
37.59923414690087
172.3452804244367
24.568746076210573
105.82181949801574
37.37276666618479
272.9934766070524
23.21482602349346
7.498514498666395
307.7797265801918
299.38274313025187
57.03768957895079
2.7842914632797715
322.89525375716215
140.34408231480327
306.0271001335916
8.113877765113955
179.4326221839846
301.874196197026
0.09266234077728086
128.06101928051632
281.2365112825927
131.36718884292387
302.87636965318165
317.35789828507177
1.1604348728459968
320.5196240811065
167.4112595822916
2.7505505763447786
119.75312301709417
1.3145487604272716
314.75168657238737
310.0314135645262
296.9390789611357
302.4413013712206
316.99897522714167
33.54188029117705
12.134922132400732
1.487032099995531
293.31670533565574
308.86141327505015
247.5562498777578
165.10909280050944
307.60304551231394
227.78531295971894
311.3848358188224
321.4018724346601
119.63687142742756
11.040535767325707
3.9797168015263082
325.66870612751046
310.84124245454046
209.16441999380288
317.32670850577796
200.54118543898912
144.16860142652573
301.95416146883736
316.80153249414445
306.567408601174
284.30268124590907
311.36711258080544
297.6901957888648
307.5126239464006
