Number of photons that left the target: 769766
Number of photons that interacted with the target: 762999
Number of photons that interacted with the target (2nd): 440457
Number of photons that interacted with the target (3rd): 235114
Number of photons that interacted with the target (4th): 110445
Number of photoelectric interactions: 35265
Number of photoelectric interactions (2nd): 72374
Number of photoelectric interactions (3rd): 73477
Number of photoelectric interactions (4th): 49118
Number of Compton interactions: 727734
Number of Compton interactions (2nd): 368083
Number of Compton interactions (3rd): 161637
Number of Compton interactions (4th): 61327
Number of photons that reached the detector: 893
Number of photons observed by the detector: 436
Detected Energies:
299.7996229835501
24.25116531243483
38.65799036188138
316.7730883987389
128.98577245537464
301.45053274701576
13.386191667332671
303.0200150133391
321.669752550595
319.7433209286962
322.538431552909
160.84226083384948
327.12152330744044
119.07145375098747
98.05514844103212
323.5330244424986
34.28037510087066
303.1923415311925
165.33966372873198
304.92986755184756
145.3351974373475
136.0985440452833
148.99204254029692
164.2205143820866
0.5428986995663291
327.48027264490895
175.16897468823217
11.484445587608029
100.77371925184026
0.06755343331825071
294.22191329090055
214.42777623410916
124.13444942217671
18.804891410717406
160.17647990935535
288.02216389735895
292.8984148058043
285.24364875248
304.48036048247616
310.3132635203045
300.69546783725986
97.10506222398669
322.6471022498078
244.24010522412854
194.72655152612748
302.8187318074923
267.5447375473988
306.6785777368365
324.8768946104239
249.17699490248273
325.1625160298513
155.0782992443285
90.86553835983426
219.3156456558946
212.3372914582384
172.21688304664124
5.420776324205676
290.42391545028744
266.78666846788013
132.47162268694467
123.38116435577275
123.3130901048777
326.3910877684746
309.9394540556954
0.6061899317547292
256.4264751592216
176.7164937696362
323.0979518037514
300.4663290440257
36.709113774569936
17.203952304517724
305.6236567243481
300.2740476270342
141.35668197575617
8.300698909256562
315.6642596228692
242.79145622691226
39.606752088377604
141.05948254323283
304.445938307946
322.4184898935402
337.39265255499765
173.3615757485529
316.17369758431846
22.485733816109448
303.47773164349405
74.2613077009099
18.563639593390075
15.337468333509406
157.51576089929392
304.49064201353514
310.4838210719372
104.54667394622682
127.53507531646139
131.08714272474123
81.18570543557999
98.529064938085
13.811036257642598
11.658831615331477
294.104033293995
151.30183077010588
343.54072880848946
115.66711518719877
319.6861852564356
274.62891894651875
315.30081450459016
172.19855541217328
294.1025199005994
216.7031861958555
302.92904774583485
315.9387570763695
297.07651419595277
300.8605582139878
13.563412403365982
165.43003159027052
86.6307408585334
303.69384111903395
13.514097577790169
205.38673419712794
285.64830159711784
308.6481136397117
297.04376716808355
150.82706000525573
4.572974910103086
97.33574176917577
321.29655609207344
308.94395198309326
309.187645036491
197.34840240888713
0.9475611169209298
262.3797115530015
135.8409758861704
1.8046591859095809
148.06018147227394
306.7519728648292
302.85601157403084
293.2781003180202
313.18753354160896
16.99640593474681
310.81567168271533
324.31245698679135
0.5639132390960025
309.62782356966034
258.80548198534564
327.4856647896622
288.33989809235214
17.10450622300192
298.26299501753533
124.34181219959785
299.3021992222812
193.71498316975206
298.2653119242275
300.5870442778016
12.242746191810188
275.9131160196686
304.0844851554831
169.50820116858011
332.62584591247946
1.8808601174371071
166.80955690072594
305.20375220614767
139.98358597792352
302.99507666310285
311.9285495978969
289.04027824100564
303.3555145584268
291.50418847647944
132.084914327064
117.42235136321197
313.6176764792918
263.7284263073715
13.754888827697124
219.66975852218005
301.45223510846654
296.55769260581235
325.3768612689878
207.49254953717949
153.52476637434424
305.91007950273575
273.0131821963513
0.1095560824518977
121.43637759916543
311.31195169603035
291.7882923146015
40.240775110578404
106.89091380080356
143.875377069064
294.057867433971
275.6956537532342
261.25877356440117
124.32150780352988
145.08660292985712
141.0791229592895
167.533737784133
308.1446300730818
247.46011421007762
222.33797874671026
167.96890258308414
272.2429490813076
44.00244200146242
295.98952701077906
182.41122897397761
298.74868519654854
280.8210530095443
322.92465942920035
178.93786510729632
298.60108099517424
33.78912856142427
304.02024337392413
12.30970750790427
169.3587754226937
154.7386001409522
301.53868618910366
5.906620771531323
0.2472931201108485
7.085060129679521
86.74272693665289
311.85083273613895
302.976290461666
161.58914755073405
308.38652436726574
232.20861051233507
247.42970490884846
279.79872455879973
277.7521440522007
223.99603891533584
299.59127149325167
152.1835117178669
311.11494872232777
135.09895239744125
269.960251543509
201.30099177614613
52.07839751639376
116.0822808383267
302.46201577681427
318.99560320030304
110.60672515377607
167.6900715652638
18.49630509703565
313.0730978740098
53.407482418318594
142.8892128931128
0.0062825084427847126
254.13518633327428
3.6349657930225123
35.192190731999936
165.8166558481609
301.87905109182753
10.60422085427868
234.94690502195573
302.88605676025827
0.01312666905566491
13.943772837891196
44.22263664862571
294.4705463536713
305.00032340966436
24.38514183550521
59.038339183011516
209.78907947749443
4.1462019466460465
231.9210152495541
66.92908507947641
133.93770079934188
144.48436603611447
152.552580103953
316.5148115455739
167.15236901873735
281.5821336210793
113.30590306869233
309.82739835177455
285.841474975708
4.439504821221819
314.5583397693689
270.9789101079822
295.4241371390966
56.57970508981531
25.90597586571192
83.35962937981874
156.4352333104127
41.44955789704188
310.72961184531664
149.66742222421033
158.1193985566339
306.0328827485018
149.3254148257728
50.114226960609145
291.1106581763666
134.31551495175603
311.5856101861766
11.332964471302144
208.61907488541104
236.01741892538467
321.18951554753613
315.2320403407328
304.64845023446037
312.22781203442486
151.08923335562136
2.946315297049804
32.43473776127136
309.50364258911407
183.89378495448062
167.2219440639929
311.3083678774857
51.08223808386283
10.550665592632443
323.6075555265689
123.42767964249448
288.10044754177125
107.93156261850858
308.169988542565
304.74598379498843
326.0369063119153
160.5573414415498
305.6295311744059
148.85357726929973
107.24494775832962
273.5964011953312
311.58971214242945
303.9003290504232
59.5494890119503
44.07045041895406
153.67291860322342
189.36716681957813
322.1488626548972
8.2766721810212
296.59399791146797
4.146372631795078
22.522725515340582
318.45492314509016
190.0899866613273
139.4701323765914
312.2942012679998
322.84984518794784
20.23722563680783
309.4935324366261
318.7374456044009
317.1950990601206
317.22976021261917
11.359887526272296
324.5928031708322
310.670910807145
131.8224773995506
311.4988572483273
168.48744069131533
303.40919906231375
306.858659095605
2.8815571284202286
166.41961847361398
153.5519497197975
263.21005668743703
217.39590781956193
197.401812962223
134.10811921853374
175.92848922573376
329.1973716819547
148.26974202221845
198.15517745209746
0.03929815895818382
9.167800805848812e-06
132.17857196767383
181.62161164536002
313.5006379391206
315.944986309461
223.59815240565533
159.3514426846613
4.438935235894662
0.14753942903088121
143.10475703045597
144.93725578842762
164.469512901725
93.06814751666484
161.76593723842944
39.543100240294955
291.07487015466603
280.82921177706953
35.153762082709314
292.83200612457915
134.54876993257912
334.85479063247203
324.9946273455012
65.5216485394791
60.04420959445913
113.65443237971338
316.62741945795574
105.81339653878221
0.1382072894709352
253.97913973611443
306.5866913850599
310.8133145237254
322.1965043624502
116.89381587926786
30.681375660813377
300.1409638923719
19.42191296141979
300.2366201256785
299.0622001770645
213.59232681034058
170.02814757624537
292.9731849957089
64.579415788433
324.6634478664352
36.523800435760066
181.76350591313215
323.1178557790991
324.25317907587043
311.4567880604724
307.66219813036537
84.55604474419629
44.081127147838636
130.09726015951244
5.350654785810928
137.96915215696563
144.19153242294703
301.9254245484976
177.7073925082358
144.00174420318967
197.58053362581649
117.62443214033193
318.8407078852495
320.98921847194623
255.76292363253964
75.06353076969526
78.22375605132939
279.0568164049348
168.87240208917373
175.64091777222635
291.3434120015318
295.5653502365104
305.3465573871677
27.639489169389893
127.88629187496686
294.0789407749229
299.27576233358093
313.25598087580175
177.784877439194
70.11089144342809
True Detected Energies:
304.23955078459795
25.651375980254954
38.68704706777356
319.8329505540796
133.46426493517458
314.6267699739233
13.1191936121416
309.748438364762
300.9785420655974
320.24252634542466
325.6896684137581
161.84269951762968
317.0201310068354
119.21013121120905
101.02458398633496
306.24261245263006
34.479768806468655
309.3885021770782
162.74677052369483
303.68434320832796
148.1380450507663
136.83021385770772
151.52599703713625
168.45751227639352
0.5370786750230252
325.95395196874597
168.25019683839574
11.944108618456426
100.35860967366818
0.06855067580249852
300.50263851975245
214.17975291306553
120.86713131519072
19.301500252499295
154.7820392480473
304.31531813534326
298.72689087791963
282.6044027103783
305.678751038138
316.3188688894618
318.0972267306811
95.93199960779205
313.2550989332617
244.6823592290613
196.55629697210625
302.4232589157736
283.49009958503194
315.5351540208818
312.56452065224653
246.29229250920156
312.9739157309791
154.89074760182314
91.45706495986259
218.6975802045456
215.17013156029756
170.65637417894143
5.723035225476622
300.4241100032858
261.02519851656814
130.45660890326837
127.25957886290806
124.86763113796944
318.48189741606615
321.1200720071626
0.5924628935746625
268.74454824510894
180.69302698832323
316.86468292543685
307.05900975651343
36.92110599038614
17.4212846515303
308.1840065044605
302.7754840763054
139.96577439758116
8.383164373652562
304.7565206752173
244.61195704339167
42.15665487195491
137.72628849261977
309.5120462863608
305.452364339713
323.75257886535655
170.07336192499372
315.2334634924505
22.302635260469913
287.1047019396515
73.82503651386443
18.810257352908593
14.411580661034478
160.6673613320347
318.2841176805327
315.7642133038094
103.45313785522033
126.1793974806312
129.6935222535257
84.37330540566074
101.43939906156203
13.858738995862893
11.480647125515645
306.9243077621042
147.8580469873524
325.4368976770089
117.91309721162068
315.74626136339276
266.3970963581457
304.82255437852166
171.7282441721384
299.0009498236384
213.55101680218877
312.57284422465443
320.3789877766114
309.77599754617626
304.6552724746706
13.184603162234396
160.389972982577
88.74543393710567
308.7851474654321
13.184920125904341
200.87569898600157
282.8274335213987
316.605802991532
304.5479888432528
148.5676585771089
4.625252002072557
95.49051482112995
315.81418855733534
317.59619587801507
320.2388183517386
189.48497940189284
0.9091127863443376
277.9248601736425
131.82421525094617
1.8476287860963794
144.9258940608057
317.3524881655863
293.3495494753403
310.5506424903952
305.7584545275186
16.29422187009743
315.89155405103526
319.2161005515813
0.532119390615037
310.0268397779458
258.5576642047177
318.523124784888
299.05344673541265
16.605272983189252
292.11239288252705
126.386463416121
306.8360556177755
196.9483512536395
311.47288798224093
297.6709159689609
11.751056604544885
272.2935396213276
299.03919213312565
167.04035782644866
323.2036575477912
1.8778619524211422
174.18609238741283
309.0066423076402
137.42539180469151
290.3147292571217
319.5279377882224
286.10247622408497
298.9249684562288
295.33636054462863
128.7980687224556
116.28260464953044
301.86677485590616
265.2954873760643
14.492603625444644
216.86000032480976
295.74561483990414
298.02505561562714
317.01287581992784
205.32066932640654
151.71246520487608
302.6505362144281
280.75074105098827
0.108915847189337
123.86019780952807
310.4026696438362
308.95973999181086
38.56775942869666
107.10915013541839
142.81862369149957
302.68848671757695
298.37310996706117
277.09518766763796
122.33338685043199
146.55396591651828
142.43223850492387
168.09262514219932
304.49407810617856
246.22817474361946
225.90360828633712
172.12638481993477
275.2973938078437
42.58269732086222
313.4083427181657
190.55580954240247
302.54722188983084
280.23277099843244
310.88146175795134
182.10982695282075
310.2880579528972
32.8724816158778
308.355294649781
12.22143243376496
163.71502200501797
159.5944298255916
294.5697725705612
6.237054318001981
0.23578373500282623
7.607275477301016
91.70549918911354
301.4030382066535
296.16602972108905
160.37625317161124
311.28921409589293
230.29869450985095
244.0945738671817
276.4281032470438
286.5355703315905
227.34585995744027
294.07198353801823
144.33469093172158
311.9840954720378
137.28729528903517
269.1258062542302
202.69468645842423
52.43822344879777
126.39186824120674
300.4176687297223
314.4358785130934
115.26935915053937
161.5582245739918
18.32710742385467
304.79699365087845
56.002118652982006
148.0464813352402
0.006296041860252899
251.75321078558252
3.7440944241095053
34.76615715865523
166.56761453375418
300.41309802104513
10.334459701360174
231.37819819309607
304.20283691243577
0.013172521188494102
13.770776628138265
42.518509100626716
303.19379978012415
313.0990253385568
23.64331605775766
55.985494459457584
211.0746592190811
4.204400385439044
241.8429453641915
70.32498204236376
141.00503204178682
138.61833400866544
157.0501250611108
320.550534669441
169.00720044011902
288.2657709873384
116.2853573710412
319.4432691670925
301.11307385037793
4.381173191423272
315.718278115163
276.5359604154305
309.7526956018466
57.19091758505317
26.30599627398618
83.081350646022
157.96520427844766
41.40031248077878
314.7359912276119
157.40764346847453
154.1282313964005
306.3264710560848
150.2775217984082
48.652163588449895
304.9706724264207
135.4177923066875
306.6255042257691
11.535846281450347
213.4761694932718
236.3005845664295
308.135249584406
307.79183904014974
303.1575395059927
317.65071475869115
154.39288162842763
2.9312003732877088
35.24841821914447
319.78349731237364
186.33212046968728
167.67215717262098
295.75888873281235
47.91462147132768
10.275267177891237
305.89548633381247
127.38523865455365
290.18267849627665
111.47469535108556
307.0993111537688
315.2251330106974
320.638753184103
163.41521989876955
321.63730366409595
145.21963556969973
110.01226867184096
280.7597888092346
312.79299531125736
298.36400260967133
57.6930719347651
43.66944437676182
148.63482188353285
192.0856341985446
319.7530375238649
8.428101318568736
311.30077954889674
4.128598925071572
22.566755861010733
321.43170662245393
192.8088877706326
142.42656434506384
306.23706206760204
299.89920482700614
20.786127222659843
313.6195711335833
311.8135217431709
311.32131070219845
317.4679356421786
11.824642750374835
311.0876956437459
302.82422405998796
136.65600397461276
315.21973791224286
166.9977169194712
315.89814497001066
318.3402632128894
2.8776879650582714
161.7728480953982
144.88627393043757
266.07355034291504
225.96288567825943
203.55913886083843
133.18141778564996
169.37271446548414
312.6142495605342
150.3605938425227
196.68469570955997
0.03999222982417905
9.460967476115911e-06
128.8527458503237
179.01249955432309
316.3838044322945
311.27074891254523
224.77893601197067
163.63924737549286
4.534851898663646
0.15263177013326867
150.44583037438485
143.89974251432258
166.29793679885304
93.51480362529043
161.49141785850622
37.921084874468704
295.29093848420536
301.67165257966474
34.9345695191829
299.32432079028416
136.85055091552078
321.46908586242745
323.89097172342366
64.85929452973485
59.37380661289012
110.4266302175239
310.31606740730393
109.08382504768076
0.13866786938422138
271.1632200100272
303.12018319110183
321.936426681546
311.05942856862487
113.98914948524418
30.99442287084196
312.81084253289936
18.082523273403524
309.59834992402875
301.0623824135638
212.25174636327176
168.81819964145626
296.12681322067385
67.54724888595598
322.9173429651509
37.016106395200666
170.64786328159153
303.7206482215048
315.83941699861055
301.12614231979046
303.63623307367214
84.82533575434908
46.085312806290915
135.96215346840242
5.35031553196967
140.18385513404806
136.7219221786843
298.58859411781634
177.12388232125164
141.35916013911748
206.21057012915904
115.8519227163869
311.2419136284737
313.4600891711221
255.81513986002767
71.27584374443849
77.20327528846039
284.4641847422471
162.41133491907573
171.63287152748956
302.5530305491778
297.07121015339425
296.7151122534163
27.545830675490606
125.27408538720096
294.36039936504113
294.81684738133293
313.17090957365684
177.67621640469974
71.2670566306174
