Number of photons that left the target: 848650
Number of photons that interacted with the target: 580010
Number of photons that interacted with the target (2nd): 279675
Number of photons that interacted with the target (3rd): 129152
Number of photons that interacted with the target (4th): 52532
Number of photoelectric interactions: 26693
Number of photoelectric interactions (2nd): 50569
Number of photoelectric interactions (3rd): 46664
Number of photoelectric interactions (4th): 27424
Number of Compton interactions: 553317
Number of Compton interactions (2nd): 229106
Number of Compton interactions (3rd): 82488
Number of Compton interactions (4th): 25108
Number of photons that reached the detector: 344
Detected Energies:
222.50180487325176
200.82579988544805
190.89275088410443
221.1732103591895
224.5322023093392
150.11367445875993
219.04451183757035
218.778436401659
213.53438230058035
218.77640896026804
197.3976179084914
215.67379838202638
211.32483052182474
223.44042404392766
218.23454537853016
220.4875612639299
215.89693338682886
197.2113209706362
213.96938719982384
218.0288061671944
220.45743367819296
216.7629701109599
217.80171810163105
138.03473784676106
219.07258413656882
214.41779584239404
209.93989268631097
213.6323240995852
223.43291839119985
221.3300414510665
209.93292190115633
209.93217784194198
216.59752842106502
214.3017266078724
220.9955209111233
165.41615585007483
217.59877342153672
215.98402868482546
182.51320769914662
120.48775221416211
215.0963475642876
224.0404849171719
214.33409770053296
217.1028347657125
221.94582358683897
226.8766073739581
225.80617634392613
221.52917441918484
216.62456223102436
178.21863327594124
178.07146191182065
219.7531684632629
211.69144675853948
143.93788651299627
219.25711365915586
217.5825394681227
217.5672603588845
213.8083392396634
219.59007022071236
214.667456088824
191.4113054959693
217.24803741067595
217.66535384094146
139.68143972321434
218.3162944275198
215.21059806315708
218.75645115450953
212.78441307574033
215.55918233572837
214.56523956467925
111.53471600656941
218.60101835076458
217.88372988660765
217.43231213070536
212.53979470060958
209.47200910621248
214.7786311718897
213.4330817298254
169.94913689222508
224.70308219713922
208.57596489787696
149.60370575998874
212.6815003810415
219.88152917973673
216.87036918065144
214.0269277432169
202.68685809143065
213.75243680101866
221.94821262114115
215.23518618663118
132.65759842171434
219.55909145340604
212.97592202820002
219.56495303784808
213.5890304303975
216.36071074468109
220.27744800040935
225.0956800194411
205.2587185785313
145.4977620337066
222.492247835308
217.7658645270871
213.27989724745507
215.07095287115132
214.04424997444008
214.24125768587604
215.26695974886138
152.52406095795132
218.8683598133819
216.28711017237964
222.06066474249764
130.3138918654486
204.8885804226842
213.53224620639878
222.58341735140894
215.87605862085323
218.36298248282694
129.50648006526444
213.03488704901446
221.24456437026552
210.79601236151765
216.8633226104354
221.65185435546678
118.37398360048341
219.0962588576671
157.5077241099939
220.65434751613083
200.7140359369967
177.27779402926805
187.4536277284688
215.99171573280188
136.04011222023175
220.61601779404054
215.14774634128517
171.77750531356583
226.22413308965068
220.733854904177
214.4545000546259
218.37272080611635
218.53215154616677
214.09672194522062
219.36436772262445
213.47408413612467
219.4838697895502
221.3940231335909
206.5604533702121
225.0656268358764
214.73336476263574
136.91909242861578
218.53974840291787
153.76733432949672
218.2160219623897
150.01713147120006
126.12367613253637
217.855447284917
202.57339521485417
222.40214661380404
173.77424877326172
177.37343973321398
222.04288631226026
221.84588018857852
223.62442840548889
218.16821181284945
215.32779363493862
214.37683162344302
223.92672062258526
226.2703608564829
217.25296551792178
219.24689556864357
221.08571790536905
213.1228098326049
163.44770613190136
215.07877702023785
217.92782672111386
195.56764120657752
217.6447664525192
216.79430818113272
211.1187112604957
179.41620101090848
221.95996797478784
217.7520887153471
195.45551754179593
214.39698738804736
221.4460581614986
219.49847162731461
112.20875440398748
93.98314313489486
211.8694176948541
226.78304524978608
220.72938007391286
214.30985855859265
217.9895007969567
108.24054566330388
223.62519183655215
156.96427415370493
163.7410813991336
222.4545421972294
213.65712843135236
214.64935393185834
216.79162296960658
212.53819340880028
205.3417360050625
172.9944964590479
216.7334553384274
131.5190766961545
219.00107548728167
224.48581525956473
163.88528834673158
212.0211747611382
99.12545527514106
146.1840279822575
131.8312973074471
213.8045907029705
220.14028504765022
221.59392589080844
214.32641976864923
222.7490674951384
220.26321629196443
219.2587421834637
217.4578186741647
122.8947099438161
218.72199687308887
227.07394453766997
219.56638428052236
211.77559287564281
215.86911461515976
213.07431765061864
216.21332343692467
219.4992698436873
220.99238880884573
217.46710332835394
112.67174438497466
221.7637905000009
216.19129162320644
216.70311475453317
225.77777449172217
217.66259683342892
221.22061282699005
224.01649914364356
213.2440197820166
221.60664779639157
132.25946112070685
215.7788388002599
214.21521490126662
214.13283196713883
149.38112168608632
114.82482519116625
212.24569588009967
171.57392095387456
220.29609483521256
213.3587042433108
212.05942660623543
113.70462846138646
212.1201080567981
213.09598747422484
211.76598339196158
217.95936177747757
213.80591659514056
217.52002763951293
217.76865112492877
211.23584631201982
222.48287140170132
144.5562255863571
151.92229280864802
192.75664007906437
211.887281253598
222.01920701557464
213.60121804841327
146.53439542612878
221.2035513977503
214.51484188145483
212.2805781868892
213.46638016577103
217.41074277083848
221.59253909124965
145.34298473420205
217.21096403523882
223.80732618543902
213.90326024664537
226.7210817891161
217.20904954295204
219.1659917208097
215.98787044424867
221.11696525121417
224.42093759548678
215.12063553156514
212.64326356659873
225.83723477348667
222.49287803683146
226.23496238739517
223.93593817538022
212.57135232456045
225.75403020264545
210.37567128134575
219.67710114127098
152.47861486611015
215.14658349636446
214.2264646365671
214.88785547831145
218.53256200347886
219.37880925812405
222.09173925404474
217.1943638600733
173.3269733760044
223.17527532159332
226.32649090702557
209.72488978086642
213.5424843809216
221.26899919096107
210.99244122527074
214.93415241214925
120.59033819914201
128.70235540002682
154.71489740331342
219.4341712262229
145.76296776420534
224.17744497838194
210.96798801629666
