Number of photons that left the target: 847716
Number of photons that interacted with the target: 580266
Number of photons that interacted with the target (2nd): 280874
Number of photons that interacted with the target (3rd): 129328
Number of photons that interacted with the target (4th): 52187
Number of photoelectric interactions: 26863
Number of photoelectric interactions (2nd): 50862
Number of photoelectric interactions (3rd): 47227
Number of photoelectric interactions (4th): 27332
Number of Compton interactions: 553403
Number of Compton interactions (2nd): 230012
Number of Compton interactions (3rd): 82101
Number of Compton interactions (4th): 24855
Number of photons that reached the detector: 363
Detected Energies:
216.05622084301493
216.87893906217514
212.47072178664882
214.30565096168175
211.58950319060486
218.03226437156528
216.43104980484327
177.7432623034328
222.4850898204798
117.17169610212746
211.57420606957612
217.25726814844907
213.55265464978066
213.33505763761065
215.2838374697621
196.53950608423926
220.980700207095
193.65946692911382
213.59691891725217
216.08950787876003
117.804780634824
213.46418402178767
214.39177474429147
221.0367459999806
221.1212507283239
224.31513686076423
221.2905822998655
212.21055576774322
175.73683097707865
211.34417943435201
211.4365168877897
220.33644883425603
217.08518315493617
220.33308190024567
221.79751744949283
180.12218274180873
116.93194805615066
226.16924412959057
212.95842351372283
162.27283120412855
213.02133767214156
221.19953647894977
222.53763443240004
213.43575892916627
212.09402906229724
220.35854297467068
215.14886812310834
73.96845089125073
211.56672745011775
211.3502877998908
190.84292077508908
211.99913641761506
219.1589345875843
130.8664951863562
219.28529567598403
213.10434094063226
218.17360665943775
216.66575234881915
218.0129202878366
176.24901194487472
220.51546096824157
215.0391207464459
204.64727208890318
218.81681955804007
99.7846621271975
221.892256740456
126.27387030934254
215.64399830349302
222.73386295539274
128.22993560387167
183.27334311578116
210.50761998381975
218.01938942373627
225.61753899946976
217.85865116185605
91.17359357401692
213.00632736413192
219.9061614047889
220.55244381192446
214.42389828024264
164.11625231370002
211.93598554970268
218.28881118587572
218.59246680653587
225.95402341384343
115.07731402636865
227.29504188064854
223.79703534748398
216.21133190601736
216.28642727453604
216.8243698654411
219.43340272710606
215.16850642066808
218.24757602241084
223.94493127448735
210.74423599465993
218.25347417583146
212.8826587965236
215.20972455051702
220.47268191467637
215.06626973491763
213.05712355595207
211.37148109594239
203.82587995942123
222.84768689302092
214.15796707574947
215.93507145816463
223.39937197459236
217.761427993633
223.1620709955307
218.57566112364995
214.33993070996303
213.759801560102
217.05921862298214
223.0354975849403
226.88914254039054
216.71091433045794
219.24063858819267
204.48725871069973
168.5731752114509
220.1911061440576
221.5458631772402
119.42248266462002
214.21181554553036
217.77686758573824
213.73269735311717
201.53358682718564
218.94546187846038
221.5463770202547
217.15535620591015
219.33421471448221
213.619824190098
126.52501904881184
224.36979315546432
118.79984195533346
106.99507451503942
226.54409461514118
223.0312255308597
209.74954245490812
215.64615898976672
223.1925091017338
216.55792026939523
123.90616248649062
223.86961679496883
226.48689116719854
214.54521051738823
223.47920589435543
224.90891051893004
117.18804499032844
167.54061963434023
208.76572389583058
211.6375384252116
214.9050142046167
218.19561985005987
215.42607197710876
217.8830121016627
106.47997512480602
125.88926932938314
212.82081829702756
154.63361601067282
218.98794956025623
217.95916141343363
112.65512964371348
217.3665403552097
217.72387362988394
222.22370427999957
216.69838890509965
217.6811464176128
216.41242973819257
211.57280589731835
89.12558576237869
161.41757771890346
213.9291377654713
217.0861031986355
222.51745314277417
179.46157470314213
218.31427755866946
212.88531919002205
221.49879563575018
211.72102763484648
137.73310861890994
106.35868174253547
225.7137788526334
138.19780424193362
220.78061618389825
220.91256331712586
219.53004346291038
222.64947852796053
216.01109490969768
222.8169309115766
214.00161377218683
180.31892588477464
217.16417938407844
140.93103855616275
217.43970516549876
211.2034609026843
157.19867885690198
223.79105840304396
146.46712500692885
224.98700936549724
212.86223727269135
168.9182043208034
218.51960550031902
194.9050670938031
211.1740440509918
212.70106641549705
221.11742824515147
225.5312149940574
159.12468083866796
219.74130732402492
132.94695977509488
214.72915009820778
226.34627021069585
213.81697839417387
222.4922932176195
223.20354809010365
221.84157963244812
173.02798499114044
222.61953065114244
220.86738112043548
218.47912593859283
223.54965235746076
160.42171880340686
135.5438902958151
226.42387242375497
223.24158563692072
146.83828051914134
140.63723078249876
212.92254996826512
224.35342073201645
219.3900197867935
222.4513172735916
218.6003193705782
218.0774619757229
213.59940962883826
216.11944866000255
217.38271219269288
216.2530261463785
222.3620889919296
216.40509582993377
223.34856537528054
215.63374175901944
220.10968151283555
121.53633685283312
140.2183633670644
222.03236033098275
149.6169588523635
220.77822731618323
136.94504001833
168.689509475909
222.3949862052252
221.34116695082767
220.62168077635081
201.0864989781872
217.58792389932515
117.40471585163642
214.7730266201678
221.22682302520087
223.56715873306086
223.09279541636036
218.78346665359598
112.4682040272564
216.27420508961876
214.2863469685356
205.0105740616013
214.2980445328776
134.48214404983977
211.04042722203488
222.12551687186553
215.4224940428193
215.49444463295515
214.33477675316632
92.91953341399919
191.63893853538698
214.50025911604607
225.1746084035789
218.3469299002675
222.2853381562641
176.15906214591078
215.63014638220864
214.87069980305384
219.12347508150333
223.45624543097907
217.68450151530507
226.29993756772808
216.66344082256452
217.32457851740304
220.2134695948076
222.20962938775213
224.81738154204353
175.36241240111025
218.56954047156512
211.01758864606902
217.11562148518618
216.76707586015652
220.1450521890774
214.35103546729053
220.24855851025373
221.0248637128281
216.06869307650643
215.71923140125438
216.89023977852423
212.5832635001871
223.02110400047104
225.88964617298976
219.46720323737594
121.84919071729836
188.40159337620173
214.01973499662125
216.7528114517333
144.46099928145682
206.41907632236942
120.73560603305714
212.82546512552292
222.1908903001403
218.6201975341147
217.06656513592026
124.05024276540213
213.65062604359352
224.56093726667862
223.11771587521542
213.6470558142672
220.6754599696766
223.47194133233617
224.0568130269293
154.84449926890932
158.61209693878533
214.02691068660633
215.49648852270846
132.4766538378591
209.48348013913346
