$SPEC_ID:
This is sample 000.
$SPEC_REM:
DET# 1
DETDESC# DIP1456 PCI-Trump SN 253
AP# Maestro Version 7.01
$DATE_MEA:
03/05/2025 15:51:20
$MEAS_TIM:
43000 43271
$DATA:
0 2047
       0
       0
       0
       0
       0
       0
       0
       0
       0
       0
       0
       0
       0
       0
       0
       0
       0
       2
       2
       0
       0
       1
       1
       1
       1
       2
       0
       2
       0
       2
       0
       1
       1
       1
       1
       0
       0
       0
       0
       0
       2
       0
       0
       0
       0
       0
       0
       0
       0
       1
       0
       0
       0
       1
       1
       4
       2
       1
       0
       2
       2
       0
       2
       1
       2
       2
       1
       0
       2
       0
       1
       5
       2
       4
       2
       3
       2
       3
       4
       3
       3
       2
       0
       3
       2
       4
       3
       2
       1
       4
       3
       4
       6
       4
       7
       4
       1
       2
       4
       6
       1
       5
       4
       2
       1
       2
       6
       5
       1
       4
       2
       2
       2
       2
       2
       5
       5
       4
       0
       0
       6
       5
       7
       3
       3
       6
       8
       5
       7
       4
       3
       6
       3
       4
       1
       6
       3
       6
       1
       3
       4
       3
       4
       4
       3
       3
       6
       2
       3
       0
       6
       3
       4
       7
       3
       7
       5
       5
       6
       2
       3
       5
       4
       5
       9
       2
       6
       3
       6
       3
       5
       3
       2
       5
       7
       7
       9
       1
       5
       5
       1
       4
       2
       3
       4
       7
       3
       5
       6
       4
       8
       5
       7
       3
       8
       3
       5
       4
       3
       7
       8
       7
       2
       5
       4
       7
       8
       7
       2
       7
       4
       3
       8
       3
       7
       4
       6
       3
       5
       5
       5
       7
       5
       5
       8
       2
       5
       8
       9
       7
       4
      11
       8
       6
       9
       7
       9
       6
      12
      13
       8
      14
      12
      14
      14
      13
      12
      11
      14
      13
      14
      10
      17
      12
      11
      14
       7
       9
      12
       5
       9
       6
       4
       5
       5
       5
       7
       7
       8
       6
       7
       6
       6
       7
      10
       9
       8
      11
      10
       7
       5
       7
       4
       6
      10
       8
       8
       7
       4
       6
       9
      10
       5
      11
       4
      13
       6
       7
       7
       7
       5
      10
      10
       6
       7
       7
       8
       4
       6
       9
       4
      11
       7
       8
      11
       5
       9
       8
       4
       4
      11
       9
       6
       6
       1
       6
       4
       8
       5
       4
       7
       8
       4
      13
       9
      10
       4
      10
       6
       4
      13
       9
       3
       4
       6
       4
       8
       5
       4
       9
      10
       7
       7
       9
       7
       4
       6
       3
       3
       5
       9
       8
       4
       6
       7
       8
       3
       4
       1
       6
       5
       5
       8
       7
       7
       6
       9
       8
       4
       6
       5
       8
       5
       9
       5
       8
       7
       8
       8
       6
       8
      14
       6
       5
       6
       6
       6
       8
       9
       7
       2
       9
       8
       6
       9
       9
      10
       3
       4
       8
       8
       6
      11
       9
      10
       4
      11
       6
      10
       6
       6
       7
       4
      10
       5
       7
       6
       8
       6
       7
       6
       8
       2
       4
       2
      12
       7
       9
       3
       9
       8
       8
       3
       9
       8
       5
       4
      11
      10
       3
      10
       7
       3
      10
       9
       5
       5
       5
      10
       6
      10
       7
       6
       9
      10
      10
       7
       8
       6
       5
       8
       4
       1
       3
       4
       7
       9
       9
      12
       5
      10
       5
       9
       5
       6
       4
       8
       8
       9
       5
       5
       1
       5
       7
       5
       5
       5
      10
      11
       6
      11
       4
       5
       7
       8
       5
       1
       8
       5
       9
       7
       9
       7
      12
      12
       7
       5
       5
       8
      11
       9
       6
       7
       8
       9
       5
       6
       2
       8
       7
       5
      11
       8
       7
       9
       6
       6
       6
       9
      12
       9
       6
       9
       9
       4
       8
       5
      12
       8
       3
       6
      10
       5
       4
       8
       7
       9
       6
       9
       9
       5
       6
       6
       7
       9
       5
      10
       5
       6
       1
       3
      10
      10
      12
       4
       6
       9
       4
       6
       4
      11
       5
       5
       6
       9
       6
       3
       5
       6
       7
       5
       6
       6
       2
       9
       6
       5
       5
       2
       4
       4
       9
       7
       6
       7
       5
       8
       8
       7
       6
       9
       4
       4
       3
       5
       9
       8
       2
       8
       5
       9
       8
       4
       6
       4
       6
       4
       6
       8
       9
       6
       6
       1
       6
      10
       4
      10
       6
       4
      10
       6
      12
       1
       7
       9
       6
       4
       3
       5
       5
       7
       7
      13
       8
       5
       5
       7
       6
       9
      12
       4
       5
       6
       7
       1
       9
       5
       5
       4
       8
       6
       8
       5
       9
       4
       4
       5
       5
       4
       5
       5
      13
       8
       5
       6
       9
       6
       2
      10
       5
       3
       3
       3
       1
       8
       9
       4
       6
       5
       6
       4
       3
       3
       6
      10
       6
       8
       5
       8
       6
       8
       7
       4
       4
       8
       6
      10
       4
       6
       5
       9
       7
       1
       5
       7
       9
       4
       4
       5
       3
       3
       8
      11
       6
       5
       8
       7
       5
       4
       6
       1
       6
       4
       9
       9
       6
       4
       6
       3
       5
       5
       3
       7
       5
       1
       7
       7
       2
       6
       4
       9
       7
       4
       2
       2
       7
       3
       3
       1
       5
       2
       7
       3
      11
       5
       4
       4
       4
       3
       4
       5
       1
       5
       5
       1
       8
       6
      12
       4
       7
       8
       7
       5
       3
       2
       5
       4
       7
       2
       5
       4
       9
       6
       4
       5
       1
       4
       7
       2
       1
      10
       4
       4
       0
       8
       4
       6
       2
       8
       6
       4
       6
       5
       4
       6
       4
       5
       4
      10
       4
       5
       7
       4
       5
       3
       2
       4
       6
       5
       7
       3
       1
       4
       1
       0
       4
       2
       4
       6
       2
       3
       2
       4
       8
       4
       5
       1
       4
       1
       5
       5
       6
       5
       2
       1
       2
       5
       5
       6
       4
       6
       9
       2
       6
       6
       4
       3
       5
       1
       4
       5
       2
       6
       3
       8
       7
       4
       4
       4
       4
       4
       3
       3
       5
       3
       6
       6
       6
       1
       3
       2
       2
       5
       5
       4
       4
       6
       7
       4
       5
       4
       3
       2
       3
       4
       5
       5
       3
       7
       3
       4
       2
       5
       5
       3
       2
       5
       3
       4
       7
       2
       3
       1
       4
       4
       3
       2
       4
       6
       3
       3
       6
       3
       2
       4
       3
       4
       5
       5
       2
       4
       3
       3
       4
       3
       2
       4
       3
       1
       2
       3
       3
       2
       9
       2
       1
       3
       4
       3
       2
      10
       5
       2
       1
       3
       5
       6
       3
       5
       3
       2
       0
       3
       2
       1
       1
       1
       2
       4
       1
       5
       3
       3
       2
       2
       2
       0
       2
       1
       5
       2
       5
       3
       4
       1
       1
       3
       5
       2
       3
       5
       2
       2
       3
       4
       2
       6
       7
       1
       1
       2
       6
       3
       5
       2
       3
       2
       0
       8
       1
       4
       0
       6
       2
       1
       0
       3
       3
       3
       2
       7
       3
       1
       1
       2
       2
       3
       2
       5
       4
       2
       1
       3
       2
       3
       1
       3
       4
       4
       1
       2
       2
       2
       1
       6
       4
       4
       4
       4
       3
       0
       2
       2
       1
       2
       2
       1
       5
       3
       1
       5
       3
       0
       2
       1
       2
       2
       3
       6
       2
       3
       4
       1
       2
       1
       2
       2
       5
       0
       3
       0
       5
       1
       2
       6
       1
       2
       1
       3
       3
       5
       3
       3
       4
       5
       0
       1
       5
       4
       1
       1
       2
       3
       2
       2
       6
       1
       2
       3
       3
       2
       3
       4
       4
       1
       4
       2
       3
       1
       4
       3
       1
       1
       2
       3
       5
       2
       4
       3
       3
       2
       4
       4
       1
       5
       1
       3
       3
       2
       2
       2
       2
       1
       0
       2
       2
       4
       0
       2
       1
       0
       1
       2
       4
       1
       1
       4
       4
       4
       2
       3
       3
       0
       0
       0
       1
       3
       0
       1
       4
       1
       0
       1
       1
       3
       3
       2
       2
       1
       2
       1
       0
       0
       3
       0
       5
       1
       2
       0
       4
       1
       2
       5
       1
       2
       1
       3
       3
       2
       2
       4
       3
       6
       1
       2
       3
       3
       2
       3
       2
       2
       3
       2
       1
       2
       2
       2
       0
       2
       3
       1
       2
       1
       3
       3
       2
       2
       3
       2
       3
       0
       2
       0
       4
       0
       2
       4
       3
       3
       4
       2
       2
       1
       4
       1
       4
       2
       3
       0
       1
       1
       5
       0
       3
       0
       2
       2
       1
       4
       1
       7
       1
       4
       3
       2
       5
       2
       1
       2
       1
       1
       3
       1
       2
       2
       3
       5
       4
       2
       2
       1
       4
       4
       2
       2
       3
       1
       4
       3
       3
       2
       2
       1
       1
       1
       2
       4
       1
       4
       4
       3
       4
       2
       1
       3
       2
       3
       2
       2
       2
       3
       1
       5
       1
       3
       4
       3
       5
       4
       4
       6
       0
       3
       2
       7
       4
       2
       0
       6
       1
       2
       3
       4
       3
       4
       5
       5
       4
       6
       0
       2
       4
       4
       2
       2
       6
       8
       3
       8
       7
       2
       3
      10
       7
       7
       2
       3
       5
       6
       9
       7
       1
       5
       9
       4
       5
      11
       8
       9
       5
       9
       5
       7
      16
       8
       8
       5
      10
      13
       5
      10
       6
      10
       5
      16
      17
      14
       6
      12
      14
      12
       8
      15
       9
       5
      15
      12
      18
      13
       7
      20
       9
      13
      15
      13
      11
      15
      15
      16
      17
      22
      11
       7
      10
      18
      12
      15
      11
      13
      21
      20
      19
      16
      18
      17
      13
      20
       8
      21
      15
      18
      16
      15
      22
      19
      12
      17
      16
      17
      28
      17
      14
      18
      34
      21
      21
      17
      12
      16
      14
      16
      23
      13
      14
      18
      23
      18
      14
      11
      18
      14
      17
      19
      18
      17
      18
      15
      18
      18
       6
      11
      14
      12
      16
      19
      19
      13
      12
      11
      11
       9
      13
      10
      16
      12
      13
      16
       6
      15
      12
       6
      10
      11
      18
      10
      14
      13
       4
       8
       9
      13
       8
       5
      12
       6
       8
       9
       4
       4
       5
       9
       8
      10
       8
       2
      12
       4
       8
       8
       2
       8
       6
       5
       4
       5
       3
       5
       4
       4
       9
       4
       6
       5
       2
       3
       5
       4
       4
       4
       2
       2
       3
       2
       3
       2
       2
       1
       3
       1
       3
       4
       1
       5
       2
       1
       6
       4
       2
       4
       0
       6
       1
       1
       0
       0
       0
       1
       0
       2
       3
       1
       2
       1
       2
       3
       1
       1
       2
       3
       2
       1
       0
       1
       1
       2
       1
       0
       2
       1
       1
       1
       0
       1
       1
       1
       0
       0
       0
       2
       1
       0
       2
       2
       0
       1
       1
       0
       0
       0
       2
       1
       0
       2
       1
       2
       3
       1
       0
       2
       1
       0
       0
       1
       1
       1
       0
       0
       0
       0
       1
       1
       0
       0
       0
       0
       1
       0
       0
       0
       0
       2
       1
       0
       0
       2
       1
       1
       1
       0
       0
       0
       0
       0
       0
       0
       0
       2
       0
       1
       1
       2
       2
       1
       1
       0
       2
       0
       1
       1
       0
       2
       1
       1
       1
       1
       1
       0
       0
       0
       3
       1
       0
       0
       0
       1
       1
       0
       0
       2
       1
       0
       1
       1
       1
       0
       0
       1
       0
       0
       0
       0
       0
       0
       2
       1
       0
       1
       1
       2
       1
       0
       0
       0
       1
       0
       1
       0
       0
       1
       0
       0
       0
       1
       0
       1
       0
       0
       1
       0
       0
       1
       0
       1
       3
       0
       0
       1
       1
       0
       1
       1
       1
       0
       1
       0
       2
       0
       1
       0
       1
       2
       2
       0
       1
       0
       2
       1
       0
       1
       0
       1
       1
       0
       0
       2
       0
       0
       0
       0
       2
       0
       0
       1
       2
       0
       0
       0
       0
       1
       2
       0
       0
       1
       0
       2
       1
       0
       1
       1
       0
       0
       1
       1
       2
       1
       1
       2
       0
       0
       0
       1
       1
       1
       2
       0
       1
       0
       0
       0
       2
       0
       0
       0
       0
       0
       1
       0
       0
       0
       0
       0
       1
       0
       0
       0
       0
       0
       0
       0
       2
       1
       1
       0
       1
       0
       1
       0
       0
       1
       0
       0
       0
       0
       0
       0
       2
       1
       0
       1
       2
       0
       0
       0
       0
       0
       0
       0
       2
       2
       0
       0
       1
       0
       0
       0
       1
       0
       0
       0
       0
       1
       1
       1
       1
       0
       1
       0
       0
       0
       0
       0
       1
       0
       0
       0
       0
       0
       0
       1
       2
       2
       1
       1
       1
       0
       0
       1
       1
       0
       1
       0
       1
       1
       0
       0
       0
       0
       0
       1
       1
       0
       0
       0
       2
       1
       0
       1
       1
       0
       0
       0
       0
       0
       0
       1
       0
       1
       0
       1
       1
       1
       1
       0
       0
       1
       1
       1
       2
       0
       1
       0
       2
       0
       1
       0
       1
       1
       1
       0
       0
       0
       2
       2
       0
       1
       1
       0
       1
       0
       1
       3
       0
       0
       0
       0
       3
       0
       0
       1
       1
       1
       0
       2
       0
       2
       0
       2
       1
       0
       1
       0
       0
       1
       0
       0
       0
       2
       0
       0
       0
       0
       2
       0
       1
       1
       0
       0
       2
       1
       0
       0
       0
       1
       0
       0
       0
       0
       0
       0
       0
       0
       0
       0
       0
       0
       0
       0
       0
       0
       0
       0
       0
       0
       0
       0
       0
       0
       0
$ROI:
0
$PRESETS:
Live Time
43000
0
$ENER_FIT:
-11.011522 0.363344
$MCA_CAL:
3
-1.101152E+001 3.633436E-001 3.226449E-006 keV
$SHAPE_CAL:
3
0.000000E+000 0.000000E+000 0.000000E+000
