$SPEC_ID:
This is sample 047.
$SPEC_REM:
DET# 1
DETDESC# DIP1456 PCI-Trump SN 253
AP# Maestro Version 7.01
$DATE_MEA:
11/06/2024 15:57:53
$MEAS_TIM:
30 34
$DATA:
0 2047
       0
       0
       0
       0
       0
       0
       0
       0
       0
       0
       0
       0
       0
       0
       0
       0
       0
       0
       0
       0
       0
       0
       0
       0
     134
     280
     292
     251
     274
     274
     275
     265
     269
     321
     269
     299
     301
     337
     340
     313
     358
     365
     353
     363
     380
     374
     378
     361
     397
     406
     396
     369
     422
     391
     414
     409
     424
     470
     407
     419
     483
     478
     432
     454
     479
     458
     457
     445
     457
     449
     465
     408
     443
     480
     433
     419
     440
     446
     502
     458
     531
     453
     554
     548
     545
     525
     549
     572
     565
     587
     588
     608
     600
     516
     570
     549
     533
     507
     575
     526
     514
     516
     515
     523
     519
     496
     522
     506
     483
     511
     459
     479
     397
     466
     402
     399
     442
     398
     420
     417
     416
     364
     400
     415
     402
     350
     340
     360
     343
     348
     346
     358
     369
     347
     333
     309
     357
     309
     334
     340
     363
     325
     293
     323
     295
     293
     326
     276
     304
     282
     251
     242
     232
     234
     224
     198
     224
     195
     191
     201
     173
     166
     140
     152
     167
     148
     120
     146
     141
     120
     140
     127
     142
     108
     123
     122
     115
     113
     108
     103
     103
     118
      99
     116
     118
     109
     119
     111
     105
     110
     106
     110
      91
     107
      90
     116
     129
     105
     104
      94
      90
      88
      83
      87
      86
      94
      93
     101
      92
     123
     126
     156
     177
     217
     262
     368
     405
     475
     613
     708
     846
    1002
    1061
    1204
    1319
    1452
    1537
    1595
    1646
    1556
    1647
    1521
    1466
    1454
    1309
    1229
    1069
     899
     849
     724
     550
     461
     416
     337
     253
     197
     168
     126
      95
      81
      60
      63
      53
      64
      70
      54
      44
      47
      41
      35
      41
      48
      38
      46
      48
      44
      39
      38
      49
      45
      33
      43
      38
      42
      42
      34
      49
      43
      44
      41
      34
      45
      48
      44
      37
      41
      43
      47
      47
      47
      29
      52
      35
      29
      45
      37
      39
      29
      31
      48
      48
      40
      55
      45
      41
      41
      43
      50
      30
      39
      46
      40
      24
      30
      36
      40
      42
      45
      42
      47
      31
      38
      43
      43
      39
      43
      31
      46
      43
      55
      42
      28
      46
      48
      50
      32
      32
      50
      42
      45
      38
      44
      52
      40
      39
      44
      54
      46
      46
      40
      41
      46
      38
      44
      35
      36
      58
      37
      43
      45
      44
      48
      48
      38
      40
      56
      53
      43
      50
      39
      52
      44
      44
      45
      40
      50
      57
      43
      41
      47
      29
      49
      43
      45
      66
      57
      35
      25
      49
      37
      49
      47
      47
      47
      39
      51
      46
      47
      56
      46
      51
      41
      49
      50
      47
      59
      55
      41
      44
      67
      67
      43
      54
      56
      63
      62
      41
      64
      50
      56
      53
      60
      50
      49
      55
      67
      53
      66
      71
      58
      43
      47
      40
      72
      49
      53
      48
      41
      65
      62
      42
      36
      44
      41
      40
      39
      46
      36
      35
      27
      33
      33
      36
      27
      27
      26
      25
      23
      16
      15
      16
      16
      16
      16
      25
      17
      18
      13
      15
      12
      15
      15
      12
      15
       8
       9
      13
       8
       9
      10
       8
       8
       7
       7
       9
       7
       8
       9
       7
       7
       7
       6
       4
       6
       6
       3
      11
      11
       3
       3
      11
       7
       6
      11
       1
       2
       6
       2
       7
       4
       2
       5
       5
       8
      10
       8
       8
      11
      20
      30
      14
      28
      30
      26
      39
      42
      58
      63
      65
     100
      92
     122
     109
     134
     120
     144
     148
     161
     165
     172
     191
     201
     174
     192
     181
     188
     199
     223
     204
     199
     162
     181
     161
     138
     121
     127
     107
      85
      80
      98
      86
      73
      63
      59
      36
      43
      37
      22
      19
      27
      22
      17
       7
       9
       9
       9
       4
      10
       8
       4
       3
       2
       3
       5
       2
       4
       3
       4
       1
       4
       3
       2
       1
       1
       3
       1
       3
       1
       1
       2
       3
       4
       4
       4
       2
       2
       1
       3
       2
       5
       5
       3
       4
       3
       2
       3
       3
       4
       5
       0
       4
       3
       2
       5
       4
       2
       5
       7
       0
       1
       2
       4
       0
       2
       7
       3
       3
       1
       2
       0
       2
       2
       2
       0
       0
       1
       1
       1
       0
       1
       1
       1
       1
       1
       0
       1
       1
       0
       3
       1
       0
       0
       0
       1
       0
       0
       1
       0
       0
       0
       1
       0
       0
       0
       0
       0
       1
       1
       0
       0
       2
       0
       1
       1
       0
       0
       2
       2
       0
       1
       0
       2
       0
       0
       0
       1
       0
       6
       0
       0
       1
       1
       1
       0
       0
       0
       1
       3
       0
       0
       2
       0
       1
       0
       2
       0
       0
       0
       0
       0
       1
       2
       0
       0
       0
       1
       1
       1
       0
       1
       0
       0
       3
       0
       1
       0
       1
       0
       0
       0
       2
       1
       1
       0
       1
       0
       2
       0
       1
       0
       0
       2
       2
       0
       1
       2
       3
       1
       1
       1
       0
       0
       3
       0
       0
       1
       1
       2
       0
       4
       0
       0
       0
       1
       0
       2
       1
       0
       0
       0
       0
       0
       0
       1
       1
       1
       0
       0
       1
       0
       0
       0
       0
       0
       0
       0
       0
       1
       1
       0
       0
       0
       0
       0
       0
       0
       1
       0
       1
       0
       0
       0
       0
       0
       0
       0
       0
       0
       0
       0
       1
       0
       0
       1
       0
       0
       0
       0
       0
       0
       0
       0
       1
       1
       0
       0
       0
       0
       0
       0
       0
       0
       1
       0
       0
       0
       0
       0
       0
       0
       1
       0
       0
       0
       0
       0
       0
       0
       0
       0
       0
       0
       1
       0
       0
       0
       0
       1
       0
       1
       0
       0
       0
       0
       0
       0
       0
       0
       0
       0
       0
       0
       0
       0
       0
       0
       0
       1
       0
       0
       0
       0
       0
       0
       0
       0
       0
       0
       0
       0
       0
       0
       1
       0
       0
       0
       0
       0
       0
       0
       0
       0
       0
       0
       0
       0
       0
       0
       0
       1
       1
       0
       0
       0
       0
       0
       0
       0
       0
       1
       0
       0
       0
       0
       0
       0
       0
       0
       0
       0
       0
       0
       0
       0
       0
       0
       1
       0
       0
       0
       0
       0
       0
       0
       0
       0
       0
       0
       0
       0
       0
       0
       1
       0
       0
       0
       0
       0
       0
       0
       0
       0
       0
       0
       0
       1
       0
       0
       0
       0
       0
       0
       0
       0
       0
       0
       0
       0
       0
       1
       0
       0
       0
       0
       0
       0
       0
       1
       0
       0
       0
       0
       0
       0
       0
       0
       0
       0
       0
       0
       0
       0
       1
       0
       0
       0
       0
       0
       0
       0
       0
       0
       1
       0
       0
       0
       0
       0
       0
       1
       0
       0
       0
       0
       0
       0
       0
       0
       0
       0
       0
       0
       0
       0
       0
       0
       0
       0
       0
       0
       0
       0
       0
       0
       0
       0
       0
       0
       0
       0
       0
       0
       0
       0
       0
       0
       0
       0
       0
       0
       0
       0
       0
       0
       0
       0
       0
       1
       0
       0
       0
       0
       0
       0
       0
       0
       0
       0
       0
       0
       0
       2
       1
       0
       0
       1
       0
       0
       0
       1
       0
       0
       0
       0
       1
       0
       0
       1
       0
       0
       0
       0
       0
       0
       0
       0
       0
       0
       0
       0
       0
       0
       0
       0
       0
       0
       0
       0
       0
       0
       0
       0
       0
       0
       0
       0
       0
       0
       0
       0
       0
       0
       0
       0
       0
       0
       0
       0
       0
       0
       0
       0
       0
       0
       0
       0
       0
       0
       0
       0
       0
       0
       0
       0
       0
       0
       0
       0
       0
       0
       0
       1
       0
       0
       0
       0
       0
       0
       0
       0
       0
       0
       0
       0
       0
       0
       0
       0
       0
       0
       0
       0
       0
       0
       0
       0
       0
       0
       0
       0
       0
       0
       0
       0
       0
       0
       0
       0
       0
       0
       0
       0
       0
       0
       0
       0
       0
       0
       0
       0
       0
       0
       1
       0
       0
       0
       0
       0
       0
       0
       0
       0
       0
       0
       0
       0
       0
       0
       0
       0
       0
       0
       0
       0
       0
       0
       0
       0
       0
       0
       0
       0
       0
       0
       0
       0
       0
       0
       0
       0
       0
       0
       0
       0
       0
       0
       0
       0
       0
       0
       0
       0
       0
       0
       0
       0
       0
       0
       0
       0
       0
       0
       0
       0
       0
       0
       0
       0
       0
       0
       0
       0
       0
       0
       0
       0
       0
       0
       0
       0
       0
       0
       0
       0
       0
       0
       0
       0
       0
       0
       0
       0
       0
       0
       0
       0
       0
       0
       0
       0
       0
       0
       0
       0
       0
       0
       0
       0
       0
       0
       0
       0
       0
       0
       0
       0
       0
       0
       0
       0
       0
       0
       0
       0
       0
       0
       0
       0
       0
       0
       0
       0
       0
       0
       0
       0
       0
       0
       0
       0
       0
       0
       0
       0
       0
       0
       0
       0
       0
       0
       0
       0
       0
       0
       0
       0
       0
       0
       0
       0
       0
       0
       0
       0
       0
       0
       0
       0
       0
       0
       0
       0
       0
       0
       0
       0
       0
       0
       0
       0
       0
       0
       1
       0
       0
       0
       0
       0
       0
       0
       0
       0
       0
       0
       0
       0
       0
       0
       0
       0
       0
       0
       0
       0
       0
       0
       0
       0
       0
       0
       0
       0
       0
       0
       0
       0
       0
       0
       0
       0
       0
       0
       0
       0
       0
       0
       0
       0
       0
       0
       0
       0
       0
       0
       0
       0
       0
       0
       0
       0
       0
       0
       0
       0
       0
       0
       0
       0
       0
       0
       0
       0
       0
       0
       0
       0
       0
       0
       0
       0
       0
       0
       0
       0
       0
       0
       0
       0
       0
       0
       0
       0
       0
       0
       0
       0
       0
       0
       0
       0
       0
       0
       0
       0
       0
       0
       0
       0
       0
       0
       0
       0
       0
       0
       0
       0
       0
       0
       0
       0
       0
       0
       0
       0
       0
       0
       0
       0
       0
       0
       0
       0
       0
       0
       0
       0
       0
       0
       0
       0
       0
       0
       0
       0
       0
       0
       0
       0
       0
       0
       0
       0
       0
       0
       0
       0
       0
       0
       0
       0
       0
       0
       0
       0
       0
       0
       0
       0
       0
       0
       0
       0
       0
       0
       0
       0
       0
       0
       0
       0
       0
       0
       0
       0
       0
       0
       0
       0
       0
       0
       0
       0
       0
       0
       0
       0
       0
       0
       0
       0
       0
       0
       0
       0
       0
       0
       0
       0
       0
       0
       0
       0
       0
       0
       0
       0
       0
       0
       0
       0
       0
       0
       0
       0
       0
       0
       0
       0
       0
       0
       1
       0
       0
       0
       0
       0
       0
       0
       0
       0
       0
       0
       0
       0
       0
       0
       0
       0
       0
       0
       0
       0
       0
       0
       0
       0
       0
       0
       0
       0
       0
       0
       0
       0
       0
       0
       0
       0
       0
       0
       0
       0
       0
       0
       0
       0
       0
       0
       0
       0
       0
       0
       0
       0
       0
       0
       0
       0
       0
       0
       0
       0
       0
       0
       0
       0
       0
       0
       0
       0
       0
       0
       0
       0
       0
       0
       0
       0
       0
       0
       0
       0
       0
       0
       0
       0
       0
       0
       0
       0
       0
       0
       0
       0
       0
       0
       0
       0
       0
       0
       0
       0
       0
       0
       0
       0
       0
       0
       0
       0
       0
       0
       0
       0
       0
       0
       0
       0
       0
       0
       0
       0
       0
       0
       0
       0
       0
       0
       0
       0
       0
       0
       0
       0
       0
       0
       0
       0
       0
       0
       0
       0
       0
       0
       0
       0
       0
       0
       0
       0
       0
       0
       0
       0
       0
       0
       0
       0
       0
       0
       0
       0
       0
       0
       0
       0
       0
       0
       0
       0
       0
       0
       0
       0
       0
       0
       0
       0
       0
       0
       0
       0
       0
       0
       0
       0
       0
       0
       0
       0
       0
       0
       0
       0
       0
       0
       0
       0
       0
       0
       0
       0
       0
       0
       0
       0
       0
       0
       0
       0
       0
       0
       0
       0
       0
       0
       0
       0
       0
       0
       0
       0
       0
       0
       0
       0
       0
       0
       0
       0
       0
       0
       0
       0
       0
       0
       0
       0
       0
       0
       0
       0
       0
       0
       0
       0
       0
       0
       0
       0
       0
       0
       0
       0
       0
       0
       0
       0
       0
       0
       0
       0
       0
       0
       0
       0
       0
       0
       0
       0
       0
       0
       0
       0
       0
       0
       0
       0
       0
       0
       0
       0
       0
       0
       0
       0
       0
       0
       0
       0
       0
       0
       0
       0
       0
       0
       0
       0
       0
       0
       0
       0
       0
       0
       0
       0
       0
       0
       0
       0
       0
       0
       0
       0
       0
       0
       0
       0
       0
       0
       0
       0
       0
       0
       0
       0
       0
       0
       0
       0
       0
       0
       0
       0
       0
       0
       0
       0
       0
       0
       0
       0
       0
       0
       0
       0
       0
       0
       0
       0
       0
       0
       0
       0
       0
       0
       0
       0
       0
       0
       0
       0
       0
       0
       0
       0
       0
       0
       0
       0
       0
       0
       0
       0
       0
       0
       0
       0
       0
       1
       0
       0
       0
       0
       0
       0
       0
       0
       0
       0
       0
       0
       0
       0
       0
       0
       0
       0
       1
       1
       0
       0
       0
       0
       0
       0
       0
       0
       0
       0
       0
       0
       0
       0
       0
       0
       0
       0
$ROI:
2
17 23
206 249
$PRESETS:
Live Time
1036800
0
$ENER_FIT:
-37.406231 1.986979
$MCA_CAL:
3
-3.740623E+001 1.986979E+000 0.000000E+000 keV
$SHAPE_CAL:
3
0.000000E+000 0.000000E+000 0.000000E+000
