$SPEC_ID:
This is sample 004.
$SPEC_REM:
DET# 1
DETDESC# DIP1456 PCI-Trump SN 253
AP# Maestro Version 7.01
$DATE_MEA:
03/30/2025 15:21:15
$MEAS_TIM:
43000 43299
$DATA:
0 2047
       0
       0
       0
       0
       0
       0
       0
       0
       0
       0
       0
       0
       0
       0
       0
       0
       0
       0
       0
       0
       0
       0
       0
       0
       0
       0
       0
       0
       1
       0
       0
       0
       0
       0
       0
       0
       0
       0
       0
       0
       0
       0
       0
       0
       0
       0
       1
       0
       0
       0
       0
       0
       1
       1
       0
       1
       1
       1
       0
       0
       0
       0
       2
       1
       2
       0
       1
       1
       0
       0
       1
       1
       3
       4
       1
       1
       7
       0
       1
       2
       0
       3
       3
       2
       2
       1
       2
       3
       0
       0
       1
       2
       3
       2
       1
       0
       2
       2
       3
       0
       4
       1
       5
       4
       1
       3
       1
       1
       3
       1
       0
       2
       1
       4
       1
       1
       2
       2
       0
       3
       0
       0
       1
       4
       2
       0
       1
       1
       0
       0
       2
       2
       4
       1
       2
       2
       0
       1
       1
       5
       2
       0
       2
       1
       1
       2
       0
       1
       1
       4
       1
       2
       5
       4
       1
       1
       3
       3
       2
       2
       2
       2
       2
       4
       1
       0
       4
       1
       1
       3
       2
       2
       3
       1
       1
       3
       1
       2
       4
       2
       2
       3
       3
       1
       1
       1
       2
       1
       1
       0
       2
       2
       2
       4
       2
       0
       2
       1
       2
       4
       1
       1
       1
       2
       4
       4
       7
       1
       5
       5
       4
       3
       2
       3
       2
       4
       6
       8
       4
       0
       7
       2
       1
       4
       8
       4
       1
       0
       2
       2
       3
       4
       4
       0
       7
       4
       7
       2
       5
       4
       5
       1
       9
       6
       2
       7
       8
       0
       5
       3
       9
       6
       4
       2
       6
       6
       6
      10
       6
       4
       2
       2
       3
       4
       3
       3
       3
       1
       5
       6
       3
       4
       6
       3
      10
       4
       4
       7
       1
       5
       4
       2
       2
       2
       4
      11
       4
       6
       2
       6
       2
       6
       5
       6
       1
       6
       4
       6
       3
       9
       4
       2
       6
       4
       3
       2
       5
       8
       4
       5
       7
       9
       3
       6
       3
       8
       5
       6
       7
       3
       6
       6
       7
       2
       6
       4
       6
       4
       4
       8
       9
       0
       3
       4
       8
       6
       2
       9
      12
       3
       9
       4
       6
       4
       6
       8
       5
       6
       6
       6
       3
       7
       2
       7
       6
       4
       6
       2
       1
       7
      11
       5
       5
       3
       4
       5
       1
      10
       6
       8
       4
       6
       3
       4
       3
       4
       7
       6
       4
       3
       9
       6
       5
       5
       7
       4
       3
       4
       3
       6
       8
      10
       8
       5
       6
       4
       7
       1
       3
       8
       9
       6
       8
       8
       7
       5
       6
       6
       6
       5
       5
       3
      11
       5
       7
       6
       9
      10
      12
       8
       5
       3
      12
      11
       7
       6
       7
       6
       4
       6
       8
       7
       9
      13
       8
      11
       3
       9
      10
       7
       6
       7
       3
      11
      11
       2
       8
       9
       8
       7
       5
       7
       9
       6
      13
       6
       6
       5
      10
       4
       5
       9
      11
      11
       4
       7
       8
       7
       3
       6
      14
      11
       4
       5
       5
       7
       5
       9
       4
       8
       5
       6
       5
      11
       7
       9
       8
       6
       4
       5
       9
      10
       1
       1
       9
       7
       2
      10
       6
       4
       4
       5
      10
       6
      12
      14
       8
       7
      12
       6
      12
       8
       3
       5
       7
      10
       5
       7
       7
       4
       4
      15
      12
       9
       5
       3
       7
       4
      12
       7
       9
       7
       5
       7
       5
      10
       8
      10
       5
      10
       7
       6
       7
      12
       7
       5
       4
       7
       8
       7
       9
      12
      10
       6
       4
      10
       9
       5
       5
       3
      10
       9
       6
       9
      15
      10
       4
       9
       8
       4
       5
       3
       3
       5
       5
      10
       4
       5
       3
      10
      12
      10
      11
       6
       6
       5
       7
      11
       9
       7
       4
      10
       4
       6
       7
      12
       3
       7
       9
      10
       7
      10
       7
       5
       8
       8
      11
       9
      11
      13
      16
      14
      12
       7
       5
       8
      13
       8
      11
       8
      12
      15
      14
      10
      14
      10
       9
      11
      12
      14
      22
      13
      13
      12
      16
      16
      15
      13
      13
      17
      16
      17
       9
      18
      28
      19
      18
      21
      17
      19
      11
      11
      14
      14
      13
      16
      15
      21
      15
       9
      16
      22
      11
      20
      18
      20
      16
      19
      16
      12
      26
      20
      13
      11
      10
      12
      11
      12
       8
      11
      21
      11
      11
      14
      15
      12
       8
      16
       8
      17
       9
       6
       6
      10
      12
       7
      12
       7
      15
       9
       7
       6
      10
       5
      10
       6
      10
       7
       2
      10
       7
       3
       5
       5
       2
       7
       8
       3
       7
      11
       6
       3
       5
       5
       6
       6
       5
       8
       3
       9
       4
       3
       9
      10
       5
       2
       4
       5
       4
       4
       5
       4
       5
       4
       4
       8
       6
       1
       1
       5
       2
       1
       6
       5
       7
       7
       4
       7
       6
       5
       7
       4
       6
       3
       5
       3
       3
       2
       4
       2
       3
       3
       2
       2
       2
       8
       7
       3
       4
       2
       4
       2
       3
       6
       4
       4
       2
       9
       5
       7
       3
       4
       3
       2
       0
       9
       3
       0
       4
       6
       4
       2
       6
       3
       2
       3
       4
       4
       6
       1
       3
       4
       8
       2
       1
       1
       2
       3
       6
       3
       2
       1
       2
       5
       5
       2
       1
       8
       1
       0
       2
       3
       4
       2
       3
       1
       3
       1
       2
       4
       2
       2
       5
       2
       0
       3
       2
       2
       2
       2
       3
       2
       2
       1
       3
       1
       1
       5
       3
       2
       1
       2
       0
       3
       0
       1
       2
       3
       3
       0
       1
       2
       1
       0
       2
       3
       2
       0
       2
       2
       3
       2
       1
       3
       0
       2
       2
       0
       1
       2
       0
       1
       4
       0
       1
       0
       2
       4
       0
       1
       3
       4
       1
       2
       1
       5
       0
       1
       3
       1
       3
       2
       0
       0
       2
       1
       2
       1
       1
       0
       0
       0
       0
       2
       2
       2
       1
       2
       1
       0
       3
       0
       0
       0
       1
       1
       1
       2
       0
       0
       5
       2
       2
       1
       1
       0
       2
       1
       0
       0
       0
       1
       1
       1
       1
       1
       0
       0
       0
       1
       1
       1
       0
       1
       3
       0
       1
       1
       0
       1
       1
       1
       1
       0
       0
       1
       1
       0
       0
       0
       0
       1
       1
       1
       1
       1
       0
       2
       1
       0
       0
       1
       1
       3
       1
       0
       1
       1
       0
       2
       2
       1
       0
       0
       1
       0
       0
       0
       1
       0
       1
       1
       0
       2
       0
       0
       1
       0
       0
       0
       1
       1
       1
       1
       1
       1
       0
       1
       0
       0
       1
       0
       1
       0
       0
       0
       2
       1
       1
       0
       0
       1
       0
       1
       0
       0
       0
       1
       0
       1
       1
       0
       2
       0
       0
       0
       0
       2
       0
       0
       0
       0
       0
       0
       0
       1
       1
       1
       0
       0
       1
       0
       0
       0
       1
       0
       0
       2
       1
       1
       1
       1
       3
       1
       2
       1
       0
       0
       0
       1
       0
       0
       0
       0
       0
       0
       0
       0
       0
       2
       0
       1
       0
       0
       1
       0
       0
       0
       0
       0
       0
       0
       1
       0
       0
       0
       0
       0
       0
       0
       0
       1
       0
       0
       0
       1
       1
       0
       1
       1
       0
       0
       0
       1
       0
       0
       0
       3
       0
       0
       0
       0
       0
       0
       1
       0
       1
       0
       0
       0
       1
       1
       1
       0
       0
       0
       2
       0
       1
       0
       2
       1
       1
       0
       0
       0
       0
       0
       1
       0
       0
       0
       0
       1
       0
       1
       0
       0
       0
       0
       0
       1
       0
       1
       0
       0
       0
       2
       0
       0
       2
       0
       1
       0
       1
       2
       0
       0
       1
       0
       0
       0
       1
       0
       0
       0
       1
       0
       1
       0
       1
       1
       0
       0
       0
       0
       1
       0
       1
       0
       0
       1
       1
       0
       0
       0
       0
       0
       0
       0
       1
       0
       1
       0
       0
       0
       0
       0
       0
       0
       0
       0
       1
       0
       1
       0
       0
       0
       0
       0
       1
       0
       1
       0
       0
       0
       0
       0
       0
       0
       0
       0
       1
       1
       0
       0
       2
       0
       0
       0
       1
       0
       0
       0
       0
       0
       1
       0
       0
       0
       0
       0
       0
       0
       0
       0
       0
       0
       0
       0
       0
       0
       0
       1
       0
       1
       1
       0
       0
       0
       0
       1
       0
       0
       0
       0
       2
       0
       0
       0
       1
       1
       0
       0
       0
       1
       1
       1
       0
       0
       0
       0
       0
       1
       1
       0
       2
       0
       1
       0
       0
       0
       1
       0
       1
       0
       1
       0
       0
       0
       0
       0
       0
       1
       0
       0
       0
       0
       1
       0
       1
       0
       0
       0
       0
       1
       0
       0
       1
       0
       0
       0
       0
       1
       1
       0
       0
       1
       0
       0
       1
       1
       1
       1
       0
       0
       0
       0
       0
       0
       0
       2
       0
       0
       0
       0
       1
       0
       1
       0
       0
       1
       0
       0
       0
       1
       0
       0
       0
       2
       0
       0
       0
       0
       1
       0
       0
       0
       0
       0
       0
       1
       0
       1
       0
       0
       0
       1
       0
       0
       1
       0
       0
       0
       0
       4
       0
       1
       0
       0
       1
       0
       0
       1
       1
       0
       0
       1
       0
       1
       0
       0
       0
       0
       1
       0
       2
       1
       3
       2
       1
       2
       0
       0
       4
       1
       1
       0
       4
       1
       0
       0
       0
       1
       0
       1
       2
       1
       1
       0
       0
       0
       0
       1
       2
       1
       1
       7
       0
       1
       0
       0
       1
       2
       1
       3
       0
       1
       0
       0
       0
       1
       2
       1
       0
       0
       4
       1
       2
       2
       1
       1
       3
       0
       1
       3
       3
       1
       2
       1
       1
       1
       2
       0
       1
       0
       1
       1
       0
       1
       1
       1
       1
       0
       0
       1
       0
       2
       2
       3
       1
       0
       2
       1
       1
       1
       1
       0
       2
       1
       0
       1
       1
       0
       0
       2
       0
       0
       0
       0
       0
       0
       1
       1
       1
       0
       0
       0
       1
       0
       0
       0
       0
       2
       1
       0
       1
       1
       0
       1
       0
       0
       0
       0
       0
       0
       0
       1
       0
       0
       1
       0
       1
       0
       0
       0
       0
       2
       0
       0
       0
       0
       0
       0
       0
       0
       0
       0
       1
       1
       2
       0
       0
       0
       0
       0
       0
       0
       1
       1
       0
       0
       1
       0
       1
       0
       0
       1
       0
       0
       0
       0
       1
       0
       1
       0
       1
       0
       0
       0
       0
       0
       1
       0
       0
       0
       2
       0
       0
       0
       0
       0
       0
       0
       0
       0
       0
       0
       0
       0
       0
       0
       0
       0
       0
       0
       0
       0
       0
       0
       0
       1
       0
       0
       0
       0
       0
       0
       0
       0
       0
       0
       0
       1
       0
       0
       0
       1
       0
       0
       2
       0
       0
       0
       0
       0
       0
       0
       0
       0
       0
       0
       0
       0
       0
       0
       0
       1
       0
       0
       0
       0
       0
       0
       0
       0
       0
       0
       0
       1
       0
       0
       0
       1
       2
       0
       0
       1
       1
       0
       0
       0
       0
       0
       0
       0
       0
       0
       0
       0
       0
       0
       0
       1
       0
       1
       1
       0
       0
       1
       0
       0
       0
       0
       0
       0
       0
       0
       1
       0
       0
       1
       0
       0
       0
       1
       1
       0
       1
       0
       0
       0
       0
       0
       0
       0
       0
       0
       2
       0
       0
       0
       0
       0
       1
       0
       0
       1
       0
       0
       0
       0
       0
       1
       0
       0
       0
       0
       0
       0
       0
       1
       0
       1
       0
       0
       0
       0
       0
       0
       1
       0
       0
       1
       2
       0
       0
       1
       0
       0
       0
       0
       1
       0
       0
       1
       0
       0
       0
       1
       0
       0
       0
       1
       0
       1
       0
       0
       0
       1
       0
       1
       0
       0
       0
       0
       0
       0
       0
       0
       0
       0
       0
       0
       0
       0
       1
       0
       0
       0
       0
       0
       0
       0
       1
       1
       0
       0
       0
       0
       0
       0
       0
       0
       0
       0
       0
       0
       0
       0
       0
       0
       0
       0
       0
       0
       0
       0
       0
       0
       2
       0
       1
       0
       0
       0
       0
       0
       0
       0
       0
       0
       0
       0
       0
       0
       0
       0
       0
       1
       0
       0
       0
       2
       0
       0
       0
       0
       0
       0
       0
       1
       1
       0
       0
       0
       0
       0
       0
       0
       0
       0
       0
       0
       0
       0
       0
       1
       0
       0
       0
       0
       0
       0
       0
       0
       1
       0
       1
       0
       0
       0
       0
       0
       0
       0
       0
       0
       0
       0
       0
       1
       0
       0
       0
       0
       0
       0
       1
       1
       0
       0
       0
       0
       0
       0
       0
       0
       0
       0
       0
       1
       0
       1
       0
       0
       0
       2
       0
       0
       0
       0
       0
       0
       0
       0
       1
       0
       0
       0
       0
       1
       0
       0
       0
       0
       0
       0
       0
       0
       0
       0
       0
       0
       0
       0
       0
       0
       0
       1
       0
       0
       0
       1
       0
       0
       0
       0
       1
       0
       0
       0
       0
       0
       0
       0
       0
       0
       0
       0
       0
       0
       0
       0
       0
       0
       0
       0
       0
       0
       0
       0
       0
       0
       0
       0
       0
       0
$ROI:
1
579 737
$PRESETS:
Live Time
43000
0
$ENER_FIT:
-11.011522 0.363344
$MCA_CAL:
3
-1.101152E+001 3.633436E-001 3.226449E-006 keV
$SHAPE_CAL:
3
0.000000E+000 0.000000E+000 0.000000E+000
