$SPEC_ID:
This is sample 063.
$SPEC_REM:
DET# 1
DETDESC# DIP1456 PCI-Trump SN 253
AP# Maestro Version 7.01
$DATE_MEA:
12/27/2024 07:17:37
$MEAS_TIM:
6600 6796
$DATA:
0 2047
       0
       0
       0
       0
       0
       0
       0
       0
       0
       0
       0
       0
       0
       0
       0
       0
       0
       0
       0
       0
       0
       0
       0
       0
       0
       0
       0
       0
       0
       0
       0
       0
       0
       0
       0
       0
       0
       0
       0
       0
       0
       0
       0
       0
       0
       0
       0
       0
       0
       0
       0
       0
      32
     107
     102
     116
     105
     100
     118
     106
     112
     110
     104
     106
     114
     114
     107
     114
     111
     107
      91
     114
     107
     114
     124
     120
      97
     124
     124
     102
     118
     111
     116
     109
     122
     127
     119
     105
     111
     110
      99
     107
     121
      95
     118
     117
     107
     111
     115
     115
     110
      95
     113
     106
     112
     116
     103
     108
     112
     125
     111
      94
     109
     124
     119
     104
     130
     133
     125
     112
     109
     120
      97
     125
     111
     130
     128
     124
     104
      97
     120
     137
     126
     116
     120
     106
     101
     117
     115
     110
     126
     128
     132
     128
     107
     124
      99
     123
     109
     147
     116
     109
     115
     141
     138
     107
     120
     132
     120
     118
     124
     109
     120
     126
     114
     127
     123
     115
     116
     122
     134
     145
     122
     121
     104
     149
     118
     125
     124
     132
     102
     114
     132
     107
     117
     122
     137
     107
     121
     146
     135
     137
     143
     126
     132
     109
     101
     114
     118
     113
     113
     114
     120
     129
     113
     114
     130
     108
     131
     129
     122
     109
     124
     122
     107
     129
     119
     125
     115
     124
     149
     108
     133
     142
     142
     142
     110
     124
     125
     144
     134
     107
     132
     114
     117
     123
     125
     135
     132
     117
     102
     143
     144
     148
     141
     122
     118
     122
     125
     124
     110
     112
     125
     117
     119
     126
     131
     131
     143
     127
     133
     136
     110
     133
     122
     121
     129
     137
     134
     114
     129
     122
     113
     137
     136
     111
     129
     111
     123
     124
      98
     126
     116
     122
     132
     109
     141
     112
     115
     125
     126
     117
     119
     116
     123
     138
     125
     142
     128
     119
     133
     121
     131
     140
     113
     104
     119
     114
     124
     139
     125
     123
     125
     129
     127
     131
     136
     120
     122
     120
     137
     134
     130
     118
     114
     116
     118
     118
     137
     124
     134
     122
     143
     115
     128
     133
     138
     106
     118
     135
     145
     139
     132
     103
     124
     144
     124
     129
     128
     127
      97
     103
     111
     125
     119
     125
     130
     117
     142
     140
     125
     129
     125
     128
     130
     114
     141
     117
     108
     135
     138
     139
     124
     149
     117
     137
     152
     143
     120
     114
     125
     103
     146
     118
     117
     137
     131
     127
     129
     128
     136
     118
     135
     122
     125
     145
     120
     156
     127
     141
     125
     122
     146
     148
     118
     118
     137
     116
     128
     127
     109
     127
     135
     140
     135
     130
     125
     142
     120
     130
     144
     133
     132
     144
     137
     121
     128
     110
     141
     123
     134
     134
     136
     137
     127
     130
     129
     131
     123
     127
     126
     124
     138
     120
     132
     121
     139
     121
     115
     133
     127
     133
     124
     122
     126
     130
     132
     134
     116
     112
     127
     146
     112
     121
     132
     120
     125
     132
     131
     118
     132
     127
     123
     166
     116
     123
     124
     111
     131
     130
     135
     119
     109
     129
     128
     140
     144
     100
     132
     136
     126
     116
     132
     143
     129
     138
     123
     126
     115
     129
     125
     123
     131
     137
     128
     148
     124
     142
     110
     126
     138
     148
     145
     124
     128
     118
     132
     132
     143
     124
     124
     135
     117
     126
     129
     111
     147
     141
     135
     124
     137
     128
     138
     136
     116
     118
     141
     136
     147
     121
     133
     123
     138
     143
     128
     122
     119
     143
     135
     124
     146
     141
     125
     135
     147
     138
     143
     121
     141
     171
     144
     130
     144
     142
     141
     142
     143
     144
     128
     119
     122
     124
     136
     122
     125
     132
     125
     154
     127
     116
     150
     149
     148
     154
     140
     128
     143
     139
     134
     126
     151
     134
     127
     135
     110
     158
     130
     124
     120
     126
     124
     104
     122
     120
     117
     126
     139
     119
     110
     161
     142
     132
     130
     117
     139
     130
     137
     120
     104
     113
     119
     133
     129
     114
     127
     128
     114
     132
     120
     116
     134
     138
     124
     118
     145
     103
     152
     127
     136
     128
     115
     126
     132
     135
     142
     130
     127
     118
     127
     114
     123
     127
     128
     123
     129
     120
     121
     112
     122
     124
     137
     117
     121
     122
     111
     111
     126
     121
     121
     133
     104
     119
     146
     118
     120
     140
     134
     110
     129
     122
     118
     120
     127
     129
     120
     127
     124
     112
     130
     126
      96
     113
     110
     128
     128
     124
     141
     133
     124
     120
     127
     119
      99
     120
     143
     108
     122
     106
     116
     121
     116
     115
     111
     138
     131
     129
     114
     117
     128
     129
     105
     112
     116
     112
     116
     114
     143
     125
     129
     126
     115
      97
     118
     115
     121
     128
     111
     116
     120
     129
     128
     138
     113
     131
     124
     120
     126
     107
     124
     124
     124
     127
      98
     115
     125
     129
     118
     110
     134
     116
     124
     113
     106
     114
     129
     125
     126
     129
     131
     125
     118
     129
     124
     123
     140
     129
     123
     130
     140
     129
     114
     112
     112
     123
     135
     115
     116
     122
     123
     141
     146
     121
     111
     117
     117
     107
     122
     125
     137
     112
     146
     129
     143
     106
     137
     136
     123
     127
     135
     123
     125
     127
     131
     117
     137
     120
     109
     104
     134
     124
     125
     157
     129
     130
     136
     129
     144
     141
     140
     141
     135
     137
     140
     128
     129
     113
     137
     112
     141
     129
     133
     140
     161
     159
     138
     126
     124
     119
     125
     151
     126
     133
     122
     139
     143
     156
     152
     132
     113
     127
     148
     133
     154
     117
     117
     141
     131
     118
     126
     145
     138
     144
     157
     123
     108
     133
     144
     147
     127
     169
     130
     133
     144
     146
     146
     143
     131
     173
     155
     135
     128
     158
     128
     148
     138
     132
     139
     134
     147
     155
     149
     143
     160
     158
     148
     134
     117
     133
     148
     140
     121
     129
     129
     135
     126
     125
     140
     142
     139
     142
     135
     144
     123
     105
     127
     120
     139
     151
     135
     121
     134
     126
     113
     144
     114
     130
     112
     114
     107
     118
     125
     141
     132
     109
     130
     118
     118
     119
     107
     118
     125
     104
     102
     104
     105
      90
     101
     104
      96
      86
      94
      91
     108
      89
     115
      80
      96
      83
      66
      94
      80
      71
      67
      70
      80
      98
      73
      61
      65
      57
      65
      63
      65
      73
      66
      51
      66
      55
      55
      52
      75
      57
      58
      45
      56
      45
      56
      53
      53
      52
      48
      49
      43
      63
      47
      51
      41
      50
      46
      37
      44
      46
      44
      33
      33
      34
      41
      43
      34
      35
      35
      32
      39
      38
      38
      38
      32
      37
      30
      30
      32
      31
      36
      45
      28
      38
      29
      38
      28
      31
      27
      25
      28
      37
      36
      25
      26
      28
      30
      31
      30
      36
      32
      26
      27
      27
      25
      26
      26
      29
      24
      33
      23
      19
      25
      23
      25
      24
      25
      20
      23
      26
      19
      30
      16
      29
      24
      27
      14
      22
      16
      20
      24
      17
      27
      23
      25
      28
      23
      11
      20
      17
      14
      19
      22
      15
      11
      17
      24
      22
      13
      16
      16
      26
      24
      16
       9
      18
      14
      17
      13
      18
       9
      12
      16
      19
      14
       7
      11
       5
      19
      10
      12
       9
      11
      15
      16
      13
      15
      13
      21
      19
      11
      16
       8
      12
      12
      13
      12
       9
      17
      10
      12
      14
      11
      12
      12
      15
      13
      15
      11
      13
      14
      11
       9
      11
       8
      12
      11
      16
       6
       9
      13
       6
       9
      16
      13
      23
      13
      11
       7
      11
      17
      10
      12
      11
      18
      12
      10
      12
      11
       6
      11
      10
       9
      14
       9
      17
       5
      10
      11
      10
       9
       8
      14
       8
      10
      17
       9
       4
       9
      14
       8
      13
      12
      17
      11
      10
      14
      11
      12
      11
      11
       8
      10
       7
       9
      16
       8
       8
      10
       8
      10
       9
      11
       9
      11
      10
       8
      12
      12
       6
       8
      14
       9
       7
       8
      10
       7
       9
       8
      15
      13
       7
       9
       9
      13
      10
      12
      12
      13
      10
       6
       9
       8
      10
       7
       8
      18
      15
      13
       7
       8
      13
       8
      13
      10
       6
       9
      15
       8
       9
      15
      12
      11
       7
       9
      14
      17
       8
       8
      10
       5
      11
       9
       8
       9
       7
      10
      12
      12
       8
      11
       7
       4
       7
      11
       8
       8
      12
      10
      15
      14
      11
      11
      16
      12
       9
      10
      14
      15
      14
      11
      10
      14
      12
       8
      10
      15
      15
      14
      12
      10
      15
      14
       9
       8
      10
      11
      16
      14
      13
      16
      15
       9
      13
      14
      14
      15
      10
      19
      15
      18
      28
      12
      15
      22
      15
      28
      19
      25
      22
      18
      23
      36
      42
      41
      21
      40
      40
      50
      42
      55
      46
      59
      48
      57
      68
      58
      63
      80
      69
      91
      99
     112
      90
      93
     109
      84
     108
     119
     154
     144
     159
     153
     168
     174
     173
     176
     202
     201
     252
     228
     269
     279
     263
     262
     271
     318
     347
     309
     342
     362
     370
     394
     403
     420
     459
     440
     455
     485
     566
     513
     548
     549
     568
     655
     640
     638
     689
     650
     706
     712
     747
     751
     854
     831
     829
     909
     945
     924
     918
     992
     966
    1012
    1108
    1072
    1116
    1124
    1194
    1212
    1225
    1262
    1273
    1237
    1365
    1318
    1345
    1365
    1422
    1469
    1447
    1399
    1477
    1512
    1548
    1554
    1545
    1551
    1575
    1682
    1662
    1629
    1735
    1721
    1695
    1742
    1740
    1776
    1777
    1786
    1780
    1848
    1800
    1767
    1825
    1880
    1872
    1922
    1978
    1816
    1860
    1931
    1932
    1905
    1919
    1865
    1859
    1935
    1854
    1848
    1826
    1857
    1778
    1868
    1849
    1915
    1832
    1816
    1819
    1723
    1697
    1687
    1722
    1685
    1719
    1675
    1651
    1687
    1614
    1561
    1551
    1531
    1468
    1483
    1386
    1442
    1393
    1354
    1396
    1358
    1336
    1338
    1265
    1206
    1219
    1189
    1144
    1147
    1125
    1104
    1054
    1098
     978
     938
     945
     923
     881
     810
     849
     803
     716
     803
     747
     707
     742
     620
     626
     584
     595
     563
     575
     510
     528
     501
     487
     458
     482
     426
     411
     417
     365
     343
     377
     350
     338
     276
     258
     294
     275
     253
     246
     237
     226
     227
     205
     168
     176
     159
     175
     170
     143
     138
     135
     126
     104
     122
     134
     115
      94
     100
      88
      91
      94
      61
      55
      65
      59
      65
      48
      57
      45
      45
      39
      39
      47
      40
      31
      32
      24
      17
      33
      27
      29
      27
      22
      18
      18
      17
      19
      17
      14
      15
      14
      17
       8
      14
       8
      13
       6
      12
      13
      10
      10
       5
      10
       6
      10
       4
       8
      12
       7
       9
       4
       7
       6
       1
       3
       4
       9
       2
       5
       3
       2
       7
      11
       8
      10
       3
       1
       5
       2
       5
       3
       5
       3
       7
       5
       3
       1
       4
       3
       2
       4
       2
       4
       1
       3
       6
       5
       5
       2
       5
       3
       5
       2
       5
       5
       3
       2
       3
       5
       2
       2
       5
       9
       9
       3
       4
       5
      11
       2
       2
       4
       1
       5
       2
       9
       4
       5
       2
       3
       3
       1
       1
       5
       4
       4
       3
       4
       4
       2
       4
       3
       3
       7
       3
       6
       9
       1
       3
       4
       3
       2
       6
       1
       3
       4
       4
       3
       7
       2
       3
       5
       2
       5
       6
       6
       1
       7
       4
       6
       3
       4
       5
       4
       5
       4
       5
       2
       6
       4
       3
       2
       4
       4
       5
       3
       4
       2
       3
       1
       3
       4
       3
       2
       1
       3
       3
       3
       5
       6
       1
       2
       1
       4
       1
       4
       2
       3
       4
       1
       6
       4
       4
       6
       3
       5
       2
       2
       2
       2
       4
       3
       6
       1
       3
       6
       1
       5
       3
       2
       6
       1
       3
       4
       2
       6
       3
       2
       3
       1
       3
       4
       6
       6
       3
       4
       2
       3
       4
       5
       7
       3
       4
       3
       3
       6
       5
       5
       2
       2
       3
       3
       4
       1
       3
       2
       2
       4
       4
       2
       1
       1
       2
       5
       3
       4
       3
       1
       3
       4
       2
       2
       1
       4
       3
       5
       1
       4
       6
       0
       3
       3
       5
       1
       2
       2
       2
       3
       2
      10
       0
       2
       1
       1
       0
       2
       3
       2
       2
       1
       4
       3
       4
       0
       1
       1
       1
       3
       5
       3
       1
       2
       5
       6
       2
       1
       2
       2
       3
       3
       1
       0
       1
       3
       1
       5
       4
       1
       2
       0
       2
       7
       3
       1
       2
       3
       5
       2
       4
       1
       4
       2
       6
       5
       2
       2
       3
       2
       2
       2
       6
       5
       4
       5
       1
       5
       2
       1
       4
       1
       4
       5
       2
       3
       0
       3
       5
       5
       4
       3
       2
       2
       2
       4
       5
       2
       6
       3
       2
       3
       3
       0
       5
       2
       1
       2
       3
       4
       2
       4
       1
       5
       2
       2
       2
       2
       3
       3
       0
       5
       2
       2
       4
       1
       0
       3
       3
       3
       2
       1
       4
       4
       8
       2
       9
       7
       8
       2
       8
      10
       8
       3
       0
       5
       1
       4
       2
       3
       5
       5
       0
       2
       1
       2
       4
       3
       1
       0
       2
       0
       1
       1
       0
       1
       2
       0
       2
       1
       1
       1
       0
       0
       1
       1
       0
       1
$ROI:
1
1331 1635
$PRESETS:
Live Time
6600
0
$ENER_FIT:
-37.406231 1.986979
$MCA_CAL:
3
-3.740623E+001 1.986979E+000 0.000000E+000 keV
$SHAPE_CAL:
3
0.000000E+000 0.000000E+000 0.000000E+000
