$SPEC_ID:
This is sample 037.
$SPEC_REM:
DET# 1
DETDESC# DIP1456 PCI-Trump SN 253
AP# Maestro Version 7.01
$DATE_MEA:
12/25/2024 01:52:15
$MEAS_TIM:
6600 6796
$DATA:
0 2047
       0
       0
       0
       0
       0
       0
       0
       0
       0
       0
       0
       0
       0
       0
       0
       0
       0
       0
       0
       0
       0
       0
       0
       0
       0
       0
       0
       0
       0
       0
       0
       0
       0
       0
       0
       0
       0
       0
       0
       0
       0
       0
       0
       0
       0
       0
       0
       0
       0
       0
       0
       8
      88
      82
      95
     114
     117
     117
      88
     100
     114
     110
     112
     102
     110
     117
     104
      99
     114
     106
      93
     115
      94
     111
     112
     102
     123
      98
     115
     107
     105
     114
     105
     116
     112
     112
     114
     121
     108
     115
     101
     113
     109
     126
     116
     134
     130
     106
     119
     126
     116
      91
     114
     105
     108
     132
     131
     132
     102
     117
      94
     110
     132
     118
     131
     104
     132
     107
     114
     112
     122
     113
     107
     112
     123
     130
     117
     108
     116
     126
     123
     121
     102
     123
     104
     130
     116
     104
     118
     117
     123
     104
     115
     119
     130
     124
     111
     102
     132
     121
     122
     107
      96
     105
     132
     106
     126
     118
     106
     125
     115
     133
     132
     121
     115
     109
     116
     121
     140
     126
     105
     127
     109
     122
     126
     108
     124
     117
     117
     143
     127
     117
     119
      87
     125
     120
     130
     135
     119
     116
     128
     106
     120
     126
     117
     124
     111
     118
     136
     125
     125
     116
     134
     122
     131
     109
     119
     114
     132
     136
     115
     115
     124
     150
     111
     120
     138
     138
     123
     116
     131
     127
     127
     133
     115
     117
     143
     128
     137
     114
     118
     130
     131
     125
     111
     109
     138
     131
     122
     144
     135
     132
     124
     117
     143
     113
     117
     102
     123
     103
     124
     153
     124
     139
     115
     118
     110
     119
     109
     123
     129
     133
     118
     118
     126
     125
     143
     140
     125
     142
     125
     121
     110
     126
     116
     126
     126
     154
     131
     127
     138
     102
     133
     143
     114
     142
     117
     132
     118
     121
     121
     122
     140
     122
      94
     125
     131
     121
     109
     135
     134
     137
     113
     127
     112
     121
     139
     141
     100
     130
     136
     116
     119
     120
     121
     138
     118
     118
     114
     131
     136
     122
     121
     113
     118
     102
     135
     125
     116
     126
     124
     150
     123
     131
     130
     128
     129
     122
     144
     127
     122
     132
     124
     115
     139
     130
     128
     117
     154
     129
     145
     125
     126
     137
     125
     156
     120
     124
     146
     132
     128
     118
     108
     122
     114
     114
     133
     141
     134
     136
     134
     123
     136
     122
     122
     145
     120
     131
     116
     118
     116
     118
     131
     110
     134
     117
     122
     143
     118
     138
     130
     116
     128
     111
     129
     143
     134
     122
     130
     131
     136
     109
     122
     132
     147
     116
     128
     136
     121
     134
     121
     139
     127
     133
     117
     127
     123
     124
     107
     142
     123
     128
     131
     129
     136
     140
     146
     128
     112
     146
     131
     124
     121
     118
     125
     130
     126
     148
     158
     116
     125
     134
     102
     103
     154
     134
     141
     130
     112
     129
     131
     122
     118
     125
     114
     110
     120
     126
     122
     126
     134
     141
     111
     125
     122
     122
     138
     148
     125
     115
     123
     142
     133
     133
     140
     129
     128
     124
     137
     105
     142
     136
     126
     123
     119
     138
     160
     122
     122
     128
     132
     131
     121
     127
     138
     133
     135
     133
     116
     136
     132
     134
     127
     165
     141
     127
     114
     149
     111
     117
     143
     113
     131
     146
     112
     122
     129
     132
     128
     111
     135
     136
     127
     134
     154
      98
     130
     136
     135
     129
     117
     149
     132
     135
     132
     128
     127
     147
     143
     131
     130
     143
     145
     134
     141
     146
     123
     159
     178
     133
     126
     129
     147
     135
     136
     142
     142
     123
     134
     127
     135
     122
     139
     128
     124
     127
     129
     140
     124
     137
     128
     123
     131
     142
     118
     131
     131
     142
     138
     131
     147
     128
     101
     127
     135
     120
     129
     110
     138
     145
     127
     148
     128
     138
     126
     115
     126
     129
     122
     136
     119
     122
     118
     127
     123
     127
     135
     127
     123
     130
     125
     132
     133
     133
      99
     132
     118
     106
     141
     111
     120
     122
     136
     122
     140
     138
     137
     130
     118
     135
     110
     138
     140
     136
     115
     129
     123
     126
     118
     114
     156
     116
     136
     127
     118
     101
     131
     128
     114
     136
     126
     124
     132
     119
     131
     107
     138
     119
     122
     126
     119
     118
     120
     132
     132
     124
     124
     138
     127
     129
     107
     130
     104
     129
      78
     149
     129
     116
     117
     131
     116
     119
     134
     113
     123
     103
     137
     125
     122
     118
     122
     120
     128
     125
     107
     100
     103
     124
     100
     117
     141
     128
     120
     124
     105
     113
     109
     132
     106
     137
     135
     109
     129
     105
     123
     116
     114
     113
     118
     134
     130
     119
     116
     116
     126
     113
     122
     123
     130
     116
     125
     123
      99
     115
     122
     115
     110
     138
     128
     118
      99
     119
     117
     125
     117
     117
     123
     115
     122
     135
     110
     124
     102
     135
     120
     107
     128
     109
     119
     117
     127
     117
     108
     138
     129
     151
     118
     114
     118
     129
     118
     123
     110
     123
     124
     118
     116
     106
     131
     141
     153
     140
     131
     136
     118
     109
     126
     141
     110
     145
     145
     128
     116
     118
     143
     133
     121
     139
     129
     127
     128
     127
     118
     118
     124
     123
     132
     140
     128
     122
     129
     143
     108
     118
     116
     122
     154
     130
     150
     136
     149
     134
     135
     128
     122
     135
     144
     138
     119
     143
     105
     140
     121
     124
     148
     126
     126
     149
     130
     138
     124
     151
     126
     137
     124
     127
     124
     125
     138
     121
     124
     142
     137
     145
     158
     128
     133
     132
     167
     145
     121
     121
     137
     124
     136
     125
     125
     146
     146
     147
     118
     143
     131
     154
     152
     136
     143
     154
     123
     140
     137
     122
     154
     134
     141
     119
     117
     141
     141
     137
     137
     162
     146
     144
     155
     131
     120
     153
     134
     160
     139
     149
     142
     148
     118
     129
     124
     127
     137
     150
     127
     160
     137
     132
     135
     144
     121
     141
     162
     158
     158
     147
     150
     124
     125
     130
     134
     127
     131
     128
     115
     128
     120
     124
     134
     121
     119
     115
     140
     129
     111
     110
      96
     113
     112
     110
     124
     118
     122
     100
     100
     101
      83
      96
     114
     103
     101
     103
      78
      86
     105
      73
      98
      74
      86
      90
      90
      67
      72
      74
      74
      87
      59
      73
      75
      71
      78
      69
      83
      63
      70
      67
      44
      62
      71
      62
      85
      52
      64
      52
      50
      63
      49
      48
      55
      55
      41
      52
      55
      43
      57
      46
      40
      62
      40
      33
      46
      44
      30
      41
      43
      43
      45
      39
      45
      43
      31
      31
      32
      33
      45
      45
      33
      33
      44
      34
      31
      35
      36
      32
      30
      25
      35
      30
      34
      20
      33
      46
      26
      44
      28
      34
      29
      24
      27
      27
      34
      29
      31
      31
      21
      22
      26
      37
      23
      29
      22
      19
      28
      25
      27
      25
      21
      19
      29
      23
      18
      23
      20
      27
      29
      30
      24
      17
      18
      25
      16
      21
      27
      13
      21
      21
      13
      20
      18
      22
      16
      17
      15
      20
      17
      15
      13
      16
      19
      30
      20
      24
      15
      20
      17
      15
      18
      21
      18
      20
      14
      20
      16
      17
      19
      15
      17
      15
      23
      16
      15
      16
      12
      12
      12
      13
      13
      17
      14
      13
       7
      21
      16
      18
      19
      14
      12
       7
      16
      10
      15
      10
      13
      16
      16
      15
      14
      13
      13
      19
       5
      11
      18
      14
      12
      11
      14
      15
      10
      12
      14
       5
      14
       9
      10
      11
       5
      11
      12
      12
      15
      20
      16
       6
       7
       9
      10
      13
      12
       5
       9
       9
      13
      18
       9
       6
       9
       8
       7
       7
      12
      10
       9
      12
       8
       9
      16
      13
       6
       7
      13
       9
      16
      14
       5
       8
      12
      14
       4
       6
      14
       8
      14
       7
       7
      22
       8
       9
       4
      16
      10
      10
      10
      11
      12
       7
      14
      11
       8
      14
       5
       9
       7
       8
       8
       9
       4
      13
      15
      13
      15
      16
       8
       9
       9
       6
      10
      11
      10
      15
       7
      12
       8
       8
      11
      12
      14
      10
      12
      18
       6
       9
       9
      12
      10
      13
      13
      12
      13
      14
      15
      12
      11
      11
      10
       8
      19
      10
      12
      18
      10
      13
      13
       9
      10
      14
       8
       9
      13
      10
       8
      13
      11
      11
       7
      11
      11
      15
       5
       5
      11
      16
       7
       9
       7
       7
       8
      11
      11
      18
      16
       8
      10
      12
       8
      10
      16
       3
      14
      13
      13
      15
       9
       9
      10
      10
       6
      15
       7
      14
      13
      15
      12
      14
      12
      16
      13
      13
      11
      10
      17
      19
      14
      18
      17
      13
      16
      15
      28
      19
      36
      28
      27
      29
      24
      36
      26
      26
      38
      31
      29
      36
      47
      39
      59
      43
      65
      68
      53
      55
      59
      88
      61
      80
      83
      96
      87
      76
     105
     118
     107
     137
     151
     139
     129
     154
     167
     173
     176
     185
     177
     192
     229
     219
     234
     254
     269
     287
     286
     305
     331
     316
     330
     383
     382
     375
     394
     382
     420
     453
     445
     460
     494
     537
     540
     521
     588
     559
     617
     625
     633
     691
     697
     707
     718
     756
     838
     759
     873
     794
     875
     947
     947
     972
     989
    1031
     995
    1039
    1131
    1074
    1077
    1150
    1152
    1183
    1217
    1248
    1294
    1313
    1332
    1344
    1313
    1367
    1394
    1457
    1449
    1534
    1545
    1561
    1558
    1641
    1628
    1594
    1694
    1701
    1697
    1735
    1747
    1622
    1750
    1787
    1783
    1764
    1782
    1831
    1775
    1827
    1787
    1888
    1872
    1847
    1860
    1957
    1877
    1860
    1804
    1765
    1890
    1894
    1890
    1884
    1950
    1910
    1816
    1830
    1852
    1833
    1857
    1873
    1841
    1816
    1766
    1782
    1792
    1803
    1716
    1734
    1680
    1656
    1736
    1652
    1575
    1620
    1536
    1549
    1539
    1531
    1466
    1366
    1406
    1416
    1440
    1353
    1320
    1343
    1318
    1234
    1226
    1212
    1139
    1141
    1105
    1111
    1061
    1063
    1043
    1021
     918
     937
     899
     889
     823
     845
     790
     753
     753
     698
     669
     632
     688
     622
     597
     591
     578
     520
     568
     523
     506
     535
     481
     469
     376
     395
     404
     383
     351
     375
     319
     312
     287
     286
     271
     284
     222
     247
     245
     240
     240
     203
     188
     169
     182
     161
     151
     157
     115
     129
     138
     117
     111
     100
      98
      83
      83
      79
      89
      90
      70
      69
      63
      66
      67
      59
      45
      60
      48
      37
      34
      30
      32
      35
      41
      22
      26
      24
      27
      20
      23
      21
      19
      23
      23
      19
      14
      10
      15
      12
      10
      12
      13
      11
      12
      15
      16
      13
      13
      10
       4
       4
      10
       6
       5
       6
       6
       8
       3
       6
       8
       6
       3
       7
       5
       4
       5
       8
       5
       5
       5
       6
       1
       3
       2
       4
       1
       1
       8
       5
       3
       0
       3
       6
       5
       6
       4
       5
       9
       4
       1
       3
       2
      10
       4
       3
       3
       5
       3
       2
       2
       4
       5
       4
       2
       2
       5
       7
       4
       3
       3
       6
       4
       8
       8
       6
       2
       6
       0
       4
       5
       5
       3
       4
       4
       3
       4
       3
       5
       7
       2
       4
       6
       3
       5
       3
       4
       4
       2
       4
       3
       5
       9
       5
       8
       3
       4
       2
       5
       5
       3
       2
       3
       3
       2
       9
       2
       5
       2
       3
       0
       5
       2
       3
       1
       6
       2
       3
       1
       1
       3
       4
       5
       5
       3
       3
       6
       3
       1
       4
       1
       1
       7
       5
       3
       3
       3
       3
       2
       5
       4
       3
       2
       7
       1
       6
       3
       1
       3
       1
       4
       5
       4
       3
       2
       3
       7
       1
       3
       6
       2
       3
       1
       6
       1
       8
       1
       2
       1
       3
       4
       4
       6
       5
       5
       2
       3
       5
       2
       2
       5
       4
       3
       3
       7
       3
       2
       3
       3
       1
       6
       4
       3
       5
       3
       2
      10
       4
       4
       7
       4
       5
       3
       3
       1
       3
       1
       4
       4
       5
       7
       1
       3
       4
       2
       2
       3
       3
       5
       1
       3
       3
       2
       1
       3
       6
       4
       5
       4
       2
       0
       6
       5
       1
       3
       3
       2
       3
       1
       1
       4
       3
       2
       2
       3
       5
       4
       4
       5
       1
       2
       2
       2
       2
       3
       1
       5
       1
       4
       2
       4
       3
       5
       0
       3
       3
       0
       1
       4
       3
       5
       2
       3
       3
       6
       2
       1
       2
       4
       3
       1
       3
       0
       1
       2
       4
       3
       4
       2
       2
       4
       2
       6
       4
       7
       4
       1
       2
       0
       1
       2
       7
       3
       7
       3
       2
       7
       1
       4
       5
       2
       3
       5
       3
       1
       2
       1
       3
       3
       7
       6
       4
       2
       3
       3
       2
       2
       4
       4
       3
       2
       2
       0
       4
       3
       7
       2
       1
       2
       0
       3
       1
       3
       1
       1
       2
       5
       3
       3
       3
       2
       1
       1
       5
       2
       4
       4
       0
       2
       2
       2
       2
       2
       4
       2
       0
       3
       4
       1
       3
       2
       2
       4
       6
       1
       4
       4
       2
       4
       2
       8
       3
       3
       2
       2
       2
       6
       2
       1
       2
       1
       0
       1
       3
       2
       1
       0
       1
       1
       1
       1
       1
       0
       0
       1
       0
       0
       0
       0
       0
       0
       1
       0
       1
       0
       0
$ROI:
1
1331 1635
$PRESETS:
Live Time
6600
0
$ENER_FIT:
-37.406231 1.986979
$MCA_CAL:
3
-3.740623E+001 1.986979E+000 0.000000E+000 keV
$SHAPE_CAL:
3
0.000000E+000 0.000000E+000 0.000000E+000
