$SPEC_ID:
This is sample 010.
$SPEC_REM:
DET# 1
DETDESC# DIP1456 PCI-Trump SN 253
AP# Maestro Version 7.01
$DATE_MEA:
12/22/2024 18:23:25
$MEAS_TIM:
6600 6797
$DATA:
0 2047
       0
       0
       0
       0
       0
       0
       0
       0
       0
       0
       0
       0
       0
       0
       0
       0
       0
       0
       0
       0
       0
       0
       0
       0
       0
       0
       0
       0
       0
       0
       0
       0
       0
       0
       0
       0
       0
       0
       0
       0
       0
       0
       0
       0
       0
       0
       0
       0
       0
       0
       0
       0
      58
     106
     104
     108
     106
     115
     121
     104
      98
     110
      99
     108
     120
     115
     112
     112
      99
     102
     108
     125
     130
     103
     106
     114
     100
      95
     114
     116
      99
     122
     119
      99
     100
     115
     127
      96
     124
     116
     102
     112
      99
      97
     120
     111
     108
     116
     113
     103
     108
     117
     114
     106
     105
     115
     124
      98
     121
     112
     123
     108
     107
     111
     113
     118
     109
     130
     109
     107
     100
     121
     123
     134
     101
     124
     134
     120
     116
     114
     112
     122
     104
     112
     117
     127
     124
     130
     122
     105
     121
     124
     116
     126
     110
     106
     112
     125
     129
     122
     125
     115
     132
     108
     112
     110
     134
      95
     107
     128
     111
     143
     116
     124
     114
     135
     113
     110
     122
     117
     130
     133
     113
     116
     114
     115
     132
     110
     116
     130
     116
     122
     113
     130
     114
     110
     123
     136
     124
     126
     138
     119
     128
     118
     117
     124
     120
     125
     119
     130
     121
     113
     113
     143
     126
     149
     103
     113
     120
     120
     137
     126
     138
     135
     118
     105
     117
     135
     126
     119
     120
     149
     123
     114
     108
     121
     132
     141
     101
     108
     116
     125
     117
     131
     151
     153
     111
     133
     128
     122
     116
     137
     122
     126
     126
     131
     137
     116
     100
     128
     120
     142
     123
     145
     111
     127
     105
     121
     112
     132
     140
     127
     109
     125
     130
     134
     122
     129
     102
     120
     138
     135
     130
     128
     124
     120
     125
     114
     122
     118
     117
     125
     129
     116
     133
     135
     127
     125
     130
     129
     111
     129
     131
     119
     132
     119
     123
     127
     108
     119
     130
     122
     122
     115
     123
     122
     130
     119
     148
     130
     127
     122
     114
     123
     126
     123
     112
     131
     134
     131
     124
     135
     121
     137
     143
     126
     131
     140
     131
     112
     117
     111
     135
     123
     121
     119
     139
     101
     117
     118
     128
     133
     123
     144
     129
     125
     132
     130
      96
     122
     123
     112
     106
     117
     160
     127
     112
     139
      98
     129
     134
     126
     117
     138
     135
     139
     113
     133
     115
     133
     130
     120
     117
     130
     140
     130
     153
     128
     125
     140
     135
     134
     134
     119
     134
     127
     134
     112
     101
     119
     123
     115
     111
     128
     140
     121
     116
     124
     119
     140
     123
     142
     118
     131
     117
     130
     139
     105
     144
     126
     124
     131
     103
     132
     142
     113
     127
     127
     140
     150
     127
     129
     116
     124
     118
     123
     125
     120
     127
     133
     123
     138
     121
     101
     138
     113
     142
     116
     123
     121
     138
     118
     135
     139
     142
     148
     134
     112
     125
     107
     129
     124
     123
     130
     127
     124
     106
     132
     122
     131
     104
     115
     124
     120
     149
     113
     108
     120
     119
     127
     146
     119
     131
     149
     124
     128
     109
     128
     153
     115
     133
     134
     125
     116
     144
     117
     131
     139
     129
     144
     137
     142
     128
     133
     121
     115
     126
     146
     131
     129
     126
     144
     106
     106
     147
     136
     138
     137
     140
     123
     125
     118
     150
     129
     115
     127
     142
     127
     128
     120
     144
     119
     139
     133
     145
     146
     153
     109
     134
     113
     142
     147
     140
     141
     149
     143
     150
     148
     147
     129
     146
     116
     120
     144
     128
     139
     141
     146
     135
     144
     111
     135
     123
     152
     120
     110
     131
     131
     132
     146
     131
     145
     126
     130
     125
     139
     137
     128
     128
     127
     142
     135
     108
     121
     124
     142
     123
     129
     152
     132
     116
     122
     127
     119
     138
     128
     131
     121
     128
     132
     126
     145
     145
     153
     135
     134
     115
     126
     112
     116
     133
     141
     136
     129
     126
     141
     125
     128
     115
     105
     114
     137
     148
     113
     132
     119
     136
     118
     135
     130
     121
     142
     119
     117
     111
     140
     125
     143
     122
     126
     111
     111
     126
     126
     140
     134
     125
     124
     130
     131
     139
     122
     129
     127
     102
     119
     128
     111
     132
     116
     120
     119
     119
     139
     121
     137
     120
     119
     115
     126
     110
     122
      98
     134
     128
     129
     140
      91
     121
     130
     106
     122
     120
     107
     131
     127
     118
     113
     128
     121
     122
     124
     117
     126
     108
     110
     114
     127
     116
     113
     129
     108
     110
     123
     113
     113
     132
     124
     139
     122
     129
     110
     132
     115
     125
     131
     132
     115
     137
     143
     118
     114
     129
     123
     137
     110
     107
     125
     109
     106
     122
     115
     118
     116
     112
     113
     121
     139
     135
     128
     110
     116
     119
     126
     103
     126
     101
     121
     109
     116
     108
     122
     131
     130
     136
     126
     114
     101
     128
     141
     128
     119
     106
     115
     127
     118
     108
     100
     143
     121
     119
     137
     117
     136
     134
     109
     118
     114
     122
     127
     112
     133
     124
     133
     123
     133
     118
     120
     119
     121
     129
     122
     132
     130
     134
     125
     132
     125
     123
     104
     126
     132
     138
     132
     120
     120
     131
     118
     131
     134
     121
     117
     117
     127
     139
     123
     129
     122
     134
     130
     136
     141
     120
     128
     115
     141
     140
     128
     108
     135
     140
     120
     136
     126
     147
     122
     149
     132
     145
     122
     113
     113
     119
     138
     155
     113
     124
     132
     136
     140
     135
     138
     150
     129
     115
     141
     132
     132
     143
     149
     130
     126
     153
     134
     142
     150
     126
     129
     136
     123
     117
     129
     162
     138
     160
     159
     137
     152
     153
     123
     121
     113
     110
     139
     133
     126
     121
     127
     116
     132
     146
     163
     152
     127
     147
     128
     134
     127
     126
     140
     126
     143
     143
     148
     139
     141
     134
     128
     143
     167
     137
     146
     114
     135
     131
     119
     127
     142
     149
     142
     140
     150
     148
     150
     136
     123
     140
     134
     131
     145
     144
     126
     140
     137
     132
     140
     125
     133
     148
     122
     140
     137
     116
     110
     120
     136
     134
     129
     137
     111
     107
     120
     116
     131
     104
     117
     111
     107
     113
      98
     113
     113
     101
     120
     106
     115
      97
     122
     103
      97
     102
      97
      90
      77
     101
     101
      83
      96
      88
      86
      92
     104
      65
     101
      87
      87
      82
      91
      81
      74
      84
      64
      78
      64
      66
      55
      52
      62
      80
      71
      66
      68
      52
      59
      54
      51
      39
      46
      49
      58
      54
      57
      52
      44
      47
      46
      54
      52
      46
      43
      48
      40
      34
      46
      32
      53
      40
      39
      30
      52
      35
      35
      39
      34
      36
      39
      42
      35
      37
      30
      35
      37
      31
      32
      31
      37
      40
      36
      28
      32
      33
      27
      23
      21
      28
      27
      25
      31
      32
      25
      32
      35
      25
      30
      28
      32
      23
      29
      23
      19
      21
      18
      20
      21
      33
      25
      32
      43
      24
      21
      28
      15
      23
      23
      25
      21
      16
      20
      19
      26
      20
      28
      29
      23
      34
      26
      22
      21
      20
      17
      19
      18
      14
      24
      15
      10
      13
      12
      20
      20
      23
      20
      12
      21
      20
      21
      20
      20
      14
      23
      19
      15
      19
      10
      28
      13
      17
      11
      15
      12
      15
      14
      17
      12
      22
      14
      16
      13
      13
      12
      16
      11
      10
      12
      12
      12
      15
      14
       7
      14
      14
       9
      14
      15
      14
      17
      15
      10
      19
      13
       8
      16
      10
      12
      10
      13
       9
      19
      12
      10
       7
      11
      14
       9
      12
       8
       6
      12
      11
       9
      13
      15
       6
      15
      10
      11
      10
      14
       9
       8
      13
      16
       9
      16
       3
      13
       9
      12
      15
      10
      14
      10
      13
      13
       9
       9
      17
      12
      20
      16
       7
      14
       8
      13
      10
       6
       8
       9
       8
      10
       4
       9
       9
       7
       7
       9
      17
       9
      11
       9
       6
       9
      15
       9
      11
       8
      11
      11
      15
      14
       3
      11
       9
      14
       8
      18
      14
       8
      12
       9
      16
      16
       6
      16
      19
      10
      13
      12
       7
       7
      13
      12
       9
      12
       7
      10
       8
      10
       8
      11
      15
       9
       9
      12
      12
      15
      10
       7
       7
       6
       9
       9
      13
       6
       7
       9
      11
      12
      15
       9
      12
      11
       8
      13
       7
       7
      10
       7
      12
       8
      13
      11
       6
       7
       9
      11
       9
      10
      15
      10
      13
       8
      13
      12
      10
      12
      20
       5
      10
      14
       6
       8
      13
       7
       8
      11
      10
       6
      14
      16
       7
      13
       7
      16
      11
      10
      15
      17
      13
      13
       5
      10
      13
      12
      11
      12
       4
      12
      16
      11
      14
      13
      19
      17
      12
      10
      18
      21
      17
      22
      15
      17
      22
      15
      19
      24
      26
      33
      19
      30
      28
      37
      27
      28
      36
      34
      35
      40
      43
      46
      51
      53
      53
      73
      78
      64
      79
      73
      83
     105
      84
      82
      92
     101
     114
     134
     131
     138
     149
     161
     136
     173
     152
     175
     181
     185
     188
     248
     205
     239
     257
     265
     238
     274
     294
     346
     332
     357
     337
     351
     373
     392
     439
     423
     451
     499
     489
     534
     565
     535
     537
     582
     570
     595
     633
     643
     690
     707
     755
     764
     791
     787
     705
     808
     890
     854
     897
     940
     912
     975
    1017
    1018
    1043
    1028
    1045
    1088
    1123
    1147
    1147
    1220
    1167
    1284
    1283
    1267
    1399
    1307
    1360
    1458
    1435
    1447
    1507
    1503
    1502
    1512
    1575
    1565
    1605
    1632
    1644
    1716
    1708
    1641
    1684
    1688
    1723
    1849
    1749
    1862
    1819
    1838
    1868
    1870
    1883
    1803
    1809
    1843
    1871
    1848
    1877
    1948
    1906
    1846
    1918
    1926
    1838
    1886
    1983
    1852
    1949
    1862
    1798
    1807
    1805
    1813
    1818
    1800
    1768
    1738
    1749
    1763
    1735
    1721
    1691
    1623
    1695
    1674
    1619
    1599
    1588
    1514
    1487
    1444
    1417
    1388
    1398
    1389
    1431
    1346
    1299
    1234
    1204
    1239
    1205
    1108
    1175
    1106
    1081
    1083
    1053
    1081
     994
     970
    1001
     885
     901
     891
     855
     795
     793
     751
     695
     718
     690
     660
     662
     603
     613
     595
     602
     555
     532
     523
     509
     478
     432
     425
     422
     424
     396
     371
     372
     326
     332
     327
     276
     273
     309
     260
     280
     228
     218
     212
     202
     183
     179
     179
     179
     186
     150
     148
     163
     124
     105
     112
     108
      93
      80
      95
      87
      70
      84
      79
      70
      65
      60
      60
      59
      57
      44
      45
      52
      44
      36
      55
      40
      31
      30
      31
      35
      32
      28
      25
      17
      21
      22
      17
      29
      18
      15
      12
       9
      14
      14
      12
      15
       9
       5
      14
      14
       8
       5
       9
       8
       6
       4
       7
       6
       3
       9
       5
       2
       5
       7
       7
       6
       6
       3
       5
       2
       4
       3
      10
       3
       7
       6
       4
       5
       1
       5
       4
       1
       0
       3
       6
       3
       7
       5
       4
       6
       8
       5
       2
       2
       4
       2
       5
       2
       5
       6
       3
       8
       9
       9
       2
       6
       2
       5
       2
       8
       6
       2
       5
       1
       5
       1
       5
       4
       6
       3
      10
       4
       3
       2
       7
       6
       2
       5
       4
       3
       3
       3
      11
       8
       4
       6
       5
       5
       3
       4
       4
       4
       4
       8
       1
       2
       3
       2
       1
       3
       1
       4
       5
       4
       9
       3
       2
       2
       3
       2
       1
       2
       4
       1
       4
       6
       3
       0
       2
       3
       8
       3
       2
       4
       2
       5
       3
       5
       3
       5
       4
       4
       3
       2
       2
       6
       9
       3
       5
       4
       5
       1
       3
       4
       4
       4
       0
       4
       2
       5
       3
       5
       6
       4
       1
       7
       3
       4
       1
       7
       2
       7
       6
       4
       3
       1
       5
       1
       3
       2
       6
       4
       4
       7
       3
       7
      10
       2
       2
       6
       3
       6
       3
       8
       2
       3
       4
       4
       1
       6
       3
       8
       3
       4
       2
       2
       2
       2
       2
       1
       1
       1
       2
       3
       5
       4
       6
       1
       1
       1
       3
       2
       7
       2
       1
       2
       4
       4
       4
       3
       1
       2
       2
       3
       5
       3
       2
       2
       1
       1
       1
       4
       3
       3
       1
       2
       5
       2
       2
       3
       2
       4
       3
       4
       5
       2
       4
       3
       5
       0
       2
       6
       4
       1
       2
       5
       2
       7
       5
       5
       6
       1
       6
       2
       1
       6
       4
       5
       4
       1
       4
       1
       5
       0
       1
       5
       5
       1
       4
       5
       4
       4
       2
       5
       3
       6
       3
       7
       0
       4
       4
       1
       6
       3
       0
       2
       2
       1
       3
       2
       2
       3
       3
       5
       4
       3
       5
       2
       3
       5
       0
       2
       5
       2
       3
       2
       3
       5
       3
       1
       1
       0
       2
       2
       3
       2
       1
       7
       4
       0
       2
       3
       2
       0
       1
       0
       3
       3
       1
       1
       0
       2
       2
       7
       1
       3
       4
       1
       0
       7
       4
       2
       3
       1
       5
       2
       4
       3
       3
       5
       4
       3
       1
       5
       2
       5
       3
       4
       4
       2
       4
       3
       4
       5
       5
       3
       1
       4
       1
       2
       2
       3
       4
       2
       4
       2
       2
       4
       1
       0
       1
       1
       1
       0
       2
       1
       1
       1
       0
       1
       0
       0
       0
       1
       1
       0
       0
       1
       0
$ROI:
1
1331 1635
$PRESETS:
Live Time
6600
0
$ENER_FIT:
-37.406231 1.986979
$MCA_CAL:
3
-3.740623E+001 1.986979E+000 0.000000E+000 keV
$SHAPE_CAL:
3
0.000000E+000 0.000000E+000 0.000000E+000
