$SPEC_ID:
This is sample 040.
$SPEC_REM:
DET# 1
DETDESC# DIP1456 PCI-Trump SN 253
AP# Maestro Version 7.01
$DATE_MEA:
12/25/2024 08:02:06
$MEAS_TIM:
6600 6796
$DATA:
0 2047
       0
       0
       0
       0
       0
       0
       0
       0
       0
       0
       0
       0
       0
       0
       0
       0
       0
       0
       0
       0
       0
       0
       0
       0
       0
       0
       0
       0
       0
       0
       0
       0
       0
       0
       0
       0
       0
       0
       0
       0
       0
       0
       0
       0
       0
       0
       0
       0
       0
       0
       0
       0
      53
     103
     112
     100
     102
     114
      97
     112
     101
     118
     146
     115
      92
     106
     102
      93
     137
     112
     117
     101
     106
     121
     112
     112
     117
      92
     118
     122
     113
     134
     120
     103
     124
     129
     117
     121
     101
     122
     114
     106
     103
     107
     122
     114
     112
     101
     121
     128
     106
     114
     103
     104
     107
     130
      95
     124
     133
     115
     134
     120
     110
     115
     109
     120
     136
     118
     114
     118
     132
     125
     115
     122
     125
     133
     127
     124
     124
     119
     110
     110
     123
     121
     120
     106
     129
     124
     114
     124
     120
     120
     133
     122
     117
     128
     127
     117
     138
     147
     141
     112
     117
     118
     114
     123
     123
     130
     105
     125
     133
     115
     127
     139
     130
     132
     126
     130
     127
     127
     106
     120
     119
     107
     112
      99
     148
     128
     130
     127
     112
     137
     123
     129
     122
     127
     115
     132
     120
     115
     132
     128
      97
     134
     122
     145
     117
     115
     124
     121
     135
     110
     111
     121
     130
     127
     121
     133
     137
     124
     117
     126
     124
     137
     107
     120
     123
     116
     128
     119
     119
     117
     120
     124
     128
     131
     117
     131
     112
     114
     137
     133
     134
     130
     126
     135
     109
     129
     113
     101
     118
     129
     110
     122
     120
     135
     115
     116
     122
     130
     140
     118
     125
     126
     116
     135
     117
     129
     128
     144
     117
     116
     136
     125
     122
     144
     120
     117
     130
     133
     113
      99
     138
     126
     123
     132
     141
     127
     134
     125
     151
     144
     122
     139
     119
     114
     152
     133
     112
     113
     151
     139
     131
     138
     116
     111
     118
     115
     122
     119
     126
     128
     129
     122
     124
     139
     107
     114
     144
     117
     113
     149
     110
     114
     117
     132
     122
     119
     140
     115
     121
     136
     116
     120
     108
     124
     112
     106
     131
     129
     132
     109
     134
     122
     110
     127
     144
     140
     129
     117
     132
     145
     139
     134
     116
     127
     121
     123
     114
     125
     141
     139
     114
     144
     125
     145
     128
     134
     133
     125
     113
     127
     133
     139
     134
     135
     134
     132
     150
     122
     109
     123
     135
     130
     120
     140
     124
     131
     116
     132
     118
     122
      99
     126
     132
     126
     104
     132
     127
     115
     126
     136
     133
     155
     147
     125
     130
     126
     119
     113
     132
     125
     124
     140
     142
     115
     119
     121
     154
     112
     112
     122
     139
     121
     112
     123
     143
     135
     112
     130
     140
     132
     131
     130
     131
     126
     135
     145
     149
     119
     155
     133
     142
     122
     137
     145
     117
     134
     114
      94
     141
     123
     124
     121
     117
     135
     131
     127
     130
     125
     131
     108
     149
     126
     117
     132
     153
     142
     122
     129
     130
     121
     113
     135
     135
     122
     135
     133
     151
     119
     131
     109
     122
     123
     125
     128
     112
     135
     137
     125
     119
     121
     123
     112
     130
     109
     129
     120
     113
     129
     142
     120
     109
     112
     133
     132
     118
     138
     132
     134
     125
     124
     132
     117
     119
     139
     154
     129
     125
     142
     117
     118
     135
     112
     139
     139
     145
     132
     157
     144
     116
     129
     120
     127
     146
     124
     118
     140
     134
     144
     142
     161
     126
     138
     132
     150
     129
     142
     152
     142
     137
     113
     158
     134
     126
     135
     155
     125
     124
     149
     153
     144
     169
     141
     125
     123
     135
     134
     133
     136
     154
     148
     144
     153
     123
     129
     140
     130
     129
     151
     112
     137
     126
     140
     125
     127
     141
     130
     128
     108
     122
     142
     136
     113
     128
     122
     119
     141
     133
     123
     123
     137
     121
     134
     158
     142
     127
     121
     138
     128
     132
     112
     117
     140
     123
     149
     118
     120
     130
     143
     127
     130
     115
     126
     120
     131
     120
     140
     133
     142
     124
     140
     117
     123
     119
     132
     133
     141
     138
     109
     149
     135
     137
     144
     124
     126
     124
     144
     121
     142
     149
     107
     122
     112
     130
     123
     116
     107
     135
     128
     146
     146
     126
     126
     127
     142
     135
     106
     146
     126
     121
     122
     123
     160
     117
     125
     124
     121
     127
     123
     129
     117
     122
     123
     140
     141
     128
     132
     108
     119
     117
     110
     123
     127
     127
     116
     118
     127
     133
     140
     113
     110
     123
     108
     115
     131
     125
     119
     111
     134
     123
     136
     116
     118
     112
     123
     119
     127
     129
     130
     119
     141
     120
     140
     104
     126
     107
     120
     110
     128
      97
     110
     127
     129
     113
     127
     137
     123
     127
     120
     114
     114
     138
     115
     121
     113
     112
     110
     130
      92
     147
     138
     141
     101
     118
     134
     112
     124
     121
     141
     131
     117
     122
     121
     145
     135
     113
     124
     117
     105
     131
     123
     126
     130
     102
     153
     116
     115
     144
     117
     115
     124
     101
     129
     123
     124
     121
     123
     127
     109
     119
     118
     153
     120
     139
     121
     111
     144
     131
     128
     148
     118
     161
     122
     131
     126
     139
     155
     115
     132
     121
     126
     150
     113
     128
     121
     132
     132
     133
     128
     119
     130
     137
     127
     124
     129
     122
     131
     125
     137
     101
     140
     138
     121
     119
     131
     134
     154
     132
     117
     120
     117
     132
     121
     116
     130
     132
     125
     118
     125
     137
     120
     146
     149
     139
     146
     125
     152
     133
     121
     145
     144
     110
     121
     130
     140
     154
     131
     136
     145
     147
     127
     129
     142
     134
     127
     132
     160
     124
     131
     144
     144
     140
     136
     126
     134
     146
     140
     150
     152
     140
     114
     136
     146
     154
     121
     147
     138
     158
     149
     129
     155
     161
     140
     144
     147
     156
     135
     129
     135
     154
     135
     131
     148
     148
     149
     155
     140
     140
     168
     154
     166
     112
     159
     119
     169
     132
     135
     130
     132
     116
     157
     152
     130
     137
     128
     139
     138
     154
     160
     127
     112
     151
     113
     125
     121
     115
     116
     117
     137
     137
     119
     123
     117
     111
     139
     108
     115
     105
     113
     123
     111
      97
     101
      82
     116
     101
      90
      92
     101
      97
      94
     109
      96
      91
      91
      92
      79
      78
      78
      77
      84
      85
      69
      77
      70
      59
      72
      72
      72
      64
      73
      57
      67
      66
      56
      62
      50
      49
      62
      51
      52
      60
      57
      45
      53
      42
      56
      50
      41
      65
      45
      61
      50
      55
      46
      44
      32
      30
      48
      50
      39
      49
      50
      28
      46
      36
      27
      40
      39
      42
      42
      35
      36
      30
      34
      30
      33
      34
      39
      41
      41
      33
      31
      34
      32
      29
      27
      25
      32
      23
      21
      32
      34
      28
      30
      27
      27
      18
      30
      30
      23
      18
      24
      30
      19
      30
      32
      28
      22
      29
      29
      17
      16
      31
      26
      31
      23
      20
      26
      20
      19
      16
      14
      27
      15
      29
      19
      16
      28
      25
      27
      20
      14
      20
      13
      23
      11
      29
      25
      17
      16
      21
      18
      19
      16
      17
      21
      18
      10
      17
      20
      19
      17
      15
      13
      17
      19
      15
      19
      14
      20
      10
      14
      16
      12
      10
      14
      10
       9
       5
      11
      12
      14
      13
       8
      17
      14
      13
      18
      13
      10
       7
      16
      14
      10
      11
       8
      12
      21
      15
       8
      23
      22
       8
      16
      16
      15
      19
      11
      10
       8
      12
      10
      10
      21
      16
       8
       9
      11
       5
      10
       7
      10
      10
       2
      14
      16
      15
      15
      16
      11
       7
      11
      10
       9
       9
       9
      15
      13
       9
      14
      10
       9
      15
      16
      18
       4
      12
      11
      12
      10
       7
       5
      10
      13
       7
      13
      12
      13
      11
      14
       8
      12
       6
      10
       7
       8
       6
      11
       8
      10
      10
      13
      11
       8
      10
      10
       5
      19
       8
       8
      12
      11
      10
      10
      16
       7
       9
      12
      12
      11
       5
       6
       7
      12
       9
      14
      10
       6
      13
      13
      10
       8
      10
      12
      14
      13
       9
       9
       9
       9
      14
      14
       6
      13
       9
      13
      12
       9
       9
      10
      12
      10
       7
       4
      12
       7
      10
      19
      11
      10
      12
       4
       8
      12
      13
      11
       7
      13
      11
       7
      11
      16
      13
      10
      11
       6
      11
      10
       6
      12
       8
      14
      15
       8
       7
      10
      15
      12
      10
      11
       9
      17
       9
      15
      12
      10
      10
      12
      11
      15
      11
      10
      13
       9
      11
      10
      15
      11
      12
      13
      16
      14
      16
      23
      17
       9
       9
       8
      18
      15
       7
      15
      14
      16
      11
       9
      19
      12
      25
      10
      22
      17
      18
      17
      28
      23
      27
      17
      33
      22
      24
      21
      29
      29
      18
      25
      32
      38
      31
      40
      33
      59
      45
      55
      73
      57
      70
      65
      75
      78
      95
      83
     105
      85
     116
     108
     104
      99
     126
     127
     123
     153
     138
     159
     181
     192
     189
     213
     215
     237
     206
     246
     226
     284
     275
     293
     259
     328
     337
     358
     364
     355
     394
     424
     438
     464
     467
     509
     513
     514
     510
     518
     574
     591
     593
     656
     661
     666
     734
     701
     733
     731
     777
     806
     764
     869
     879
     878
     865
     949
     972
     946
     930
    1005
    1043
    1104
    1073
    1117
    1159
    1184
    1223
    1243
    1255
    1307
    1376
    1372
    1379
    1426
    1407
    1398
    1485
    1523
    1478
    1534
    1529
    1577
    1551
    1614
    1666
    1731
    1689
    1654
    1684
    1741
    1793
    1772
    1731
    1692
    1795
    1850
    1854
    1786
    1906
    1859
    1843
    1897
    1879
    1837
    1955
    1934
    1913
    1872
    1947
    1903
    1885
    1902
    1903
    1833
    1850
    1901
    1842
    1833
    1889
    1813
    1792
    1779
    1904
    1787
    1674
    1743
    1694
    1704
    1709
    1646
    1712
    1577
    1662
    1626
    1512
    1491
    1598
    1546
    1517
    1438
    1484
    1328
    1376
    1373
    1340
    1337
    1320
    1211
    1262
    1193
    1135
    1220
    1135
    1124
    1044
    1085
    1020
     999
     927
     920
     904
     917
     851
     860
     819
     790
     762
     770
     686
     675
     703
     648
     590
     589
     602
     578
     547
     559
     504
     503
     449
     489
     454
     401
     439
     381
     360
     382
     352
     326
     312
     314
     297
     243
     256
     255
     232
     235
     202
     197
     206
     182
     166
     168
     171
     145
     166
     134
     137
     117
     115
     114
      96
      97
      88
      70
      72
      80
      78
      69
      71
      81
      59
      42
      61
      51
      57
      53
      38
      38
      38
      29
      27
      34
      30
      35
      29
      24
      15
      29
      14
      14
      16
      21
      12
      18
      13
      14
      16
      13
      14
      10
      12
      13
       7
      11
      10
      11
       4
       7
       6
      15
       8
       8
       4
       5
       7
       6
       6
       4
       4
      11
       6
       3
       5
       4
       8
       7
       3
       5
       1
       6
       5
       3
       3
       5
       4
       7
      10
       6
       4
       5
       5
      12
       5
       8
       3
       4
      10
       3
       2
       3
       3
       2
       2
       1
       3
       4
       3
       5
       1
       0
       6
       6
       6
       2
       6
       4
       6
       6
       2
       7
       3
       4
       6
       7
       2
       6
       3
       1
       4
       2
       5
       5
       9
       3
       1
       3
       5
       5
       2
       4
       4
       5
       7
       5
       2
       4
       5
       5
       4
       0
       3
       7
       5
       5
       5
       7
       7
       7
       7
       4
       2
       6
       3
       2
       4
       8
       3
       7
       3
       3
       3
       2
       3
       3
       4
       6
       6
       1
       5
       2
       1
       2
       3
       0
       4
       4
       3
       3
       2
       1
       5
       2
       5
       0
       6
       4
       4
       5
       5
       5
       5
       2
       4
       4
       3
       5
       2
       4
       2
       4
       3
       0
       4
       6
       4
       5
       4
       6
       3
       2
       4
       3
       1
       4
       4
       1
       2
       4
       2
       3
       3
       2
       4
       6
       8
       1
       2
       2
       4
       7
       3
       3
       7
       3
       2
       3
       4
       4
       2
       1
       3
       7
       1
       3
       4
       2
       2
       2
       4
       5
       7
       1
       2
       4
       3
       3
       1
       7
       3
       5
       4
       2
       3
       4
       4
       3
       3
       4
       2
       3
       3
       2
       3
       0
       3
       3
       3
       4
       3
       4
       3
       4
       3
       4
       5
       6
       5
       3
       3
       7
       1
       1
       5
       1
       2
       1
       2
       3
       6
       4
       1
       3
       4
       3
       2
       1
       2
       4
       5
       5
       5
       3
       5
       9
       3
       5
       3
       3
       2
       2
       4
       5
       5
       3
       3
       2
       4
       1
       3
       1
       2
       2
       1
       2
       4
       1
       3
       5
       3
       5
       3
       6
       1
       1
       4
       4
       5
       7
       4
       3
       2
       1
       3
       4
       3
       1
       3
       2
       2
       4
       4
       2
       3
       1
       4
       1
       2
       4
       5
       1
       1
       5
       2
       3
       2
       1
       3
       3
       1
       1
       2
       5
       3
       7
       3
       1
       3
       2
       3
       3
       5
       4
       4
       3
       2
       2
       3
       5
       4
       5
       3
       5
       0
       3
       2
       1
       4
       3
       1
       5
       1
       4
       3
       1
       4
       5
       4
       2
       4
       1
       4
       0
       5
       6
       3
       3
       1
       7
       2
       3
       7
       2
       0
       2
       2
       2
       3
       3
       2
       0
       2
       3
       1
       0
       0
       0
       0
       0
       0
       1
       0
       1
       0
       0
       0
       0
       0
       0
       0
       1
$ROI:
1
1331 1635
$PRESETS:
Live Time
6600
0
$ENER_FIT:
-37.406231 1.986979
$MCA_CAL:
3
-3.740623E+001 1.986979E+000 0.000000E+000 keV
$SHAPE_CAL:
3
0.000000E+000 0.000000E+000 0.000000E+000
