$SPEC_ID:
This is sample 052.
$SPEC_REM:
DET# 1
DETDESC# DIP1456 PCI-Trump SN 253
AP# Maestro Version 7.01
$DATE_MEA:
12/26/2024 08:41:30
$MEAS_TIM:
6600 6796
$DATA:
0 2047
       0
       0
       0
       0
       0
       0
       0
       0
       0
       0
       0
       0
       0
       0
       0
       0
       0
       0
       0
       0
       0
       0
       0
       0
       0
       0
       0
       0
       0
       0
       0
       0
       0
       0
       0
       0
       0
       0
       0
       0
       0
       0
       0
       0
       0
       1
       0
       0
       0
       0
       0
       2
      71
     102
     106
      93
     104
     113
     103
     111
     109
     109
     129
     114
     112
     141
     105
     117
     114
     110
     133
     102
     121
     125
     100
     125
     112
     125
     103
     120
     109
      81
     124
      97
     120
      82
     110
     127
     104
     111
     128
     116
     103
     104
     120
     111
     103
     102
     111
     105
     110
     129
     103
     114
     124
     113
     102
     117
     116
     100
     132
     134
     125
     110
     131
     103
     128
     106
     116
     108
     108
     126
     108
     103
     129
     116
     132
     108
     115
     119
     130
     130
     126
     134
     119
     123
     110
     124
     108
      99
     115
     128
     119
      95
     119
     133
     130
     112
     120
     123
     113
     129
     135
     135
     132
     118
     113
     128
     126
     140
     129
     109
     141
     128
     101
     117
     113
     144
     120
     120
     108
     123
     131
     126
     113
     114
     124
     121
     119
     124
     118
     119
     126
     132
     120
     122
     125
     130
     122
     130
     130
     104
     105
     136
     126
     135
     140
     127
     128
     103
     119
     118
     114
     108
     130
     121
     114
     125
     114
     127
     121
     135
     116
     125
     132
     128
     127
     111
     132
     127
     135
     110
     123
     125
     110
     128
     131
     123
     114
     134
     127
     123
     153
     130
     132
     144
     127
     130
     117
     120
     143
     121
     110
     131
     106
     132
     118
     130
     126
     131
     127
     154
     122
     120
     130
     119
     110
     141
     120
     139
     111
     117
     112
     144
     126
     124
     120
     111
     125
     127
     112
     136
     119
     119
     144
     135
     123
     136
     143
     118
     129
     133
     144
     127
     111
     124
     129
     132
     136
     137
     144
     146
     113
     117
     124
     129
     126
     124
     155
     120
     127
     127
     132
     109
     117
     121
     135
     123
     120
     119
     118
     120
     136
     127
     151
     117
     105
     139
     102
     125
     116
     117
     121
     125
     119
     123
     100
     147
     140
     125
     125
     117
     129
     141
     124
     127
     126
     125
     120
     120
     129
     139
     133
     134
     112
     129
     143
     120
     124
     129
     117
     135
     118
     111
     135
     145
     128
     119
     123
     113
     144
     130
     131
     132
     141
     119
     131
     133
     113
     157
     126
     132
     134
     128
     112
     136
     120
     136
     119
     114
     114
     131
     118
     119
     119
     126
     118
     115
     121
     119
     130
     116
     134
     115
     113
     123
     134
     112
     153
     100
     136
     137
     138
     119
     138
     130
     108
     130
     129
     124
     134
     115
     141
     120
     145
     130
     109
     112
     129
     140
     124
     125
     142
     121
     113
     140
     141
     123
     118
     125
     130
     133
     126
     140
     144
     125
     134
     137
     148
     135
     107
     132
     140
     144
     136
     138
     118
     133
     145
     141
     133
     132
     127
     135
     119
     116
     124
     120
     125
     136
     130
     134
     117
     114
     126
     137
     137
     130
     123
     155
     124
     127
     125
     123
     123
     119
     132
     136
     129
     152
     118
     131
     132
     140
     131
     137
     138
     130
     114
     124
     143
     131
     122
     137
     133
     131
     126
     143
     130
     130
     137
     148
     121
     122
     151
     147
     121
     120
     124
     108
     131
     130
     144
     143
     132
     132
     129
     124
     129
     120
     140
     142
     133
     122
     118
     128
     132
     141
     131
     135
     139
     124
     136
     140
     145
     137
     133
     142
     152
     116
     121
     146
     126
     143
     117
     141
     121
     145
     129
     116
     129
     135
     147
     118
     150
     151
     134
     153
     124
     138
     140
     131
     124
     136
     162
     125
     151
     130
     118
     157
     151
     134
     132
     135
     117
     141
     137
     123
     136
     117
     131
     163
     143
     148
     123
     149
     126
     139
     117
     117
     131
     117
     133
     131
     139
     120
     127
     138
     130
     120
     137
     128
     135
     120
     112
     138
     128
     123
     143
     112
     118
     131
     130
     120
     116
     149
     131
     152
     143
     126
     129
     129
     125
     114
     115
     122
     125
     115
     115
     129
     124
     136
     116
     128
     106
     126
     127
     127
     116
     111
     120
     130
     103
     129
     100
     113
     132
     134
     116
     144
     137
     109
     129
     123
     135
     126
     109
     120
     108
     135
     117
     128
     128
     115
     139
     129
     104
     116
     137
     115
     126
     115
     113
     127
     117
     112
     125
     130
     129
     121
     106
     122
     116
     110
     137
     122
     133
     146
     113
     150
     136
     127
     123
     138
     131
     123
     131
     115
     121
     136
     112
     110
     104
     118
     117
     124
     112
     114
     121
     107
     126
     124
     127
     116
     132
     142
     130
     129
     133
     123
     121
     118
     117
     114
     107
     129
     120
     115
     114
     115
     124
     124
     116
     119
     114
     121
     121
     126
     124
     119
     139
     126
     130
     137
     128
     139
     149
     112
     115
     110
     127
     127
     102
     113
     115
     102
     118
     138
     118
     115
     120
     101
     124
     126
     137
     116
     115
     119
     121
     116
     124
     101
     117
     126
     128
     119
     114
     131
     134
     117
     119
     144
     118
     143
     106
     109
     114
     134
     120
     112
     126
     130
     146
     114
     121
     123
     123
     129
     148
     122
     131
     134
      95
     122
     132
     131
     136
     115
     121
     128
     136
     110
     130
     136
     130
     126
     144
     139
     125
     146
     110
     128
     126
     130
     132
     134
     112
     133
     136
     162
     136
     128
     134
     121
     134
     136
     143
     143
     131
     120
     130
     126
     140
     113
     125
     129
     138
     133
     126
     140
     130
     131
     146
     150
     122
     141
     136
     146
     140
     133
     125
     147
     131
     133
     144
     129
     128
     147
     135
     132
     125
     134
     129
     147
     162
     150
     147
     160
     143
     146
     146
     158
     140
     131
     136
     155
     145
     144
     149
     144
     124
     140
     115
     155
     142
     145
     138
     135
     162
     139
     145
     152
     137
     145
     137
     150
     112
     147
     139
     144
     121
     147
     143
     133
     138
     156
     148
     136
     142
     130
     129
     141
     120
     141
     131
     139
     130
     147
     139
     105
     137
     126
     125
     132
     136
     114
     144
     131
     119
     113
     114
     116
     117
     111
     123
     109
     114
     111
     118
     109
      93
     105
      93
     116
      83
      89
      99
     110
     104
     106
     100
      97
     111
     103
     101
      84
      84
      88
      79
      75
      84
      74
      63
      95
      82
      85
      75
      68
      94
      60
      87
      70
      58
      52
      61
      49
      68
      61
      71
      48
      57
      53
      52
      56
      45
      61
      55
      42
      49
      41
      52
      54
      48
      44
      47
      52
      44
      47
      43
      48
      46
      37
      43
      46
      53
      40
      53
      38
      33
      41
      48
      32
      32
      47
      39
      37
      48
      40
      44
      38
      37
      35
      43
      43
      28
      21
      36
      30
      30
      24
      35
      30
      26
      29
      21
      26
      23
      32
      47
      28
      32
      23
      22
      30
      27
      27
      34
      23
      27
      40
      25
      24
      27
      23
      18
      20
      29
      20
      20
      17
      18
      25
      15
      22
      20
      22
      22
      26
      35
      20
      24
      16
      32
      20
      24
      20
      21
      20
      10
      23
      26
      21
      17
      20
      21
      25
      17
      25
      19
      22
      12
      20
      15
      17
      14
      15
      17
      17
      10
      16
      19
      16
      17
      12
      11
      15
      20
      11
      24
      16
      13
      22
      17
      11
       8
      13
      20
      13
      16
       9
      12
      11
      13
       8
      20
      14
       8
      12
       8
      17
      10
      16
      21
       9
      12
      11
       9
      15
      20
       8
       7
       9
      16
      14
      16
      13
       9
      10
      11
      21
       8
      14
      13
      21
      12
      11
      11
      11
      12
      10
      12
       8
      11
      11
      14
       8
       8
      16
      16
      11
      12
      13
      10
       9
      13
       7
      15
       9
       8
       6
      12
       4
      11
      11
       5
      13
      13
      10
       9
       9
      10
      14
      15
      10
       6
       8
       8
      12
      16
      17
       6
      11
      12
       9
       9
      16
      12
      11
      15
       8
      13
      14
      12
      17
      13
      12
      11
       9
       7
      16
      16
      13
       9
      11
      10
       9
      12
       6
       5
      10
      12
       7
      11
      11
       8
       8
       9
      17
       9
      16
      11
      11
       5
      11
       5
       9
      17
      12
       9
      15
      11
       6
      15
       8
      12
      12
      15
      11
      17
      15
       7
      13
      10
       3
      16
      17
      10
       8
      11
       8
      11
      10
       8
       7
      10
      13
      12
      13
      13
       8
      16
       9
       7
       9
      10
       6
      10
      12
      10
       5
       9
      15
       4
       9
       4
      11
       8
       8
       3
      14
       6
       6
      15
      15
      11
      11
      15
      11
      17
      11
      10
      12
      13
      19
      12
      13
       7
      12
      14
      19
      16
      14
      14
      14
      12
      10
      23
      20
      12
      22
      19
      14
      26
      21
      21
      17
      28
      29
      20
      23
      32
      20
      25
      19
      31
      30
      40
      31
      48
      46
      30
      60
      55
      43
      53
      54
      59
      70
      57
      65
      82
      73
      82
      92
      97
      92
     101
     109
      99
     124
     135
     121
     140
     147
     157
     146
     175
     187
     214
     175
     197
     242
     236
     242
     286
     274
     257
     306
     296
     310
     332
     336
     344
     363
     381
     388
     426
     429
     445
     457
     491
     511
     499
     537
     560
     576
     592
     606
     632
     650
     706
     719
     716
     754
     783
     812
     812
     878
     882
     905
     873
     939
     946
    1001
    1015
    1045
    1058
    1075
    1071
    1125
    1151
    1175
    1228
    1213
    1228
    1279
    1280
    1363
    1348
    1322
    1443
    1472
    1489
    1518
    1485
    1561
    1549
    1554
    1550
    1581
    1682
    1691
    1600
    1611
    1767
    1712
    1711
    1706
    1737
    1766
    1657
    1816
    1870
    1819
    1824
    1862
    1841
    1915
    1855
    1840
    1867
    1913
    1904
    1884
    1921
    1867
    1944
    1875
    1909
    1877
    1891
    1854
    1854
    1773
    1882
    1806
    1802
    1821
    1700
    1671
    1802
    1755
    1681
    1754
    1691
    1714
    1708
    1701
    1667
    1576
    1667
    1576
    1554
    1574
    1433
    1445
    1449
    1437
    1418
    1374
    1357
    1316
    1339
    1240
    1295
    1136
    1138
    1138
    1137
    1076
    1053
    1051
    1045
     977
     879
     924
     923
     888
     941
     844
     829
     816
     794
     787
     731
     677
     684
     644
     660
     609
     567
     559
     547
     524
     536
     470
     490
     451
     409
     463
     408
     391
     397
     331
     367
     341
     290
     314
     301
     293
     260
     281
     250
     237
     223
     191
     205
     176
     177
     191
     144
     157
     151
     144
     131
     134
     127
     102
      98
      92
      99
      94
      94
      90
      79
      79
      62
      62
      58
      46
      50
      52
      53
      42
      47
      33
      41
      35
      28
      36
      32
      29
      22
      26
      22
      18
      18
      13
      14
      20
      18
      22
       7
      17
      10
      14
      13
      18
       4
       9
       6
       9
      12
       6
      14
       7
      10
       9
      13
       5
      12
       3
       4
       4
       6
       5
       7
       2
       3
       6
       5
       5
       7
       3
       8
       6
       3
       2
       7
       3
       4
       8
       5
       1
       9
       6
       5
       4
       1
       6
       3
       4
       4
       2
       2
       5
       2
       6
       4
       6
       7
       4
      10
       4
       5
       9
       5
       4
       8
       2
       5
       7
       3
       3
       6
       4
       5
       3
       5
       6
       3
       4
       0
       5
       3
       6
       1
       1
       4
       3
       7
       1
       1
       2
       4
       1
       8
       3
       9
       3
       4
       4
       4
       2
       2
       4
       3
       3
       2
       3
       4
       2
       2
       2
       2
       5
       8
       3
       5
       6
       2
       2
       7
       1
       4
       6
       1
       1
       5
       8
       3
       3
       4
       5
       2
       4
       6
       2
       1
       3
       8
       5
       3
       6
       3
       3
       0
       0
       1
       5
       1
       4
       4
       7
       2
       7
       3
       0
       4
       2
       8
       5
       3
       3
       4
       1
       3
       3
       6
       6
       3
       0
       1
       4
       4
       3
       5
       5
       3
       0
       4
       5
       7
       3
       2
       2
       2
       5
       4
       2
       7
       5
       4
       5
       2
       3
       3
       2
       5
       1
       3
       4
       6
       1
       1
       0
       5
       5
       4
       3
       2
       9
       2
       5
       2
       4
       5
       4
       2
       4
       3
       4
       3
       2
       7
       5
       6
       4
       1
       1
       1
       2
       3
       4
       3
       8
       1
       1
       2
       2
       5
       4
       1
       4
       6
       4
       1
       3
      11
       8
       3
       3
       4
       3
       4
       5
       3
       5
       3
       5
       3
       4
       3
       2
       7
       4
       2
       3
       4
       2
       1
       3
       2
       2
       3
       2
       1
       2
       2
       3
       7
       1
       4
       2
       2
       2
       4
       3
       4
       1
       2
       2
       2
       3
       2
       2
       1
       6
       2
       1
       2
       4
       7
       3
       3
       6
       0
       2
       3
       4
       4
       2
       5
       9
       3
       5
       5
       6
       3
       1
       3
       4
       3
       1
       0
       2
       3
       5
       1
       1
       1
       3
       1
       3
       1
       4
       4
       4
       3
       3
       2
       3
       4
       3
       1
       3
       2
       5
       3
       4
       2
       5
       4
       3
       4
       2
       2
       2
       2
       3
       1
       2
       1
       5
       4
       1
       3
       0
       2
       6
       3
       4
       1
       3
       5
       1
       2
       3
       2
       4
       4
       2
       5
       6
       3
       5
       2
       7
       3
       5
       1
       3
       7
       5
       8
       3
       2
       3
       4
       4
       4
       4
       2
       2
       3
       0
       1
       1
       3
       0
       2
       2
       4
       1
       0
       1
       0
       0
       1
       1
       1
       0
       0
       0
       0
       1
       0
       0
$ROI:
1
1331 1635
$PRESETS:
Live Time
6600
0
$ENER_FIT:
-37.406231 1.986979
$MCA_CAL:
3
-3.740623E+001 1.986979E+000 0.000000E+000 keV
$SHAPE_CAL:
3
0.000000E+000 0.000000E+000 0.000000E+000
