$SPEC_ID:
This is sample 048.
$SPEC_REM:
DET# 1
DETDESC# DIP1456 PCI-Trump SN 253
AP# Maestro Version 7.01
$DATE_MEA:
02/01/2025 11:45:58
$MEAS_TIM:
1200 1235
$DATA:
0 2047
       0
       0
       0
       0
       0
       0
       0
       0
       0
       0
       0
       0
       0
       0
       0
       0
       0
       4
       0
       2
       3
       5
       3
       8
       9
      11
      10
      16
       8
      14
      16
      15
      14
      13
      14
      17
      11
      16
      14
      17
      15
      21
      11
      14
      23
      20
       8
       9
      15
      14
      17
      20
      22
       9
      22
      14
      16
      22
      26
      20
      18
      21
      12
      26
      21
      11
      16
      27
      14
       9
      12
      18
      16
      15
      18
      24
       7
      24
      15
      19
      14
      16
      18
      23
      23
      25
      23
      18
      13
      18
      20
      22
      21
      16
      15
      21
      17
      23
      20
      19
      13
      21
      17
      20
      18
      22
      20
      17
      18
      19
      25
      22
      20
      18
      23
      24
      21
      23
      20
      20
      24
      19
      13
      22
      18
      19
      17
      18
      21
      13
      25
      24
      24
      29
      21
      18
      16
      21
      27
      21
      19
      21
      21
      16
      28
      14
      24
      18
      18
      23
      18
      20
      20
      17
      24
      26
      20
      20
      25
      21
      19
      26
      20
      22
      14
      21
      24
      20
      19
      23
      19
      16
      24
      18
      25
      17
      22
      16
      14
      18
      17
      17
      22
      14
      29
      18
      15
      14
      23
      18
      18
      19
      28
      23
      17
      16
      24
      19
      17
      15
      28
      20
      13
      31
      21
      17
      15
      18
      22
      19
      22
       9
      21
      17
      24
      17
      13
      14
      17
      19
      14
      20
      14
      22
      14
      21
      15
      16
      22
      20
      25
      12
      25
      26
      20
      11
      28
      20
      20
      25
      20
      20
      25
      25
      11
      17
      20
      21
      22
      22
      20
      20
      21
      26
      22
      25
      22
      28
      28
      18
      15
      20
      16
      16
      13
      20
      19
      18
      31
      17
      18
      27
      18
      14
      18
      20
      19
      19
      26
      27
      16
      29
      21
      25
      21
      33
      26
      15
      12
      18
      15
      22
      19
      18
      20
      21
      18
      24
      20
      19
      22
      21
      20
      20
      24
      17
      23
      16
      17
      28
      20
      18
      21
      20
      18
      22
      21
      14
      30
      22
      21
      14
      19
      19
      20
      17
      26
      13
      23
      19
      24
      19
      29
      16
      16
      21
      26
      16
      18
      26
      15
      20
      23
      27
      17
      26
      23
      14
      24
      20
      14
      17
      21
      25
      20
      26
      25
      12
      21
      22
      20
      18
      21
      22
      19
      22
      26
      22
      20
      15
      22
      23
      26
      18
      31
      21
      21
      16
      23
      18
      22
      13
      22
      24
      22
      32
      32
      25
      23
      28
      24
      20
      15
      18
      22
      21
      19
      25
      15
      22
      16
      21
      22
      18
      19
      17
      26
      19
      20
      28
      23
      18
      22
      23
      14
      26
      25
      31
      21
      21
      18
      21
      25
      14
      21
      25
      17
      30
      15
      25
      18
      12
      18
      12
      14
      18
      16
      26
      18
      17
      28
      17
      19
      21
      25
      21
      23
      22
      24
      22
      19
      16
      20
      20
      20
      20
      18
      21
      31
      22
      22
      18
      17
      17
      18
       7
      16
      12
      13
      17
      22
      17
      18
      23
      25
      17
      19
      20
      16
      17
      22
      11
      23
      18
      21
      20
      33
      23
      17
      28
      18
      21
      23
      27
      22
      21
      30
      29
      27
      28
      19
      17
      18
      24
      16
      22
      16
      21
      23
      22
      18
      26
      20
      19
      23
      19
      25
      19
      23
      21
      22
      22
      26
      22
      27
      24
      26
      21
      21
      23
      20
      26
      19
      21
      21
      24
      24
      22
      23
      17
      20
      31
      28
      25
      20
      17
      23
      21
      20
      21
      22
      20
      21
      23
      23
      20
      22
      21
      21
      17
      32
      26
      26
      22
      19
      21
      13
      18
      22
      18
      22
      19
      26
      18
      19
       8
      25
      20
      24
      15
      23
      24
      20
      16
      25
      24
      16
      25
      20
      27
      23
      17
      22
      21
      27
      26
      24
      16
      21
      22
      19
      24
      19
      16
      15
      18
      14
      14
      16
      18
      15
      16
      20
      21
      18
      28
      25
      13
      24
      21
      13
      23
      19
      22
      27
      19
      21
      22
      27
      23
      22
      14
      19
      17
      32
      23
      21
      18
      19
      24
      24
      25
      17
      22
      20
      15
      22
      16
      16
      24
      21
      18
      16
      19
      10
      13
      15
      23
      20
      23
      21
      15
      21
      20
      14
      25
      25
      30
      26
      20
      25
      20
      31
      33
      14
      16
      25
      11
      17
      27
      15
      27
      16
      16
      20
      17
      15
      25
      25
      24
      21
      20
      18
      19
      23
      16
      17
      17
      17
      19
      21
      15
      30
      10
      19
      13
      14
      19
      23
      22
      20
      21
      27
      25
      15
      17
      15
      28
      13
      24
      15
      26
      13
      21
      25
      15
      23
      23
      20
      18
      25
       9
      23
      19
      26
      19
      17
      17
      20
      22
      20
      24
      14
      26
      18
      24
      17
      28
      22
      24
      22
      19
      20
      17
      16
      15
      19
      19
      20
      21
      18
      16
      22
      23
      21
      16
      29
      17
      28
      22
      21
      21
      21
      18
      30
      14
      25
      13
      16
      24
      24
      25
      18
      19
      11
      24
      17
      18
      27
      17
      17
      18
      32
      26
      20
      26
      21
      23
      21
      25
      24
      16
      16
      15
      20
      28
      28
      18
      27
      33
      19
      32
      17
      21
      20
      22
      20
      21
      17
      28
      17
      25
      14
      18
      27
      18
      26
      17
      20
      22
      26
      16
      15
      24
      15
      22
      17
      18
      14
      31
      25
      17
      17
      34
      26
      20
      25
      20
      29
      21
      28
      27
      26
      23
      28
      15
      24
      19
      28
      35
      23
      21
      26
      27
      23
      22
      18
      10
      19
      22
      21
      25
      21
      28
      21
      18
      25
      19
      25
      17
      22
      21
      27
      15
      20
      34
      16
      30
      24
      10
      18
      24
      13
      24
      21
      20
      21
      26
      18
      32
      25
      15
      22
      14
      28
      31
      16
      11
      23
      17
      12
      17
      22
      19
      21
      13
      15
      20
      13
      15
      14
      13
      14
      11
      14
      16
      13
      11
       8
      14
      14
      13
      17
      14
       8
      15
      13
      10
       7
      15
      21
       9
      11
       8
      15
      19
      18
      10
      16
      11
      11
       9
       5
       4
       9
       4
       8
       8
       5
       5
       6
       8
      11
       8
       8
      10
      16
       9
       5
       6
       7
       6
       6
       3
       4
       5
       5
       2
      10
       9
       5
       4
       7
       5
      11
       4
      10
       5
       3
       4
       5
       3
       7
       7
       5
       6
       6
       8
       8
       1
       4
       7
       4
       4
       3
       6
       4
       5
       3
       4
       2
       5
       2
       6
       6
       6
       6
       5
       5
       1
       4
       2
       3
       4
       5
       5
       6
       2
       4
       4
       2
       6
       5
       7
       1
       3
       5
       1
       3
       6
       4
       4
       1
       4
       5
       2
       4
       3
       3
       2
       3
       0
       2
       2
       1
       4
       3
       2
       1
       3
       1
       2
       2
       4
       2
       3
       3
       2
       2
       1
       2
       5
       2
       0
       1
       2
       2
       1
       2
       4
       4
       4
       7
       4
       4
       5
       3
       1
       4
       3
       5
       3
       2
       4
       8
       1
       1
       3
       3
       3
       1
       0
       6
       2
       2
       3
       3
       5
       1
       4
       1
       1
       1
       0
       1
       1
       1
       2
       2
       3
       0
       1
       3
       1
       2
       1
       1
       2
       3
       2
       1
       5
       0
       1
       1
       2
       3
       2
       2
       2
       2
       1
       0
       3
       4
       1
       2
       2
       4
       5
       4
       2
       0
       0
       1
       1
       2
       0
       2
       1
       1
       0
       3
       1
       4
       0
       0
       3
       1
       4
       2
       3
       0
       0
       2
       2
       5
       1
       2
       2
       2
       2
       2
       1
       1
       0
       4
       2
       3
       2
       0
       1
       1
       2
       1
       4
       1
       0
       0
       1
       3
       1
       2
       4
       5
       2
       3
       2
       2
       3
       2
       2
       2
       1
       2
       2
       0
       0
       1
       1
       2
       1
       1
       3
       1
       0
       1
       2
       1
       2
       2
       3
       4
       1
       3
       4
       5
       0
       2
       1
       1
       2
       3
       2
       0
       0
       0
       1
       0
       3
       4
       2
       2
       1
       2
       1
       3
       4
       4
       2
       3
       2
       0
       0
       5
       3
       0
       2
       1
       0
       1
       0
       1
       1
       4
       2
       3
       2
       3
       5
       1
       2
       3
       5
       2
       2
       5
       2
       4
       3
       3
       7
       4
       2
       2
       4
       4
       8
       5
       3
       5
       6
       4
       5
       1
       9
       4
       6
      12
       6
       8
       8
      13
      11
       9
      16
       6
       9
      15
      14
      14
      20
      20
      17
      19
      20
      22
      22
      30
      30
      25
      27
      23
      27
      36
      35
      37
      31
      45
      36
      58
      50
      43
      54
      68
      63
      50
      61
      67
      81
      64
      73
      64
      83
      90
      80
      90
      99
      94
      96
     125
     114
      99
     107
     117
     106
     138
     138
     121
     124
     121
     135
     144
     153
     161
     162
     168
     159
     168
     177
     174
     177
     191
     185
     208
     223
     210
     217
     235
     226
     235
     222
     243
     280
     231
     250
     242
     261
     246
     265
     256
     289
     288
     281
     274
     281
     293
     284
     330
     309
     318
     287
     273
     298
     327
     311
     318
     299
     308
     356
     334
     345
     340
     314
     323
     314
     322
     301
     316
     336
     322
     334
     338
     306
     317
     310
     289
     325
     297
     262
     302
     304
     283
     314
     316
     304
     315
     296
     264
     250
     267
     269
     269
     250
     253
     239
     233
     257
     243
     214
     239
     208
     220
     176
     203
     201
     213
     188
     199
     190
     177
     172
     185
     178
     188
     154
     164
     157
     145
     152
     124
     137
     138
     118
     121
     108
     107
     120
     102
     103
      90
      91
      92
      80
      63
      81
      90
      80
      60
      87
      55
      61
      62
      52
      45
      51
      41
      54
      39
      49
      43
      40
      29
      39
      26
      44
      39
      37
      17
      22
      22
      16
      17
      27
      21
      22
      14
      10
      26
      10
      17
      13
      16
       6
      11
      10
      13
      11
      10
       5
       7
       8
       5
       5
      10
       8
       7
       9
       5
       5
       4
       3
       3
       3
       1
       4
       2
       3
       0
       0
       2
       3
       2
       2
       2
       2
       1
       0
       1
       1
       2
       0
       1
       3
       0
       1
       1
       1
       1
       0
       2
       0
       0
       0
       1
       3
       1
       1
       0
       1
       0
       0
       1
       0
       1
       1
       1
       0
       1
       0
       0
       0
       1
       1
       0
       0
       0
       1
       1
       0
       1
       0
       2
       1
       0
       1
       0
       2
       0
       0
       1
       1
       0
       2
       0
       0
       0
       0
       0
       2
       1
       0
       0
       0
       1
       1
       1
       0
       2
       1
       1
       0
       0
       1
       0
       0
       1
       0
       1
       0
       0
       2
       1
       2
       0
       1
       0
       1
       1
       1
       1
       1
       1
       0
       0
       0
       1
       1
       0
       2
       0
       2
       0
       0
       0
       0
       1
       0
       0
       0
       0
       0
       0
       0
       0
       3
       2
       0
       0
       1
       2
       1
       0
       1
       0
       0
       3
       0
       0
       0
       0
       0
       0
       0
       0
       0
       0
       0
       1
       1
       2
       0
       0
       0
       1
       0
       1
       0
       1
       1
       1
       0
       0
       0
       0
       0
       1
       1
       0
       0
       1
       0
       0
       1
       0
       1
       2
       3
       0
       3
       0
       0
       4
       2
       0
       0
       0
       0
       0
       0
       0
       0
       1
       0
       1
       0
       0
       1
       0
       0
       2
       1
       1
       0
       0
       1
       2
       1
       0
       0
       0
       0
       1
       1
       0
       0
       2
       0
       0
       0
       0
       0
       0
       0
       0
       0
       0
       0
       0
       0
       0
       0
       0
       1
       0
       1
       0
       0
       0
       1
       0
       0
       1
       0
       0
       0
       1
       0
       0
       3
       1
       1
       0
       0
       0
       1
       0
       2
       0
       0
       0
       0
       0
       0
       1
       2
       0
       0
       0
       1
       0
       0
       0
       0
       1
       0
       1
       0
       0
       0
       0
       0
       0
       1
       0
       1
       0
       0
       0
       0
       1
       0
       0
       1
       0
       0
       0
       2
       0
       0
       1
       0
       1
       0
       1
       0
       1
       2
       0
       0
       0
       0
       1
       1
       1
       0
       1
       2
       0
       0
       0
       0
       0
       1
       1
       1
       1
       2
       0
       0
       2
       0
       0
       0
       0
       0
       0
       0
       1
       0
       0
       0
       1
       1
       0
       0
       0
       0
       0
       2
       0
       1
       0
       1
       1
       1
       2
       0
       0
       0
       0
       0
       0
       0
       0
       0
       0
       0
       0
       0
       0
       0
       0
       0
       0
       0
       1
       1
       0
       1
       0
       1
       0
       1
       0
       0
       0
       0
       1
       0
       0
       0
       0
       0
       1
       0
       2
       0
       0
       0
       1
       0
       0
       0
       1
       0
       0
       0
       1
       0
       0
       0
       0
       0
       0
       0
       1
       0
       0
       0
       0
       0
       1
       0
       0
       1
       1
       1
       1
       1
       0
       1
       0
       0
       0
       0
       0
       0
       0
       0
       1
       0
       0
       0
       1
       0
       1
       2
       0
       1
       0
       0
       0
       0
       0
       0
       0
       0
       0
       0
       0
       0
       0
       0
       0
       0
       0
       0
       0
       0
       0
       0
       0
       0
       0
       0
       0
       0
       0
       0
       0
       0
       0
       0
       0
       0
       0
       0
$ROI:
3
162 224
345 375
1304 1586
$PRESETS:
Live Time
1200
0
$ENER_FIT:
0.000000 0.359353
$MCA_CAL:
3
0.000000E+000 3.593530E-001 0.000000E+000 keV
$SHAPE_CAL:
3
0.000000E+000 0.000000E+000 0.000000E+000
