$SPEC_ID:
This is sample 308.
$SPEC_REM:
DET# 1
DETDESC# DIP1456 PCI-Trump SN 253
AP# Maestro Version 7.01
$DATE_MEA:
02/05/2025 12:11:38
$MEAS_TIM:
1200 1235
$DATA:
0 2047
       0
       0
       0
       0
       0
       0
       0
       0
       0
       0
       0
       0
       0
       0
       0
       0
       0
       3
       1
       4
       5
       6
       6
       4
       7
       9
       2
      12
      13
      18
      11
      28
      12
      11
      20
      13
       9
      16
      18
      15
      25
      23
      25
      26
      17
      20
      12
      20
      14
      20
      20
      17
      18
      16
      24
      23
      19
      19
      16
      22
      15
      11
      24
      19
      17
      19
      25
      21
      17
      12
      18
      15
      21
      21
      20
      24
      19
      20
      16
      16
      21
      21
      21
      11
      15
      13
      18
      24
      22
      24
      17
      10
      30
      25
      16
      23
      20
      22
      15
      16
      17
      22
      11
      17
      27
      21
      10
      21
      25
      18
      15
      20
      16
      27
      20
      18
      16
      26
      21
       9
      23
      16
      17
      15
      17
      26
      25
      19
      19
      17
      19
      20
      31
      23
      14
      26
      25
      18
      19
      17
      15
      24
      15
      18
      26
      19
      19
      16
      23
      14
      21
      17
      13
      21
      13
      24
      20
      28
      17
      13
      25
      15
      15
      22
      20
      18
      24
      20
      23
      18
      10
      12
      19
      16
      23
      23
      17
      25
      12
      19
      31
      14
      21
      22
      20
      30
      21
      15
      17
      18
      16
      21
      23
      23
      34
      20
      19
      14
      20
      19
      14
      21
      20
      19
      21
      19
      11
      19
      18
      20
      22
      11
      20
      21
      13
      23
      11
      22
      14
      23
      17
      18
      27
      17
      17
      26
      17
      25
      12
      26
      18
      18
      13
      35
      22
      19
      27
      17
      24
      13
      21
      20
      26
      17
      21
      27
      18
      19
      32
      16
      18
      20
      23
      15
      21
      14
      16
      28
      30
      20
      19
      28
      26
      18
      23
      23
      21
      27
      17
      18
      19
      27
      16
      16
      23
      20
      16
      20
      17
      23
      33
      27
      24
      27
      17
      17
      22
      20
      24
      22
      21
      18
      15
      20
      20
      22
      24
      18
      17
      16
      24
      14
      23
      20
      21
      11
      15
      18
      20
      18
      18
      22
      18
      14
      10
      21
      20
      19
      18
      18
      32
      26
      22
      24
      14
      33
      12
      25
      28
      13
      32
      22
      29
      20
      30
      29
      14
      15
      23
      28
      28
      14
      21
      16
      16
      17
      19
      21
      26
      29
      19
      19
      27
      14
      33
      29
      16
      18
      19
      19
      18
      21
      22
      19
      12
      20
      15
      12
      14
      20
      16
      31
      25
      25
      23
      13
      19
      26
      16
      15
      22
      13
      24
      18
      19
      16
      21
      23
      24
      13
      22
      17
      22
      18
      20
      16
      23
      18
      21
      22
      19
      26
      20
      22
      19
      28
      16
      24
      14
      27
      27
      24
      18
      24
      20
      18
      24
      26
      23
      19
      18
      20
      24
      22
      19
      22
      16
      21
      17
      17
      16
      24
      15
      18
      21
      27
      15
      25
      20
      22
      17
      14
      21
      18
      20
      25
      31
      16
      27
      18
      23
      23
      28
      22
      18
      19
      14
      23
      24
      19
      25
      26
      27
      21
      19
      17
      13
      16
      16
      14
      20
      20
      20
      16
      13
      30
      20
      17
      25
      15
      27
      26
      24
      24
      19
      19
      31
      17
      21
      17
      20
      18
      17
      17
      16
      30
      25
      17
      30
      32
      26
      18
      34
      21
      21
      20
      25
      12
      20
      17
      11
      23
      24
      27
      22
      25
      22
      18
      21
      21
      16
      25
      24
      24
      29
      20
      18
      20
      23
      19
      17
      21
      22
      25
      23
      21
      11
      23
      24
      20
      22
      20
      18
      29
      27
      23
      22
      18
      19
      18
      27
      22
      28
      19
      20
      24
      21
      32
      16
      27
      17
      20
      17
      21
      24
      21
      20
      18
      19
      15
      20
      20
      20
      18
      20
      17
      18
      19
      17
      24
      12
      19
      14
      16
      23
      15
      19
      29
      22
      17
      22
      19
      17
      20
      16
      19
      26
      24
      28
       9
      18
      30
      25
      19
      10
      15
      19
      23
      25
      31
      31
      19
      12
      22
      28
      26
      24
      21
      21
      28
      31
      22
      30
      14
      16
      15
      16
      23
      23
      20
      20
      22
      25
      26
      18
      20
      19
      21
      18
      26
      25
      20
      16
      24
      17
      20
      21
      21
      20
      15
      20
       9
      28
      23
      27
      24
      19
      18
      23
      25
      16
      22
      15
      21
      26
      25
      20
      24
      23
      18
      11
      15
      21
      20
      26
      19
      25
      13
      22
      18
      17
      18
      28
      24
      21
      21
      23
      14
      16
      22
      33
      23
      24
      24
      11
      16
      17
      22
      11
      20
      20
      24
      15
      22
      21
      20
      20
      18
      15
      22
      20
      16
      23
      19
      17
      19
      22
      20
      15
      19
      20
      19
      17
      14
      26
      20
      21
      16
      23
      23
      17
      26
      19
      24
      21
      18
      11
      16
      17
      24
      14
      21
      18
      24
      23
      15
      21
      24
      18
       7
      25
      19
      22
      19
      22
      17
      21
      17
      27
      12
      18
      24
      16
      23
      21
      19
      18
      18
      30
      25
      23
      13
      20
      23
      26
      24
      23
      26
      23
      24
      19
      23
      16
      21
      19
      27
      25
      22
      24
      22
      28
      27
      22
      23
      17
      16
      11
      18
      16
      29
      18
      25
      18
      19
      18
      23
      22
      15
      18
      17
      28
      20
      16
      24
      13
      20
      18
      18
      18
      36
      29
      29
      27
      19
      26
      15
      19
      24
      15
      26
      19
      25
      26
      20
      23
      21
      23
      15
      17
      24
      26
      28
      19
      22
      20
      27
      13
      23
      22
      33
      22
      26
      20
      31
      28
      22
      15
      21
      24
      20
      18
      30
      29
      36
      24
      23
      26
      33
      28
      17
      30
      19
      20
      18
      29
      26
      21
      27
      24
      16
      22
      23
      23
      18
      22
      20
      21
      20
      19
      31
      22
      21
      15
      22
      16
      14
      25
      14
      13
      21
      21
      29
      31
      23
      22
      22
      13
      19
      18
      18
      15
      19
      25
      10
      16
      22
      20
      15
      16
      13
      12
      16
      10
      24
      15
      23
      20
      23
      15
      19
      16
      10
      13
      16
       9
       8
      17
      15
      13
       7
      15
       9
      14
      10
       9
      10
      12
       7
       8
      12
      11
      11
      11
       9
      18
       7
      15
       8
      10
       8
       9
       5
       8
       5
       9
       7
      10
       7
      15
       3
       6
       7
       9
       6
       6
       7
       2
       9
       2
       9
       7
       8
       2
       8
       4
       7
       7
       2
       4
       5
       5
       7
       9
       6
       2
       2
       3
       3
       2
       4
       6
       6
       8
       2
       0
       2
       4
      10
       5
       4
       6
       4
       4
       6
       4
       7
       4
       3
       3
       3
       6
       4
       4
       4
       4
       7
       2
       5
       4
       7
       3
       2
       5
       7
       4
       4
       3
       1
       4
       7
       4
       2
       2
       5
       5
       0
       2
       0
       4
       4
       0
       4
       7
       4
       3
       3
       5
       2
       0
       3
       2
       6
       5
       4
       4
       1
       2
       0
       2
       3
       0
       2
       3
       9
       1
       4
       1
       2
       3
       0
       4
       2
       3
       3
       1
       0
       1
       0
       1
       3
       0
       1
       3
       3
       2
       3
       3
       3
       0
       0
       1
       5
       0
       1
       1
       1
       2
       2
       2
       4
       0
       3
       0
       3
       1
       0
       1
       3
       3
       1
       2
       2
       1
       2
       3
       2
       1
       4
       2
       3
       0
       3
       1
       1
       3
       1
       0
       2
       3
       1
       1
       3
       4
       3
       0
       0
       2
       2
       2
       0
       3
       3
       1
       2
       0
       0
       2
       4
       0
       2
       6
       2
       0
       2
       3
       1
       0
       1
       1
       1
       1
       3
       7
       0
       1
       2
       1
       2
       1
       2
       0
       1
       1
       4
       1
       0
       3
       3
       3
       3
       3
       1
       3
       2
       3
       1
       1
       0
       0
       2
       2
       0
       0
       0
       1
       1
       2
       3
       5
       2
       3
       0
       1
       3
       1
       2
       0
       1
       1
       1
       5
       1
       3
       0
       1
       1
       1
       3
       0
       1
       1
       2
       3
       1
       3
       1
       1
       3
       0
       1
       1
       1
       1
       1
       1
       3
       2
       2
       1
       0
       2
       3
       1
       2
       2
       3
       2
       1
       2
       0
       1
       1
       2
       3
       2
       4
       4
       0
       0
       1
       3
       1
       2
       2
       4
       5
       2
       6
       2
       4
       6
       6
       3
       3
       3
       5
       4
       1
       2
       3
       4
       2
       4
       8
       4
       4
       2
       1
       4
       5
       7
       7
       5
      10
      11
       5
       7
      10
       8
       9
       8
       7
      10
      12
      19
       8
      16
      11
      14
      10
      19
      21
      17
      22
      26
      26
      34
      26
      29
      31
      28
      36
      24
      27
      34
      39
      43
      42
      45
      53
      57
      50
      51
      59
      59
      68
      84
      77
      62
      87
      82
      64
      79
      85
      86
      93
     108
      92
     100
     100
     120
     117
     112
     109
     131
     137
     122
     135
     138
     150
     171
     148
     166
     153
     172
     159
     164
     196
     170
     201
     183
     187
     212
     222
     220
     205
     229
     231
     224
     222
     210
     223
     255
     244
     247
     278
     271
     242
     283
     313
     281
     294
     278
     261
     286
     275
     313
     301
     281
     303
     300
     293
     289
     344
     313
     312
     318
     328
     330
     308
     327
     336
     327
     306
     296
     314
     317
     307
     292
     315
     348
     323
     338
     295
     303
     291
     290
     292
     303
     287
     337
     278
     282
     288
     290
     256
     250
     258
     271
     263
     256
     256
     239
     247
     226
     240
     249
     204
     242
     231
     201
     209
     186
     200
     220
     211
     203
     192
     156
     170
     189
     177
     164
     135
     162
     158
     154
     118
     158
     139
     117
     121
     114
     119
     109
      99
      89
     108
      79
      88
      93
      81
      76
      73
      82
      78
      50
      67
      67
      56
      62
      49
      50
      52
      59
      50
      45
      43
      39
      37
      37
      37
      35
      36
      23
      28
      21
      35
      19
      18
      17
      14
      21
      16
      17
      17
      13
      14
      20
      23
      11
      11
       9
       8
       5
       8
       5
       6
       8
       6
       3
       5
      10
       5
       3
       4
       7
       6
       3
       1
       4
       5
       7
       1
       0
       1
       1
       5
       3
       0
       0
       2
       1
       1
       0
       0
       0
       1
       1
       0
       1
       2
       0
       2
       1
       1
       0
       0
       0
       1
       2
       0
       2
       0
       1
       0
       1
       1
       0
       0
       0
       0
       0
       1
       1
       0
       0
       0
       1
       1
       1
       0
       0
       0
       0
       1
       2
       0
       3
       0
       1
       1
       0
       2
       1
       0
       1
       2
       0
       2
       0
       0
       0
       3
       0
       0
       0
       0
       0
       1
       0
       0
       1
       0
       0
       1
       2
       0
       0
       1
       0
       0
       0
       2
       1
       0
       0
       3
       1
       0
       0
       0
       0
       1
       1
       1
       0
       2
       0
       0
       0
       1
       1
       1
       1
       1
       0
       0
       2
       0
       0
       2
       0
       2
       0
       1
       0
       1
       2
       1
       0
       0
       0
       0
       1
       0
       1
       1
       0
       1
       0
       0
       0
       0
       1
       0
       0
       1
       0
       0
       0
       0
       0
       0
       0
       0
       0
       0
       1
       0
       0
       3
       2
       0
       0
       1
       0
       0
       0
       1
       1
       0
       0
       0
       0
       0
       1
       0
       2
       0
       0
       0
       0
       0
       1
       0
       0
       0
       1
       0
       1
       1
       1
       0
       1
       0
       0
       0
       0
       0
       1
       1
       2
       0
       0
       1
       2
       0
       1
       0
       0
       0
       0
       0
       1
       0
       1
       0
       0
       0
       0
       0
       1
       2
       1
       2
       4
       3
       1
       1
       0
       0
       0
       0
       0
       1
       0
       1
       0
       2
       1
       1
       0
       0
       0
       1
       0
       0
       0
       1
       0
       0
       0
       0
       1
       0
       0
       0
       0
       0
       1
       3
       0
       0
       0
       0
       0
       2
       0
       1
       0
       0
       0
       0
       0
       0
       1
       0
       0
       1
       0
       1
       1
       0
       0
       0
       0
       1
       0
       0
       0
       2
       0
       0
       0
       0
       1
       0
       1
       0
       0
       0
       0
       0
       0
       0
       1
       0
       1
       1
       0
       0
       1
       1
       0
       1
       0
       0
       0
       0
       3
       0
       0
       0
       1
       0
       0
       1
       2
       0
       0
       0
       1
       0
       0
       0
       0
       0
       1
       0
       0
       2
       0
       0
       0
       0
       0
       0
       0
       0
       1
       0
       1
       0
       1
       0
       0
       0
       1
       0
       1
       0
       0
       1
       0
       1
       0
       0
       0
       0
       0
       0
       0
       1
       1
       1
       1
       0
       0
       2
       0
       1
       0
       0
       1
       1
       0
       1
       1
       0
       0
       0
       0
       0
       0
       0
       1
       0
       1
       0
       0
       0
       0
       0
       0
       1
       0
       0
       0
       1
       1
       0
       1
       1
       0
       1
       0
       0
       0
       0
       0
       1
       0
       1
       0
       0
       0
       1
       0
       0
       0
       0
       1
       0
       0
       0
       0
       1
       0
       0
       0
       0
       1
       0
       0
       1
       1
       0
       1
       0
       0
       0
       0
       1
       0
       0
       0
       0
       1
       0
       0
       0
       0
       0
       0
       0
       1
       0
       0
       2
       2
       0
       1
       0
       0
       0
       0
       0
       0
       0
       0
       0
       0
       0
       0
       0
       0
       0
       0
       0
       0
       0
       0
       0
       0
       0
       0
       0
$ROI:
3
162 224
345 375
1304 1586
$PRESETS:
Live Time
1200
0
$ENER_FIT:
0.000000 0.359353
$MCA_CAL:
3
0.000000E+000 3.593530E-001 0.000000E+000 keV
$SHAPE_CAL:
3
0.000000E+000 0.000000E+000 0.000000E+000
