$SPEC_ID:
This is sample 039.
$SPEC_REM:
DET# 1
DETDESC# DIP1456 PCI-Trump SN 253
AP# Maestro Version 7.01
$DATE_MEA:
02/01/2025 08:25:40
$MEAS_TIM:
1200 1235
$DATA:
0 2047
       0
       0
       0
       0
       0
       0
       0
       0
       0
       0
       0
       0
       0
       0
       0
       0
       1
       1
       2
       6
       4
       6
       2
       7
       8
       7
      11
      12
      12
      19
      14
      17
      17
      17
      15
      15
      19
      18
      18
      15
      19
      20
      25
      10
      17
      11
      14
      13
      22
      19
      18
      11
      12
      11
      19
      14
      11
      18
      19
      13
      22
      19
      20
      19
      15
      17
      19
      14
      17
      19
      23
      19
      10
      17
      17
      16
      16
      26
      13
      22
      20
       8
      19
      13
      19
      21
      20
      21
      17
      23
      18
      18
      29
      14
      25
      26
      20
      12
      20
      19
      16
      24
      16
      18
      20
      21
      13
      19
      18
      15
      16
      14
      20
      19
      17
      14
      15
      11
      15
      19
      13
      21
      19
      15
      21
      17
      21
      12
      23
      28
      21
      13
      19
      23
       9
      18
      18
      23
      23
      17
      13
      18
      20
      18
      24
      20
      20
      23
      16
      17
      22
      22
      25
      13
      26
      20
      25
      14
      12
      20
      16
      16
      14
      12
      28
      16
      13
      23
      12
      16
      22
      15
      11
      18
      19
      22
      18
      19
      26
      21
      18
      13
      11
      20
      24
      14
      21
      22
      18
      21
      15
      19
      11
      19
      29
      23
      27
      21
      19
       5
      18
      19
      30
      25
      23
      24
      22
      19
      20
      24
      17
      20
      13
      17
      16
      17
      18
       9
      16
      24
      18
      18
      13
      17
      26
      12
      24
      16
      24
      16
      24
      25
      17
      17
      19
      17
      18
      24
      21
      20
      15
      18
      22
      23
      11
      20
      29
      20
      21
      11
      25
      16
      21
      25
      17
      28
      29
      17
      28
      19
      20
      13
      23
      14
      10
      17
      23
      22
      23
      19
      22
      27
      13
      21
      21
      20
      11
      17
      21
      24
      20
      20
      21
      30
      23
      21
      26
      18
      25
      17
      24
      22
      14
      33
      24
      22
      15
      23
      24
      14
      18
      14
      22
      19
      27
      14
      25
      21
      26
      29
      19
      19
      18
      18
      19
      26
      30
      23
      14
      22
      23
      14
      18
      18
      20
      19
      30
      27
      19
      19
      19
      26
      18
      18
      22
      21
      23
      22
      20
      14
      23
      18
      27
      16
      26
      31
      25
      27
      15
      17
      18
      20
      18
      17
      25
      22
      16
      18
      17
      22
      24
      27
      22
      28
      18
      14
      23
      13
      21
      22
      23
      14
      13
      23
      18
      23
      32
      13
      22
      23
      27
      21
      23
      22
      25
      14
      26
      12
      16
      22
      19
      24
      29
      24
      27
      16
      27
      24
      23
      23
      25
      14
      29
      26
      25
      21
      27
      28
      17
      23
      32
      21
      26
      25
      31
      20
      19
      25
      21
      20
      23
      18
      20
      25
      21
      22
      19
      19
      30
      18
      29
      20
      21
      18
      15
      23
      11
      16
      21
      19
      20
      17
      26
      18
      17
      28
      23
      20
      20
      21
      26
      24
      18
      25
      15
      26
      21
      25
      20
      21
      18
      24
      17
      29
      17
      15
      17
      18
      21
      22
      23
      23
      29
      20
      21
      28
      20
      22
      21
      16
      18
      20
      29
      20
      10
      14
      18
      22
      26
      17
      18
      29
      20
      18
      34
      17
      22
      21
      31
      21
      27
      17
      21
      27
      21
      20
      30
      25
      20
      29
      24
      23
      22
      19
      22
      21
      17
      19
      21
      27
      28
      19
      20
      28
      24
      16
      24
      28
      28
      15
      23
      30
      22
      23
      25
      13
      20
      13
      19
      22
      28
      16
      21
      18
      22
      24
      18
      18
      30
      19
      16
      26
      19
      19
      32
      22
      18
      21
      26
      21
      24
      18
      19
      31
      15
      30
      18
      20
      23
      11
      26
      25
      33
      34
      23
      20
      17
      19
      21
      16
      22
      13
      21
      21
      22
      23
      18
      19
      18
      21
      29
      28
      18
      19
      22
      22
      27
      24
      31
      19
      22
      18
      18
      28
      16
      25
      20
      20
      30
      20
      25
      19
      18
      18
      24
      23
      17
      26
      18
      25
      24
      23
      28
      16
      24
      24
      26
       8
      24
      22
      23
      23
      23
      16
      28
      23
      22
      24
      19
      16
      18
      16
      20
      23
      23
      25
      17
      15
      22
      24
      15
      16
      20
      25
      16
      32
      26
      18
      30
      21
      16
      14
      24
      24
      26
      15
      18
      21
      26
      20
      19
      12
      26
      20
      14
      18
      16
      14
      26
      22
      15
      24
      16
      23
      23
      18
      18
      18
      11
      21
      23
       8
      23
      27
      15
      14
      25
      25
      25
      24
      18
      17
      18
      14
      21
      31
      30
      12
      16
      20
      24
      19
      17
      29
      14
      20
      21
      20
      17
      17
      15
      19
      19
      15
      21
      14
      21
      14
      15
      10
      25
      14
      28
      18
      29
      25
      17
      10
      23
      16
      28
      25
      22
      20
      10
      20
      20
      24
      21
      12
      23
      28
      13
      16
      16
      19
      20
      19
      28
      26
      17
      23
      21
      15
      15
      22
      22
      16
      28
      21
      19
      22
      18
      28
      21
      22
      26
      29
      24
      21
      13
      17
      17
      19
      30
      21
      21
      22
      20
      24
      19
      23
      22
      18
      24
      23
      22
      18
      16
      26
      20
      18
      21
      33
      13
      21
      17
      24
      26
      22
      21
      22
      17
      28
      27
      21
      19
      24
      20
      20
      21
      25
      19
      22
      23
      19
      17
      22
      25
      20
      25
      20
      19
      25
      19
      32
      16
      22
      28
      23
      20
      23
      32
      24
      13
      23
      20
      30
      15
      28
      25
      24
      33
      23
      22
      23
      27
      20
      22
      26
      31
      22
      28
      27
      24
      12
      23
      25
      26
      18
      18
      23
      26
      11
      21
      17
      15
      21
      32
      24
      24
      32
      21
      21
      17
      19
      19
      19
      21
      26
      33
      30
      26
      24
      11
      20
      26
      26
      16
      21
      20
      20
      15
      20
      11
      19
      26
      20
      19
      20
      19
      22
      25
      23
      23
      22
      25
      22
      16
      12
      14
      16
      19
      17
      28
      19
      17
      14
      18
      15
      15
      14
      16
      13
       9
      12
      12
      14
      12
       9
       9
      10
       9
      13
      12
      17
       7
       6
       8
      12
      17
       9
       5
       6
      12
      12
      10
      12
      11
       9
       8
       7
       4
       7
       2
       6
       6
      13
       2
       8
       6
       3
       5
       6
      10
       3
       2
       5
       4
       5
       8
       6
       2
       1
       8
       9
       6
       7
       3
       7
       5
       4
       6
       1
       5
       6
       4
       4
       6
       3
       4
       0
       1
       6
       2
       3
       3
       2
       9
       2
       4
       3
       3
       8
       8
       4
       2
       2
       3
       2
       4
       5
       4
       3
       4
       2
       5
       3
       3
       2
       7
       6
       5
       5
       2
       6
       6
       3
       3
       2
       2
       3
       3
       1
       4
       2
       4
       2
       4
       4
       2
       4
       1
       7
       2
       0
       1
       4
       5
       2
       1
       4
       3
       6
       5
       2
       2
       3
       3
       1
       1
       2
       6
       0
       3
       1
       2
       4
       3
       4
       2
       1
       4
       1
       2
       3
       2
       0
       0
       2
       1
       1
       3
       5
       0
       1
       2
       1
       2
       2
       3
       1
       0
       4
       2
       2
       0
       1
       2
       1
       2
       4
       2
       0
       1
       0
       4
       1
       0
       3
       1
       4
       0
       0
       1
       6
       2
       4
       0
       3
       1
       1
       1
       2
       0
       4
       0
       1
       0
       4
       1
       1
       2
       1
       2
       0
       2
       4
       3
       1
       2
       0
       2
       2
       3
       3
       3
       1
       3
       0
       3
       0
       2
       2
       3
       3
       4
       4
       2
       2
       3
       7
       4
       2
       1
       0
       1
       2
       6
       0
       1
       1
       1
       3
       2
       1
       0
       1
       0
       4
       2
       1
       1
       3
       1
       1
       1
       5
       0
       2
       4
       0
       2
       2
       4
       0
       2
       3
       2
       2
       2
       2
       2
       0
       1
       0
       3
       1
       2
       1
       0
       1
       4
       1
       2
       2
       1
       4
       1
       1
       3
       3
       1
       2
       0
       2
       1
       5
       3
       1
       0
       1
       2
       1
       2
       0
       1
       0
       3
       1
       0
       1
       1
       3
       5
       2
       4
       1
       0
       0
       4
       0
       0
       0
       2
       4
       1
       3
       3
       3
       1
       0
       1
       3
       5
       2
       2
       1
       4
       2
       2
       1
       1
       3
       2
       1
       2
       7
       1
       3
       3
       5
       2
       3
       6
       1
       4
       6
       4
       2
       3
       4
       5
       7
       5
      10
       9
       8
       3
       8
      10
       7
       5
      12
       7
      13
      11
      13
      15
      20
      19
      21
      18
      19
      21
      17
      24
      28
      17
      36
      25
      36
      27
      33
      37
      37
      40
      42
      48
      43
      44
      49
      47
      56
      61
      58
      64
      59
      64
      87
      72
      65
      80
      81
      73
      97
      89
      86
      81
      99
      86
      99
     103
     111
     120
     133
     130
     119
     112
     119
     122
     154
     109
     155
     150
     166
     167
     148
     176
     166
     190
     174
     184
     199
     195
     233
     217
     220
     211
     232
     247
     226
     218
     248
     217
     226
     246
     245
     250
     239
     249
     277
     243
     276
     267
     281
     312
     240
     268
     283
     323
     284
     296
     301
     294
     307
     321
     300
     312
     302
     314
     316
     329
     324
     320
     317
     299
     330
     357
     295
     347
     300
     332
     311
     281
     326
     273
     317
     327
     315
     274
     308
     286
     321
     289
     305
     309
     283
     274
     292
     264
     291
     300
     245
     238
     252
     254
     236
     256
     252
     220
     230
     222
     220
     196
     206
     167
     181
     179
     199
     200
     189
     176
     163
     158
     159
     165
     126
     144
     154
     152
     153
     136
     119
     128
     124
      93
     114
     143
     113
     105
      95
      78
      97
      94
      82
      78
      80
      68
      53
      67
      68
      58
      62
      64
      59
      55
      51
      45
      48
      46
      40
      52
      25
      28
      27
      39
      19
      31
      30
      33
      22
      20
      23
      20
      13
      19
      16
      21
      17
      18
       9
      18
       8
      16
      13
       9
       8
      10
       7
       8
       7
       4
       2
       7
       8
       6
       5
       6
       4
       2
       5
       3
       5
       2
       2
       2
       2
       2
       1
       3
       2
       2
       2
       3
       1
       1
       0
       1
       2
       2
       1
       1
       1
       0
       2
       1
       0
       1
       0
       0
       1
       1
       0
       2
       1
       2
       2
       2
       2
       2
       1
       3
       1
       1
       0
       1
       1
       1
       1
       0
       1
       0
       0
       0
       1
       0
       1
       1
       2
       0
       1
       0
       1
       0
       1
       1
       0
       2
       1
       0
       0
       1
       2
       0
       0
       0
       1
       1
       1
       0
       2
       0
       1
       0
       1
       0
       0
       0
       2
       1
       0
       0
       1
       1
       1
       0
       2
       0
       0
       1
       0
       2
       0
       0
       0
       0
       0
       0
       0
       0
       1
       0
       1
       0
       3
       1
       1
       0
       0
       2
       0
       0
       1
       1
       1
       0
       0
       0
       0
       0
       1
       0
       0
       1
       0
       1
       0
       0
       1
       0
       0
       0
       0
       0
       0
       0
       1
       0
       1
       0
       0
       0
       1
       1
       1
       0
       0
       1
       0
       0
       0
       0
       0
       1
       0
       1
       0
       0
       1
       0
       0
       0
       0
       1
       0
       0
       0
       1
       0
       0
       1
       0
       2
       0
       2
       0
       0
       0
       0
       0
       0
       0
       0
       0
       0
       0
       0
       0
       0
       0
       0
       0
       0
       0
       1
       0
       1
       0
       0
       2
       0
       0
       0
       3
       0
       0
       0
       1
       1
       0
       0
       0
       0
       0
       0
       0
       0
       1
       0
       1
       0
       0
       0
       1
       0
       0
       0
       1
       1
       0
       0
       1
       1
       0
       0
       0
       0
       0
       0
       1
       0
       0
       0
       2
       0
       0
       1
       0
       1
       0
       0
       0
       0
       0
       0
       0
       1
       0
       0
       2
       0
       0
       0
       0
       0
       2
       0
       0
       0
       0
       0
       0
       0
       1
       0
       0
       0
       0
       1
       0
       0
       1
       1
       0
       0
       1
       0
       0
       1
       0
       1
       0
       1
       2
       0
       0
       1
       0
       0
       0
       0
       0
       0
       0
       0
       1
       0
       1
       0
       0
       0
       0
       0
       2
       1
       0
       0
       1
       1
       1
       1
       0
       0
       2
       0
       0
       1
       1
       2
       0
       0
       1
       2
       1
       0
       0
       0
       1
       1
       0
       0
       0
       0
       0
       0
       0
       0
       0
       2
       0
       0
       1
       0
       0
       0
       1
       0
       0
       1
       0
       1
       0
       1
       1
       1
       0
       0
       0
       1
       0
       1
       0
       1
       0
       1
       0
       0
       0
       1
       2
       0
       0
       0
       0
       1
       0
       1
       0
       0
       0
       0
       0
       0
       0
       0
       1
       1
       1
       0
       1
       0
       1
       0
       1
       1
       0
       0
       1
       0
       0
       0
       2
       0
       1
       0
       1
       0
       0
       0
       1
       0
       0
       1
       0
       1
       0
       0
       1
       0
       0
       0
       1
       0
       0
       1
       0
       2
       0
       0
       0
       0
       0
       0
       0
       0
       0
       1
       0
       0
       1
       1
       0
       0
       0
       1
       1
       0
       0
       0
       0
       0
       0
       0
       0
       0
       0
       0
       0
       0
       0
       0
       0
       0
       0
       0
       0
       0
       0
       0
       0
       0
       0
       0
       0
       0
       0
       0
$ROI:
3
162 224
345 375
1304 1586
$PRESETS:
Live Time
1200
0
$ENER_FIT:
0.000000 0.359353
$MCA_CAL:
3
0.000000E+000 3.593530E-001 0.000000E+000 keV
$SHAPE_CAL:
3
0.000000E+000 0.000000E+000 0.000000E+000
