$SPEC_ID:
This is sample 157.
$SPEC_REM:
DET# 1
DETDESC# DIP1456 PCI-Trump SN 253
AP# Maestro Version 7.01
$DATE_MEA:
02/03/2025 04:11:27
$MEAS_TIM:
1200 1235
$DATA:
0 2047
       0
       0
       0
       0
       0
       0
       0
       0
       0
       0
       0
       0
       0
       0
       0
       0
       1
       2
       4
       3
       3
       6
       2
      10
       9
       8
       5
      14
       9
      13
      14
      22
      15
      15
      12
      17
      12
      13
      10
      14
       9
      14
      16
      16
      18
      17
       5
      20
      14
       6
      20
      10
      11
      13
      17
      21
      12
      17
      17
      17
      14
      26
      16
      14
      18
      21
      21
      22
      15
      19
      25
      17
      21
      24
      14
      21
      18
      18
      10
      16
      20
      16
      13
      17
      12
      26
      19
      22
      21
      23
      15
      13
      13
      25
      21
      25
      25
      23
      17
      15
      18
      22
      23
      10
      19
      21
      15
      20
      17
      19
      20
      23
      22
      15
      22
      16
      23
      22
      18
      19
      11
      22
      23
      30
      23
      23
      23
      13
      12
      24
      19
      25
      17
      20
      15
      23
      18
      13
      14
      23
      18
      22
      15
      19
      16
      21
      17
       9
      20
      19
      21
      13
      23
      20
      27
      14
      16
      24
      19
      21
      13
      23
      21
      18
      18
      19
      17
      19
      26
      16
      21
      19
      19
      21
      19
      13
      26
      19
      13
      21
      14
      17
      21
      19
      18
      25
      26
      20
      13
      14
      20
      20
      20
      27
      21
      14
      17
      31
      23
      26
      29
      22
      19
      26
      15
      21
      21
      24
      14
      18
      16
      31
      30
      23
      27
      16
      20
      23
      19
      22
      22
      23
      18
      14
      18
      22
      20
      18
      27
      19
      21
      18
      28
      18
      20
      15
      23
      21
      20
      29
      19
      16
      24
      22
      20
      19
      17
      23
      20
      24
      21
      28
      14
      19
      16
      13
      12
      24
      13
      21
      21
      10
      22
      11
      15
      18
      16
      11
      17
      17
      17
      22
      19
      18
      23
      29
      18
      20
      17
      28
      14
      16
      15
      17
      24
      27
      19
      20
      26
      18
      27
      22
      16
      25
      30
      22
      16
      22
      17
      25
      24
      16
      22
      17
      19
      29
      21
      14
      18
      21
      13
       9
      21
      20
      18
      25
      26
      21
      14
      15
      13
      16
      24
      24
      14
      18
      16
      28
      23
      18
      20
      23
      26
      13
      19
      16
      19
      17
      28
      25
      22
      13
      21
      21
      18
      17
      24
      23
      21
      15
      12
      27
      12
      16
      31
      29
      24
      24
      22
      20
      23
      23
      19
      20
      23
      20
      21
      17
      26
      13
      18
      29
      18
      18
      21
      23
      19
      20
      24
      16
      17
      23
      23
      29
      25
      25
      24
      23
      25
      14
      21
      26
      22
      14
      18
      29
      19
      18
      20
      26
      24
      17
      18
      17
      20
      26
      25
      19
      34
      17
      21
      17
      28
      28
      25
      17
      19
      15
      25
      20
      23
      21
      21
      17
      21
      27
      15
      21
      24
      19
      21
      19
      23
      19
      26
      21
      15
      21
      28
      17
      18
      19
      14
      19
      19
      26
      22
      19
      20
      20
      28
      21
      19
      20
      16
      18
      32
      25
      18
      22
      25
      17
      17
      25
       8
      20
      16
      14
      17
      20
      31
      15
      18
      21
      18
      23
      22
      27
      18
      21
      25
      27
      20
      27
      21
      19
      28
      17
      20
      25
      18
      20
      19
      16
      19
      24
      29
      28
      17
      29
      20
      17
      23
      23
      27
      21
      29
      19
      20
      22
      20
      16
      22
      26
      23
      17
      22
      24
      22
      24
      19
      23
      17
      16
      25
      18
      12
      26
      20
      19
      11
      18
      17
      22
      22
      26
      30
      30
      21
      27
      22
      29
      19
      28
      23
      14
      10
      19
      27
      19
      20
      32
      25
      16
      30
      30
      19
      22
      33
      25
      25
      13
      16
      27
      27
      19
      27
      24
      24
      19
      17
      16
      21
      22
      14
      17
      13
      20
      16
      21
      19
      25
      23
      20
      19
      17
      17
      20
      17
      20
      17
      20
      15
      16
      19
      30
      23
      24
      21
      22
      25
      17
      22
      22
      21
      17
      14
      17
      18
      22
      22
      19
      27
      24
      25
      27
      19
      13
      19
      26
      18
      16
      17
      20
      16
      23
      24
      21
      22
      16
      18
      15
      16
      25
      16
      24
      21
      20
      16
      18
      15
      18
      21
      18
       9
      18
      18
      16
      28
      22
      16
      15
      15
      30
      24
      20
      21
      21
      27
      28
      21
      22
      16
      21
      21
      14
      27
      24
      17
      15
      22
      17
      20
      29
      16
      29
      17
      25
      28
      19
      25
      19
      21
      21
      20
      14
      15
      15
      25
      15
      19
      25
      16
      10
      16
      18
      21
      21
      16
      23
      19
      18
      22
      17
      19
      21
      13
      12
      23
      17
      17
      18
      20
      13
      21
      19
      23
      16
      22
      25
      28
      21
      19
      22
      17
      26
      21
      12
       8
      26
      17
      20
      12
      20
      14
      23
      24
      14
      16
      22
      24
      13
      24
      27
      17
      21
      19
      32
      24
      19
      19
      23
      19
      23
      24
      20
      24
      18
      19
      21
      27
      21
      19
      24
      14
      19
      18
      18
      25
      24
      21
      27
      24
      12
      18
      22
      28
      22
      19
      22
      22
      21
      22
      25
      21
      18
      24
      22
      22
      20
      16
      19
      20
      26
      22
      19
      22
      21
      21
      29
      24
      25
      23
      21
      23
      20
      20
      32
      24
      22
      17
      22
      12
      25
      21
      20
      18
      25
      26
      19
      22
      18
      23
      26
      27
      22
      25
      20
      19
      28
      25
      24
      25
      22
      18
      21
      20
      23
      34
      26
      21
      26
      20
      19
      19
      22
      18
      22
      24
      26
      31
      20
      14
      25
      17
      22
      30
      24
      25
      24
      23
      21
      30
      22
      23
      27
      23
      28
      27
      35
      30
      18
      20
      24
      24
      22
      16
      21
      22
      23
      25
      21
      25
      21
      17
      21
      20
      20
      25
      14
      26
      23
      17
      22
      19
      19
      17
      25
      23
      18
      18
      24
      19
      29
      19
      20
      18
      26
      13
      19
      20
      14
      19
      14
      20
      19
      13
      19
      23
      19
      13
      19
      18
      13
      10
      19
      21
      16
       8
      11
      16
      10
      10
      19
      17
      12
      18
      14
       9
      12
      10
      12
      10
       4
       9
      12
       9
      15
      11
       9
       8
      12
      10
       5
       8
       9
      10
      10
       7
       5
      10
       8
       5
       6
       8
      12
       4
       7
       7
       7
       6
       7
       6
       3
       5
       7
       9
       8
       2
      10
       6
       3
       8
       3
       4
       7
       7
       9
       4
       7
       1
       6
       2
       5
       7
       9
       5
       4
       8
       2
       5
       4
       7
       5
       6
       4
       5
      10
       6
       3
       8
       3
       9
       3
       2
       2
       5
       2
       4
       5
       7
       5
       3
       3
       5
       4
       4
       4
       1
       3
       3
       3
       2
       5
       9
       1
       3
       1
       4
       1
       5
       2
       2
       3
       8
       6
       5
       3
       3
       4
       3
       3
       3
       0
       3
       1
       5
       1
       3
       3
       1
       2
       5
       2
       4
       2
       5
       4
       2
       4
       4
       5
       5
       1
       3
       3
       2
       3
       1
       4
       2
       5
       2
       1
       0
       1
       2
       0
       4
       1
       4
       0
       5
       1
       3
       5
       1
       1
       1
       2
       2
       1
       2
       3
       3
       1
       0
       2
       0
       0
       3
       0
       2
       1
       2
       2
       6
       2
       0
       0
       3
       2
       0
       2
       3
       4
       0
       3
       1
       2
       2
       2
       5
       1
       2
       1
       1
       1
       1
       2
       1
       0
       2
       1
       1
       2
       2
       2
       5
       4
       1
       0
       3
       0
       1
       2
       3
       1
       2
       1
       3
       1
       2
       1
       2
       3
       1
       0
       1
       4
       1
       0
       0
       2
       1
       2
       1
       2
       2
       3
       0
       2
       3
       2
       1
       0
       1
       2
       1
       1
       2
       3
       0
       0
       2
       3
       2
       5
       1
       5
       2
       3
       2
       2
       3
       3
       0
       1
       0
       2
       1
       2
       1
       1
       0
       0
       0
       4
       3
       1
       0
       2
       1
       4
       2
       1
       1
       1
       2
       2
       0
       4
       1
       1
       2
       0
       1
       3
       1
       3
       2
       2
       2
       2
       1
       4
       5
       1
       2
       1
       1
       3
       4
       2
       3
       2
       2
       1
       3
       2
       0
       0
       1
       2
       4
       2
       2
       4
       4
       4
       3
       1
       0
       1
       3
       3
       4
       5
       3
       4
       5
       0
       2
       2
       1
       1
       0
       3
       3
       0
       2
       3
       2
       4
       7
       2
       9
       3
       3
       1
       5
       3
       6
       4
       8
       7
       9
       6
       4
       6
       4
       9
      11
      13
       8
       8
       8
      12
      14
      12
       8
      15
      10
      18
      16
      17
      17
      22
      23
      22
      22
      28
      33
      33
      36
      29
      31
      27
      37
      34
      30
      48
      40
      57
      62
      44
      48
      49
      57
      56
      67
      63
      60
      66
      71
      82
      80
      88
      73
      97
      95
      98
     112
     122
     109
     126
     130
     127
     118
     121
     102
     103
     153
     145
     132
     185
     153
     183
     160
     186
     193
     171
     184
     176
     204
     193
     193
     216
     198
     216
     205
     215
     239
     242
     224
     246
     232
     267
     254
     271
     275
     244
     269
     265
     303
     246
     273
     259
     271
     328
     287
     315
     282
     315
     299
     291
     296
     302
     311
     324
     319
     305
     312
     321
     328
     327
     297
     304
     277
     325
     311
     324
     300
     299
     324
     355
     320
     330
     276
     303
     340
     290
     279
     299
     308
     297
     306
     284
     326
     291
     262
     296
     267
     272
     268
     234
     226
     272
     230
     227
     235
     240
     238
     198
     213
     183
     200
     197
     181
     187
     186
     187
     163
     164
     173
     154
     181
     156
     174
     147
     151
     138
     121
     141
     139
     114
      96
     134
      97
     120
     102
      94
      90
     107
      96
      97
      78
      69
      80
      77
      65
      62
      63
      69
      71
      50
      55
      53
      58
      54
      46
      44
      47
      39
      46
      32
      33
      39
      28
      36
      26
      29
      29
      28
      25
      21
      30
      22
      15
      22
      13
      10
      18
       7
       9
       3
      12
      11
      12
       9
       7
       5
      11
       8
       5
       6
       5
       5
       4
       4
       3
       3
       4
       1
       1
       6
       0
       1
       1
       3
       2
       3
       2
       0
       2
       0
       3
       1
       0
       1
       4
       1
       3
       0
       2
       3
       2
       1
       1
       1
       1
       2
       0
       2
       1
       1
       2
       0
       2
       1
       0
       2
       0
       3
       0
       0
       1
       2
       0
       0
       3
       0
       0
       0
       0
       0
       1
       2
       0
       0
       0
       1
       1
       1
       0
       0
       0
       0
       0
       0
       1
       0
       0
       1
       0
       1
       1
       1
       1
       0
       0
       4
       1
       1
       0
       2
       0
       0
       0
       1
       1
       1
       1
       0
       1
       0
       1
       0
       1
       1
       1
       1
       1
       0
       0
       0
       1
       0
       2
       0
       2
       1
       0
       0
       0
       0
       0
       0
       1
       0
       0
       0
       1
       1
       1
       0
       0
       0
       0
       0
       2
       1
       0
       1
       0
       0
       0
       0
       0
       0
       2
       0
       0
       0
       1
       0
       0
       0
       1
       0
       1
       0
       1
       0
       0
       0
       0
       0
       0
       0
       0
       1
       2
       0
       0
       1
       0
       0
       2
       0
       0
       1
       1
       1
       0
       0
       1
       0
       0
       1
       0
       0
       0
       0
       1
       0
       1
       0
       1
       0
       0
       2
       0
       1
       2
       1
       0
       0
       0
       1
       1
       0
       0
       0
       0
       0
       0
       0
       0
       0
       1
       0
       3
       0
       0
       0
       1
       0
       0
       1
       0
       0
       0
       1
       2
       0
       0
       0
       1
       1
       2
       0
       0
       0
       0
       0
       0
       2
       0
       1
       1
       1
       2
       0
       0
       1
       0
       0
       0
       0
       0
       1
       0
       2
       1
       0
       1
       0
       0
       0
       1
       0
       0
       0
       0
       0
       0
       1
       1
       0
       1
       1
       0
       0
       0
       0
       1
       1
       0
       1
       2
       0
       0
       0
       2
       0
       1
       1
       2
       0
       0
       0
       0
       2
       1
       2
       1
       1
       0
       1
       0
       1
       1
       0
       0
       0
       1
       1
       0
       1
       0
       0
       0
       0
       2
       0
       0
       0
       0
       2
       0
       0
       0
       0
       0
       0
       0
       0
       0
       0
       0
       0
       1
       0
       0
       1
       0
       0
       1
       0
       0
       0
       0
       1
       0
       0
       0
       1
       0
       0
       2
       1
       1
       0
       1
       1
       1
       0
       0
       1
       0
       0
       0
       0
       0
       0
       0
       0
       0
       0
       0
       1
       1
       0
       1
       1
       0
       0
       1
       2
       0
       0
       0
       0
       0
       0
       0
       0
       0
       0
       0
       0
       0
       0
       0
       0
       0
       0
       2
       0
       1
       0
       1
       0
       0
       2
       0
       0
       1
       0
       0
       0
       0
       0
       0
       0
       0
       0
       0
       0
       0
       0
       0
       0
       1
       0
       2
       0
       0
       1
       0
       0
       0
       0
       0
       0
       0
       1
       0
       0
       0
       0
       0
       0
       0
       0
       1
       0
       0
       0
       0
       1
       1
       0
       0
       1
       0
       0
       1
       0
       0
       1
       0
       2
       1
       1
       0
       0
       0
       2
       0
       1
       0
       0
       0
       0
       0
       0
       0
       0
       1
       0
       0
       0
       0
       0
       0
       0
       0
       0
       0
       0
       0
       0
       0
       0
       0
       0
$ROI:
3
162 224
345 375
1304 1586
$PRESETS:
Live Time
1200
0
$ENER_FIT:
0.000000 0.359353
$MCA_CAL:
3
0.000000E+000 3.593530E-001 0.000000E+000 keV
$SHAPE_CAL:
3
0.000000E+000 0.000000E+000 0.000000E+000
