$SPEC_ID:
This is sample 276.
$SPEC_REM:
DET# 1
DETDESC# DIP1456 PCI-Trump SN 253
AP# Maestro Version 7.01
$DATE_MEA:
02/05/2025 00:19:32
$MEAS_TIM:
1200 1235
$DATA:
0 2047
       0
       0
       0
       0
       0
       0
       0
       0
       0
       0
       0
       0
       0
       0
       0
       0
       1
       3
       1
       2
       3
       4
       6
       5
       6
       6
       8
      13
      11
      18
      12
      18
      17
      23
      22
      13
      18
      24
      18
      23
      16
      23
      19
      23
      21
      18
      21
      16
      20
      18
      23
      18
      18
      13
      25
      17
      12
      19
      20
      21
      23
      15
      14
      12
      17
      12
      18
      14
      24
      12
      17
      25
      17
      18
      12
      16
      18
      19
      15
      23
      26
      13
      16
      15
      17
      20
      22
      24
      17
      14
      16
      22
      17
      20
      20
      12
      15
      13
      22
      12
      15
      18
      18
      17
      22
      24
      19
      13
      22
      13
      22
      17
      19
      22
      20
      16
      19
      10
      23
      22
      23
      24
      17
      19
      32
      16
      23
      22
      18
      19
      22
      21
      13
      19
      20
      12
      16
      30
      17
      18
      18
      24
      21
      20
      26
      15
      23
      17
      13
      20
      22
      17
      13
      23
      21
      12
      17
      27
      15
      26
      26
      20
      24
      18
      20
      28
      21
      24
      18
      23
      16
      24
      21
      19
      18
      24
      14
      19
      18
      15
      17
      15
      18
      21
      13
      14
      23
       9
      26
      19
      28
      19
      26
      12
      15
      17
      24
      20
      15
      18
      18
      26
      22
      22
      20
      19
      19
      16
      20
      17
      18
      25
      33
      23
      19
      16
      17
      17
      15
      30
      21
      20
      16
      19
      18
      21
      20
      17
      23
      13
      18
      20
      18
      23
      18
      16
      20
      28
      16
      12
      15
      18
      20
      23
      27
      21
      21
      28
      23
      21
      14
      21
      19
      23
      15
      21
      26
      23
      23
      25
      11
      18
      20
      25
      23
      21
      23
      22
      14
      17
      25
      27
      19
      21
      26
      16
      24
      23
      16
      24
      20
      17
      21
      12
      22
      24
      17
      15
      21
      21
      17
      20
      18
      19
      22
      19
      20
      23
      23
      12
      14
      23
      13
      18
      23
      18
      28
      24
      17
      14
      17
      16
      20
      25
      21
      11
      16
      16
      24
      16
      25
      23
      14
      23
      18
      20
      21
      18
      22
      21
      25
      19
      27
      29
      20
      16
      28
      23
      24
      22
      21
      25
      31
      15
      23
      21
      21
      18
      23
      21
      25
      19
      29
      20
      27
      19
      22
      16
      21
      16
      19
      27
      21
      16
      18
      19
      21
      29
      18
      23
      25
      25
      13
      27
      25
      17
      23
      13
      25
      27
      21
      35
      20
      26
      21
      18
      24
      21
      10
      19
      14
      20
      24
      22
      15
      14
      22
       8
      19
      20
      23
      17
      21
      24
      22
      19
      20
      20
      23
      27
      21
      13
      24
      17
      23
      19
      20
      17
      30
      21
      33
      21
      19
      19
      21
      30
      23
      17
      19
      29
      25
      19
      21
      15
      24
      23
      26
      14
      19
      19
      20
      17
      21
      22
      23
      25
      22
      14
      29
      19
      20
      13
      13
      22
      18
      17
      20
      16
      20
      24
      27
      18
      18
      25
      19
      24
      18
      26
      23
      24
      21
      17
      22
      15
      20
      21
      24
      22
      22
      21
      21
      20
      12
      24
      20
      26
      22
      26
      22
      29
      28
      23
      13
      22
      23
      20
      20
       9
      21
      23
      18
      19
      18
      21
      18
      21
      15
      34
      17
      26
      24
      12
      26
      21
      20
      20
      19
      13
      23
      17
      28
       9
      23
      20
      24
      25
      22
      17
      24
      23
      21
      26
      26
      20
      19
      18
      21
      20
      31
      30
      23
      23
      24
      22
      26
      24
      23
      15
      25
      24
      37
      25
      19
      17
      27
      16
      27
      23
      24
      17
      19
      16
      20
      13
      22
      21
      18
      21
      22
      23
      19
      18
      20
      20
      16
      23
      13
      23
      24
      21
      14
      20
      18
      22
      26
      20
      18
      22
      20
      16
      15
      28
      20
      25
      17
      29
       7
      20
      19
      19
      25
      15
      13
      17
      19
      12
      26
      29
      17
      21
      21
      16
      11
      16
      16
      18
      20
      13
      22
      19
      25
      24
      20
      20
      20
      16
      20
      18
      21
      21
      20
      21
      14
      13
      24
      24
      20
      27
      19
      22
      26
      26
      22
      17
      16
      22
      17
      17
      20
      19
      19
      19
      25
      14
      18
      22
      13
      27
      18
      14
      23
      24
      29
      20
      16
      19
      26
      13
      20
      29
      18
      17
      18
      20
      16
      26
      20
      25
      18
      24
      22
      30
      19
      26
      20
      20
      18
      22
      11
      20
      20
      23
      18
      21
      15
      19
      19
      21
      13
      24
      19
      25
      24
      18
      26
      16
      20
      27
      10
      18
      26
      25
      16
      20
      22
      22
      18
      20
      14
      16
      25
      19
      20
      23
      20
      18
      17
      25
      11
      13
      24
      14
      19
      17
      25
      30
      24
      17
      24
      21
      24
      20
      26
      22
      23
      21
      23
      22
      18
      17
      26
      18
      20
      26
      20
      23
      27
      19
      21
      24
      21
      24
      23
      24
      24
      20
      17
      16
      23
      22
      26
      23
      17
      16
      22
      11
      19
      17
      21
      29
      24
      27
      16
      12
      29
      14
      24
      19
      18
      27
      14
      18
      30
      28
      17
      16
      20
      27
      22
      22
      16
      19
      25
      28
      27
      19
      20
      20
      23
      18
      24
      18
      20
      17
      23
      20
      10
      28
      27
      27
      19
      23
      21
      21
      19
      18
      24
      27
      22
      23
      16
      27
      18
      23
      23
      29
      25
      17
      19
      28
      20
      13
      23
      30
      32
      19
      22
      22
      22
      24
      21
      17
      24
      27
      20
      26
      15
      22
      17
      26
      17
      29
      19
      21
      19
      20
      25
      29
      25
      20
      21
      25
      32
      17
      22
      21
      18
      22
      23
      29
      18
      22
      24
      12
      20
      19
      22
      15
      26
      20
      22
      24
      15
      28
      22
      20
      18
      13
      11
      22
      19
      18
      13
      14
      17
      18
      18
      10
      23
      13
      16
      19
      23
      15
      19
      20
      20
      14
      11
      13
      12
      12
      30
      16
      15
      10
      16
      17
      12
      15
      14
      10
      20
      15
       9
       9
      11
      15
      14
      11
       5
      14
      14
      10
      11
       8
      17
      11
       9
      17
      11
      12
       3
       6
       4
       9
      12
       9
      10
       8
       6
       8
       9
       6
      10
       2
       7
       7
       9
       5
      10
       6
       3
       6
       5
       6
       3
       6
       5
       9
       8
       3
       6
       3
       9
      10
       3
       8
       4
       8
       6
       4
       6
       2
       6
       6
       3
       6
       2
       6
       4
       5
       8
       6
       6
       2
       0
       4
       8
       6
       5
       4
       3
       4
       4
       3
       4
       5
       2
       4
       4
       1
       3
       2
       3
       7
       2
       5
       1
       3
       2
       7
       3
       3
       3
       5
       3
       7
       3
       2
       1
       1
       5
       3
       1
       2
       1
       2
       4
       5
       3
       0
       2
       2
       3
       7
       3
       4
       3
       6
       1
       1
       2
       1
       2
       1
       1
       3
       5
       4
       1
       4
       1
       3
       2
       4
       0
       3
       4
       4
       0
       1
       0
       3
       2
       1
       0
       3
       2
       1
       1
       4
       3
       2
       2
       2
       2
       4
       1
       2
       5
       1
       2
       4
       1
       1
       1
       4
       3
       3
       1
       0
       1
       2
       1
       3
       1
       1
       0
       3
       4
       1
       2
       2
       0
       1
       2
       0
       3
       1
       0
       4
       1
       1
       2
       3
       2
       4
       0
       2
       1
       1
       3
       1
       1
       3
       0
       2
       3
       1
       3
       0
       1
       1
       0
       2
       3
       0
       5
       3
       0
       0
       3
       1
       0
       3
       1
       2
       1
       3
       2
       1
       2
       2
       2
       0
       3
       2
       2
       1
       1
       1
       2
       0
       1
       4
       3
       4
       0
       3
       2
       1
       3
       2
       3
       4
       1
       1
       1
       1
       1
       2
       1
       1
       2
       1
       3
       4
       0
       0
       2
       1
       3
       0
       1
       0
       3
       1
       2
       0
       1
       2
       1
       1
       0
       0
       2
       1
       0
       3
       2
       1
       1
       3
       0
       1
       0
       0
       1
       1
       1
       0
       2
       2
       3
       0
       1
       4
       1
       3
       1
       3
       1
       2
       1
       2
       2
       4
       2
       1
       1
       1
       1
       1
       4
       1
       1
       3
       1
       2
       2
       2
       4
       3
       3
       2
       1
       3
       5
       2
       2
       3
       2
       1
       0
       3
       2
       3
       3
       3
       1
       6
       6
       4
       2
       1
       5
       4
       3
       6
       4
       6
       4
       5
      10
       6
       7
       5
       8
       8
       5
      11
      10
       8
      14
      14
      12
      17
      12
      12
      18
      18
      19
      18
      20
      21
      24
      29
      31
      32
      35
      31
      39
      40
      45
      38
      38
      43
      40
      46
      55
      62
      41
      48
      65
      73
      68
      65
      79
      73
      75
      57
      66
      83
      75
      90
      88
      92
     104
     110
     122
     110
      99
     132
     135
     142
     120
     148
     149
     134
     149
     162
     162
     184
     157
     168
     188
     182
     201
     188
     190
     209
     171
     220
     198
     193
     212
     235
     223
     207
     226
     224
     233
     218
     251
     248
     250
     242
     265
     304
     281
     269
     281
     294
     286
     279
     243
     286
     270
     278
     276
     333
     303
     323
     315
     299
     339
     311
     340
     303
     322
     311
     338
     338
     304
     288
     286
     352
     353
     310
     298
     312
     333
     289
     304
     328
     305
     306
     296
     309
     254
     293
     300
     301
     297
     277
     231
     271
     257
     238
     270
     265
     235
     236
     252
     251
     241
     214
     223
     216
     223
     210
     205
     213
     197
     175
     217
     188
     173
     155
     172
     166
     162
     162
     164
     137
     144
     128
     130
     134
     116
     111
     114
     101
     101
     104
     100
      95
      90
      96
      89
      84
      92
      76
      78
      63
      61
      57
      52
      58
      50
      50
      58
      46
      53
      47
      41
      37
      30
      41
      33
      42
      38
      43
      35
      18
      25
      27
      20
      28
      16
      22
      16
      17
      13
      20
      10
      21
      14
      18
      15
      19
      16
      12
       8
       7
       6
       8
       7
       7
      12
       5
       9
       3
       7
       4
       1
       5
       4
       5
       2
       4
       7
       4
       2
       3
       2
       3
       3
       3
       0
       1
       1
       2
       2
       1
       0
       1
       1
       1
       2
       0
       2
       1
       0
       1
       1
       1
       0
       1
       1
       0
       0
       3
       1
       2
       0
       0
       1
       1
       1
       1
       1
       1
       1
       0
       1
       0
       2
       0
       1
       1
       0
       0
       0
       0
       0
       1
       3
       0
       0
       1
       0
       0
       1
       1
       0
       0
       0
       1
       0
       0
       0
       1
       1
       0
       1
       1
       0
       1
       0
       2
       1
       0
       0
       1
       2
       1
       2
       0
       1
       0
       3
       0
       0
       0
       1
       0
       0
       1
       3
       0
       1
       0
       0
       0
       0
       0
       0
       1
       1
       2
       0
       0
       0
       1
       0
       1
       0
       0
       0
       1
       1
       1
       0
       0
       2
       0
       0
       0
       0
       0
       1
       1
       0
       1
       0
       0
       2
       0
       0
       0
       2
       0
       0
       1
       1
       1
       1
       1
       0
       0
       1
       0
       1
       0
       0
       0
       0
       1
       1
       0
       1
       0
       0
       0
       0
       0
       1
       1
       0
       0
       0
       0
       0
       1
       0
       0
       0
       0
       0
       0
       0
       0
       0
       0
       1
       1
       0
       1
       0
       1
       0
       1
       1
       0
       1
       0
       0
       0
       1
       0
       1
       1
       1
       1
       3
       0
       0
       0
       1
       0
       0
       0
       1
       0
       0
       1
       0
       0
       0
       0
       1
       1
       0
       0
       0
       0
       0
       0
       0
       1
       0
       1
       0
       1
       0
       0
       1
       0
       1
       0
       0
       1
       0
       0
       0
       1
       0
       2
       0
       0
       0
       0
       0
       1
       1
       0
       0
       0
       1
       0
       0
       4
       1
       1
       0
       2
       1
       1
       0
       0
       0
       0
       0
       1
       3
       2
       0
       0
       0
       0
       0
       0
       0
       0
       0
       0
       1
       0
       0
       0
       1
       0
       0
       0
       0
       0
       2
       0
       2
       0
       2
       0
       1
       0
       0
       0
       3
       2
       0
       2
       0
       0
       0
       1
       0
       0
       0
       3
       1
       0
       1
       0
       0
       0
       0
       1
       0
       0
       0
       0
       0
       0
       0
       1
       2
       0
       0
       0
       0
       1
       0
       0
       0
       0
       0
       0
       1
       1
       0
       1
       0
       1
       0
       0
       0
       0
       1
       0
       0
       1
       1
       1
       0
       0
       1
       2
       2
       1
       0
       1
       0
       1
       0
       1
       0
       0
       0
       1
       0
       0
       1
       0
       2
       1
       0
       2
       0
       0
       0
       0
       1
       0
       0
       0
       1
       0
       1
       1
       1
       1
       0
       0
       0
       0
       0
       0
       1
       0
       1
       0
       1
       0
       0
       0
       0
       0
       0
       1
       0
       2
       0
       0
       1
       0
       0
       0
       0
       0
       0
       1
       0
       1
       0
       1
       0
       0
       0
       0
       3
       0
       1
       0
       0
       0
       0
       0
       0
       0
       1
       0
       0
       1
       0
       0
       1
       1
       0
       0
       0
       0
       0
       0
       0
       0
       0
       0
       0
       0
       0
       0
       0
       2
       0
       0
       0
       0
       0
       0
       0
       0
       0
       0
       0
       0
       0
       0
       0
       0
       0
       0
       0
       0
       0
       0
       0
       0
$ROI:
3
162 224
345 375
1304 1586
$PRESETS:
Live Time
1200
0
$ENER_FIT:
0.000000 0.359353
$MCA_CAL:
3
0.000000E+000 3.593530E-001 0.000000E+000 keV
$SHAPE_CAL:
3
0.000000E+000 0.000000E+000 0.000000E+000
