$SPEC_ID:
This is sample 198.
$SPEC_REM:
DET# 1
DETDESC# DIP1456 PCI-Trump SN 253
AP# Maestro Version 7.01
$DATE_MEA:
02/03/2025 19:23:47
$MEAS_TIM:
1200 1235
$DATA:
0 2047
       0
       0
       0
       0
       0
       0
       0
       0
       0
       0
       0
       0
       0
       0
       0
       0
       0
       3
       2
       2
       3
       7
      10
       6
       6
       8
      13
      10
       9
      12
      16
      11
      17
      20
      17
      16
      17
      17
      15
      13
      10
      23
      22
      11
      21
      16
      20
      16
      16
      15
      15
      12
      22
      13
      25
      21
      15
      15
      22
      22
      20
      20
      23
      17
      10
      16
      23
      18
      21
      23
      18
      16
      16
      24
      14
      22
      15
      12
      16
      16
      23
      14
      16
      20
      18
      23
      19
      27
      14
      19
      25
      21
      20
      16
      19
      19
      17
      17
      18
      15
      20
      14
      13
      16
      18
      19
      14
      28
      12
      27
      20
      18
      21
      26
      20
      18
      19
      13
      19
      25
      22
      15
      16
      21
      25
      19
      25
      22
      23
      17
      19
      16
      13
      23
      16
      18
      18
      15
      17
      16
      16
      15
      10
      23
      29
      26
      23
      14
      19
      19
      24
      19
      22
      13
      16
      17
      26
      25
      16
      16
      18
      19
      14
      25
      18
      16
      27
      16
      17
      23
      18
      29
      27
      27
      24
      21
      21
      16
      20
      25
      13
      23
      16
      23
      18
      25
      13
      20
      19
      17
      24
      14
      21
      21
      23
      22
      23
      13
      18
      20
      23
      25
      24
      11
      14
      19
      17
      26
      23
      26
      18
      20
      20
      24
      15
      23
      19
      18
      18
      11
      22
      22
      17
      22
      19
      23
      27
      23
      21
      21
      25
      24
      20
      28
      24
      19
      15
      20
      18
      24
      27
      26
      21
      25
      13
      16
      20
      15
      19
      24
      25
      20
      25
      26
      25
      23
      14
      26
      22
      17
      20
      16
      26
      24
      25
      15
      25
      22
      22
      19
      19
      25
      26
      27
      22
      19
      21
      27
      13
      17
      14
      24
      27
      23
      20
      24
      15
      28
      28
      25
      22
      23
      22
      15
      20
      28
      21
      17
      17
      13
      23
      16
      15
      25
      22
      17
      12
      19
      18
      16
      19
      18
      19
      19
      27
      19
      24
      29
      22
      24
      21
      26
      15
      13
      19
      21
      24
      23
      16
      17
      19
      22
      20
      15
      22
      23
      16
      22
      18
      19
      18
      17
      20
      22
      23
      20
      18
      24
      19
       9
      18
      20
      19
      13
      22
      23
      26
      18
      22
      33
      16
      35
      21
      26
      27
      14
      13
      22
      16
      22
      25
      20
      31
      22
      31
      20
      23
      25
      25
      22
      20
      23
      22
      21
      28
      23
      22
      26
      24
      22
      16
      20
      21
      25
      14
      24
      32
      15
      25
      18
      18
      10
      24
      22
      18
      26
      22
      15
      27
      18
      28
      23
      26
      15
      30
      23
      18
      26
      20
      30
      23
      16
      22
      18
      22
      26
      30
      20
      17
      23
      24
      25
      20
      20
      16
      20
      20
      16
      13
      23
      26
      18
      12
      18
      26
      17
      19
      12
      18
      21
      18
      29
      17
      17
      21
      23
      21
      22
      15
      17
      23
      20
      21
       9
      29
      17
      23
      16
      22
      23
      19
      29
      23
      20
      20
      18
      13
      19
      21
      21
      23
      28
      26
      26
      18
      22
      13
      21
      19
      20
      14
      21
       9
      24
      13
      29
      31
      24
      23
      16
      22
      15
      17
      19
      19
      17
      20
      19
      18
      20
      19
      16
      19
      19
      20
      20
      16
      28
      15
      17
      21
      21
      27
       9
      22
      21
      24
      24
      20
      17
      23
      21
      16
      18
      17
      21
      19
      16
      20
      25
      23
      20
      24
      20
      22
      30
      26
      22
      21
      27
      20
      22
      17
      21
      23
      27
      16
      18
      33
      10
      22
      21
      25
      25
      27
      26
      17
      27
      22
      28
      23
      20
      19
      19
      22
      12
      20
      17
      19
      15
      22
      20
      24
      19
      18
      19
      23
      18
      21
      21
      19
      22
      20
      24
      30
      19
      25
      20
      15
      26
      18
      20
      17
      26
      18
      28
      29
      17
      17
      24
      20
      30
      17
      28
      18
      15
      20
      14
      20
      25
      21
      19
      26
      23
      23
      24
      29
      21
      21
      24
      20
      16
      18
      24
      17
      20
      18
      25
      18
      18
      23
      22
      18
      19
      23
      16
      14
      17
      14
      15
      14
      26
      17
      19
      17
      22
      20
      20
      15
      25
      15
      17
      21
      14
      19
      17
      16
      19
      23
      24
      18
      22
      23
      30
      15
      15
      23
      22
      21
      14
      28
      14
      29
      19
      20
      19
      18
      18
      22
      26
      23
      26
      15
      21
      18
      15
      16
      16
      16
      21
      21
      21
      20
      21
      13
      22
      25
      30
      27
      22
      16
      18
      17
      17
      13
      20
      21
      14
      15
      12
      26
      17
      21
      23
      17
      24
      21
      18
      22
      21
      25
      20
      23
      25
      21
      23
      18
      20
      13
      10
      22
      17
      12
      23
      16
      23
      21
      21
      17
      20
      15
      21
      23
      21
      25
      19
      25
      21
      18
      25
      13
      18
      26
      28
      29
      16
      25
      17
      26
      21
      24
      26
      18
      27
      16
      19
      25
      17
      33
      22
      16
      28
      16
      20
      25
      25
      27
      21
      16
      12
      24
      24
      22
      21
      24
      18
      18
      27
      20
      26
      19
      27
      23
      24
      18
      18
      18
      11
      16
      25
      24
      19
      28
      16
      30
      21
      19
      20
      28
      22
      18
      18
      20
      20
      27
      24
      15
      15
      23
      28
      32
      25
      22
      13
      28
      30
      23
      31
      22
      24
      28
      22
      16
      19
      22
      24
      16
      15
      21
      22
      28
      27
      16
      17
      23
      15
      22
      19
      19
      23
      20
      32
      36
      18
      25
      30
      26
      21
      26
      27
      20
      23
      23
      22
      14
      17
      21
      22
      26
      15
      23
      19
      20
      15
      22
      22
      19
      21
      30
      22
      18
      20
      20
      21
      24
      14
      20
      19
      20
      27
      24
      21
      16
      12
      22
      13
      19
      14
      14
      17
      15
      25
      18
      13
      21
      16
      14
      11
      18
      16
      14
      17
      12
      16
      15
      14
      20
      12
      14
      13
      10
       9
      10
      15
       9
      10
      10
      11
      10
      11
      10
      10
      11
      10
      12
       4
      13
       8
      12
       9
       7
      10
       6
      12
      12
       9
      15
      16
      15
       9
      10
       7
       7
       8
       5
       8
      11
       6
       6
       6
       7
      10
      10
       8
      11
       8
       8
       6
       7
       5
       7
       7
      11
       3
       3
       6
       6
       7
      11
       5
       5
       4
       6
       2
       8
       6
       4
       1
       8
      10
       7
       4
       5
       8
       1
       5
       5
       3
       5
       2
       2
       3
       7
       5
       4
       3
       2
       5
       4
       2
       4
       1
       4
       1
       5
       3
       1
       4
       4
       5
       5
       2
       2
       4
       5
       6
       3
       6
       7
       2
       5
       2
       7
       1
       3
       2
       4
       3
       2
       4
       0
       7
       2
       3
       4
       3
       1
       2
       3
       5
       1
       2
       1
       2
       1
       4
       4
       4
       1
       3
       6
       3
       0
       4
       2
       4
       0
       2
       0
       1
       2
       1
       1
       2
       3
       0
       2
       4
       5
       1
       1
       1
       4
       4
       4
       5
       2
       1
       1
       1
       3
       3
       4
       1
       4
       3
       3
       1
       1
       5
       3
       0
       2
       0
       1
       2
       0
       4
       0
       1
       2
       3
       4
       0
       0
       1
       1
       2
       3
       3
       1
       1
       1
       1
       3
       1
       3
       6
       2
       6
       2
       0
       3
       2
       2
       2
       2
       2
       1
       1
       2
       0
       4
       3
       1
       2
       5
       0
       4
       2
       1
       0
       2
       2
       2
       5
       1
       0
       4
       0
       1
       0
       4
       0
       2
       2
       1
       0
       1
       3
       3
       1
       3
       2
       3
       2
       0
       1
       2
       3
       1
       0
       4
       2
       1
       0
       1
       1
       2
       0
       3
       1
       2
       2
       2
       1
       1
       2
       1
       2
       1
       0
       1
       2
       2
       5
       0
       3
       5
       1
       2
       1
       1
       1
       2
       3
       1
       1
       2
       3
       3
       2
       3
       1
       0
       3
       0
       3
       2
       0
       2
       0
       2
       0
       4
       0
       0
       1
       1
       1
       1
       1
       1
       1
       3
       1
       1
       0
       1
       2
       0
       5
       3
       1
       4
       4
       1
       2
       3
       3
       1
       3
       0
       0
       1
       1
       1
       3
       7
       2
       3
       1
       2
       0
       2
       2
       4
       1
       5
       4
       2
       3
       2
       6
       6
       3
       5
       0
       6
       5
       6
       5
       8
       6
      11
       6
       5
      14
      11
       9
      10
      13
      14
      13
      12
      15
      14
      19
      13
      19
      25
      23
      24
      28
      17
      21
      30
      26
      23
      34
      29
      35
      29
      36
      43
      41
      57
      42
      41
      64
      44
      52
      52
      62
      58
      54
      83
      81
      71
      84
      77
      82
      80
     101
      80
      87
      89
      91
     102
     119
     103
     125
     116
     130
     132
     128
     139
     151
     155
     143
     156
     174
     147
     174
     148
     171
     167
     184
     167
     208
     190
     209
     192
     212
     210
     227
     222
     235
     221
     217
     241
     273
     251
     273
     267
     264
     281
     277
     253
     276
     277
     268
     282
     306
     286
     305
     302
     295
     284
     285
     318
     331
     287
     303
     311
     315
     324
     338
     325
     320
     319
     315
     307
     301
     287
     320
     310
     298
     331
     311
     306
     316
     309
     328
     319
     299
     326
     294
     286
     290
     282
     277
     311
     282
     258
     250
     243
     254
     278
     251
     267
     260
     252
     233
     215
     255
     226
     221
     219
     228
     210
     203
     194
     218
     171
     169
     184
     210
     183
     164
     155
     170
     151
     150
     152
     140
     165
     144
     126
     112
     135
     127
     115
     116
     101
     103
     114
      92
      84
      82
      97
      59
      79
      82
      75
      82
      72
      66
      56
      63
      48
      51
      57
      48
      52
      51
      54
      43
      38
      37
      37
      31
      41
      29
      27
      26
      20
      20
      17
      19
      16
      13
      18
      15
      22
      12
      14
      19
      11
      17
      11
      11
       9
      12
       9
       6
       5
       4
       8
      11
       3
       3
       4
       4
       8
       6
       4
       3
       3
       3
       1
       5
       1
       0
       1
       2
       3
       2
       3
       0
       0
       0
       1
       3
       3
       2
       2
       0
       1
       2
       0
       3
       1
       0
       1
       0
       0
       1
       0
       0
       0
       2
       1
       4
       0
       2
       0
       2
       0
       1
       0
       1
       1
       0
       0
       2
       1
       0
       0
       2
       0
       2
       1
       1
       0
       0
       1
       0
       1
       2
       0
       0
       0
       0
       1
       1
       0
       1
       1
       1
       0
       0
       1
       0
       0
       1
       2
       1
       0
       0
       0
       1
       1
       2
       0
       0
       1
       0
       0
       0
       0
       1
       0
       2
       1
       0
       0
       0
       0
       0
       0
       0
       0
       0
       0
       0
       0
       1
       0
       1
       0
       1
       0
       0
       0
       2
       1
       1
       0
       0
       0
       1
       0
       0
       0
       0
       2
       1
       1
       0
       1
       2
       0
       0
       0
       0
       0
       1
       0
       1
       2
       0
       0
       0
       2
       1
       1
       2
       0
       0
       0
       0
       0
       1
       1
       0
       1
       0
       0
       1
       1
       1
       0
       1
       2
       0
       0
       0
       0
       1
       0
       0
       1
       0
       0
       0
       1
       0
       3
       1
       0
       0
       1
       0
       1
       2
       1
       2
       1
       0
       1
       0
       0
       0
       0
       0
       0
       0
       0
       0
       0
       1
       0
       0
       1
       1
       1
       0
       0
       0
       0
       0
       2
       1
       0
       0
       0
       0
       0
       0
       1
       0
       1
       0
       0
       0
       0
       0
       0
       0
       1
       0
       0
       1
       1
       0
       0
       0
       0
       0
       0
       0
       0
       0
       0
       1
       1
       1
       0
       0
       0
       0
       1
       0
       0
       2
       1
       1
       0
       0
       0
       0
       0
       0
       0
       0
       0
       0
       0
       0
       0
       0
       0
       2
       0
       1
       1
       1
       0
       0
       0
       0
       0
       0
       0
       1
       0
       0
       0
       2
       0
       0
       0
       1
       0
       1
       0
       0
       1
       0
       0
       2
       0
       1
       0
       1
       0
       0
       0
       0
       1
       0
       0
       1
       0
       2
       0
       1
       0
       1
       3
       0
       0
       0
       1
       0
       1
       0
       0
       1
       2
       1
       0
       0
       1
       0
       0
       0
       1
       0
       0
       1
       0
       1
       0
       0
       0
       0
       0
       0
       1
       0
       0
       1
       1
       0
       1
       0
       0
       0
       0
       0
       0
       0
       3
       0
       0
       0
       1
       0
       1
       1
       0
       0
       1
       0
       0
       0
       0
       3
       0
       0
       0
       1
       1
       1
       0
       0
       0
       1
       0
       0
       1
       0
       0
       0
       1
       1
       0
       1
       0
       0
       0
       0
       0
       0
       0
       1
       0
       0
       1
       0
       0
       0
       0
       0
       0
       0
       1
       1
       0
       0
       1
       0
       0
       1
       0
       1
       0
       1
       0
       1
       0
       1
       1
       4
       1
       0
       0
       0
       0
       0
       0
       0
       0
       3
       0
       0
       0
       0
       1
       0
       1
       0
       1
       2
       2
       1
       1
       1
       0
       0
       0
       0
       1
       0
       0
       0
       0
       0
       0
       1
       0
       0
       0
       0
       0
       0
       0
       0
       0
       0
       0
       0
       0
       0
       0
       0
       0
       0
       0
       0
       0
       0
       0
       0
       0
       0
$ROI:
3
162 224
345 375
1304 1586
$PRESETS:
Live Time
1200
0
$ENER_FIT:
0.000000 0.359353
$MCA_CAL:
3
0.000000E+000 3.593530E-001 0.000000E+000 keV
$SHAPE_CAL:
3
0.000000E+000 0.000000E+000 0.000000E+000
