$SPEC_ID:
This is sample 250.
$SPEC_REM:
DET# 1
DETDESC# DIP1456 PCI-Trump SN 253
AP# Maestro Version 7.01
$DATE_MEA:
02/04/2025 14:40:56
$MEAS_TIM:
1200 1235
$DATA:
0 2047
       0
       0
       0
       0
       0
       0
       0
       0
       0
       0
       0
       0
       0
       0
       0
       0
       2
       1
       2
       4
       5
       5
       3
       7
       7
      11
      13
      17
      19
      20
      15
      12
      21
       8
      21
      18
      11
      20
       8
      14
      14
      13
      22
      20
      15
      20
      13
      23
      14
      18
      21
      23
      18
      10
      23
      23
      22
      15
      14
      14
      19
      14
      18
      17
      25
      19
      10
      20
      22
      28
      10
      12
      14
      17
      13
      14
      12
      18
      15
      11
      17
      12
      10
      13
      19
      11
      17
      19
      15
      26
      14
      25
      23
      21
      14
      29
      16
      15
      24
      22
      17
      15
      19
      20
      25
      15
      14
       4
      19
      15
      22
      21
      15
      19
      16
      16
      18
      29
      19
      22
      21
      26
      20
      28
      15
      20
      12
      20
      14
      17
      23
      14
      14
      15
      17
      20
      15
      26
      15
      15
      14
      18
      14
      28
      20
      17
      11
      27
      14
      14
      26
      21
      23
      17
      20
      18
      19
      13
      24
      15
      14
      23
      14
      16
      14
      24
      27
      30
      20
      20
      21
      20
      10
      23
      19
      26
      33
      19
      19
      21
      25
      21
      18
      23
      17
      29
      19
      16
      21
      19
      15
      19
      24
      14
      15
      20
      26
      23
      19
      22
      21
      23
      23
      20
      14
      23
      21
      26
      16
      18
      24
      23
      15
      28
      16
      22
      21
      13
      28
      21
      23
      16
      19
      20
      18
      26
      16
      17
      14
      16
      21
      27
      17
      21
      24
      19
      17
      12
      13
      20
      17
      15
      25
      20
      21
      22
      23
      15
      17
      22
      19
      20
      18
      21
      23
      30
      21
      21
      16
      20
      17
      26
      24
      17
      24
      27
      20
      18
      20
      16
      24
      17
      14
      22
      18
      17
      17
      16
      22
      26
      26
      18
      21
      12
      18
      28
      16
      17
      23
      17
      23
      22
      19
      18
      23
      19
      14
      16
      30
      17
      24
      12
      20
      24
      21
      17
      26
      24
      20
      26
      16
      18
      17
      24
      28
      19
      15
      18
      20
      16
      24
      18
      32
      19
      24
      27
      33
      20
      20
      16
      13
      17
      24
      17
      20
      13
      16
      10
      15
      21
      21
      24
      21
      25
      26
      29
      19
      16
      27
      25
      32
      19
      18
      22
      11
      21
      16
      18
      24
      16
      15
      21
      24
      12
      23
      18
      19
      26
      22
      23
      20
      22
      17
      31
      26
      23
      15
      31
      20
      27
      20
      21
      22
      15
      24
      27
      13
      21
      26
      10
      22
      18
      34
      30
      16
      18
      19
      16
      20
      23
      13
      22
      21
      22
      18
      24
      29
      15
      25
      26
      28
      18
      29
      16
      25
      24
      28
      14
      22
      26
      15
      31
      21
      24
      22
      24
      21
      26
      23
      21
      25
      20
      22
      28
      16
      12
      26
      12
      12
      25
      20
      16
      15
      25
      18
      23
      14
      22
      27
      18
      21
      22
      21
      19
      24
      22
      28
      21
      28
      26
      21
      27
      18
      18
      21
      20
      23
      26
      19
      29
      20
      17
      15
      20
      16
      16
      21
      16
      18
      20
      27
      20
      21
      18
      22
      18
      24
      26
      13
      18
      24
      25
      18
      23
      15
      16
      18
      14
      33
      25
      23
      19
      20
      28
      24
      22
      25
      29
      13
      21
      24
      28
      22
      17
      28
      23
      18
      26
      23
      37
      16
      16
      26
      23
      23
      28
      19
      21
      25
      23
      26
      22
      19
      21
      22
      22
      32
      20
      16
      21
      14
      21
      33
      22
      21
      22
      27
      22
      24
      28
      22
      17
      32
      27
      18
      23
      19
      20
      27
      26
      15
      20
      14
      22
      26
      22
      17
      31
      14
      20
      20
      20
      20
      25
      19
      19
      18
      28
      20
      18
      22
      24
      22
      21
      21
      23
      12
      18
      25
      24
      24
      13
      22
      27
      21
      24
      18
      24
      29
      18
      27
      17
      23
      26
      16
      24
      23
      19
      24
      25
      21
      23
      26
      21
      19
      34
      18
      15
      25
      15
      21
      17
      22
      20
      16
      21
      19
      10
      19
      12
      25
      27
      22
      23
      21
      10
      25
      28
      21
      22
      18
      29
      15
      20
      19
      18
      13
      15
      18
      18
      21
      14
      19
      18
      14
      18
      14
      25
      19
      20
      15
      25
      18
      11
      28
      26
      12
      27
      18
      21
      14
      27
      18
      20
      18
      24
      20
      12
      22
      21
      15
      21
      24
      11
      19
      22
      20
      17
      17
      17
      23
      15
      17
      17
      25
      26
      14
      20
      12
      10
      16
      23
      24
      13
      16
      24
      23
      19
      16
      15
      21
      17
      25
      24
      20
      11
      19
      15
      16
      19
      18
      20
      31
      18
      30
      28
      21
      15
      14
      24
      25
      22
      20
      23
      19
      22
      21
      21
      24
      20
      19
      18
      24
       9
      27
      25
      17
      19
      15
      12
      23
      18
      22
      18
      20
      14
      16
      16
      19
      19
      18
      31
      25
      25
      22
      23
      24
      16
      20
      24
      20
      21
      20
      15
      15
      23
      20
      21
      22
      27
      23
      20
      27
      20
      24
      24
      22
      23
      23
      26
      22
      14
      30
      23
      20
      23
      19
      18
      15
      15
      12
      27
      19
      25
      21
      30
      16
      17
      16
      18
      22
      17
      23
      24
      20
      23
      19
      27
      22
      23
      21
      20
      21
      18
      20
      26
      28
      27
      30
      22
      20
      21
      24
      26
      21
      21
      20
      33
      27
      19
      21
      17
      28
      26
      27
      23
      17
      28
      19
      37
      12
      21
      15
      21
      17
      28
      21
      22
      19
      29
      28
      24
      41
      28
      30
      22
      26
      25
      18
      23
      17
      32
      16
      24
      26
      23
      39
      25
      23
      31
      19
      21
      24
      27
      20
      18
      15
      19
      31
      20
      25
      27
      25
      28
      24
      23
      32
      18
      23
      17
      24
      16
      18
      18
      21
      18
      16
      27
      17
      17
      15
      25
      14
      15
      18
      20
      17
      16
      13
      11
      17
      17
      16
      12
      16
      12
      10
      13
      12
      10
      14
       6
      12
       9
      14
       7
      13
      11
       7
      12
      10
      12
      15
      11
      10
      10
      11
       8
       8
       9
      10
      11
       7
       7
       8
      12
       6
       8
      11
       2
      11
       7
       8
      14
       7
       3
      11
       5
       8
       8
      10
       3
       4
       4
       7
       8
       5
       6
      11
       4
       4
       6
       9
       7
       5
       4
       5
       4
       6
      10
       9
       9
       5
       3
       4
       6
       6
       5
       7
       2
       6
       3
       3
       3
       3
       5
       8
       9
       4
       4
       8
       2
       4
       2
       5
       4
       2
       4
       3
       5
       9
       7
       2
       5
       2
       1
       5
       3
       2
       1
       3
       2
       4
       2
       7
       1
       1
       4
       0
       3
       1
       0
       2
       2
       2
       1
       6
       5
       5
       3
       5
       1
       0
       7
       2
       2
       7
       5
       1
       6
       0
       4
       2
       0
       3
       3
       3
       1
       3
       2
       3
       3
       2
       3
       1
       3
       0
       3
       1
       3
       2
       1
       3
       3
       0
       0
       1
       3
       2
       2
       2
       1
       7
       2
       4
       2
       4
       1
       3
       2
       4
       5
       3
       2
       3
       2
       2
       1
       5
       3
       0
       3
       0
       3
       0
       2
       3
       2
       4
       1
       0
       0
       1
       1
       0
       2
       1
       1
       1
       0
       2
       1
       0
       2
       2
       2
       1
       1
       1
       2
       3
       1
       0
       2
       2
       2
       1
       4
       2
       4
       3
       0
       5
       5
       3
       3
       2
       0
       3
       0
       0
       2
       3
       0
       3
       4
       2
       1
       2
       0
       3
       1
       3
       2
       2
       0
       0
       2
       0
       2
       0
       2
       2
       1
       1
       1
       3
       3
       1
       1
       0
       1
       1
       1
       1
       0
       1
       0
       1
       1
       2
       3
       2
       3
       3
       0
       1
       3
       1
       1
       3
       3
       1
       2
       0
       4
       2
       0
       0
       0
       1
       2
       2
       1
       2
       0
       3
       2
       2
       3
       2
       1
       0
       1
       4
       2
       0
       1
       0
       0
       5
       0
       0
       1
       1
       2
       2
       1
       2
       2
       1
       2
       1
       2
       2
       0
       0
       1
       4
       1
       2
       4
       2
       1
       0
       2
       0
       1
       2
       1
       1
       1
       1
       2
       1
       1
       2
       1
       3
       4
       3
       1
       5
       3
       4
       2
       5
       3
       2
       4
       1
       4
       2
       6
       3
       5
       5
       4
       4
       4
      11
       5
       1
       8
       5
      12
       7
      17
       7
      12
       5
      14
       9
      12
      11
      14
      20
      16
      21
      21
      30
      16
      25
      16
      19
      28
      25
      45
      30
      39
      34
      32
      32
      25
      39
      38
      54
      45
      57
      50
      46
      50
      67
      66
      75
      76
      66
      69
      83
      76
      68
      86
     108
      78
     122
     105
      95
      95
     107
     121
      94
     109
     133
     139
     125
     133
     130
     131
     130
     154
     180
     187
     137
     159
     191
     172
     188
     181
     180
     217
     198
     208
     234
     237
     190
     234
     250
     238
     214
     254
     239
     230
     291
     272
     276
     255
     253
     283
     287
     263
     269
     291
     293
     276
     329
     283
     271
     301
     323
     333
     327
     308
     338
     316
     320
     316
     302
     350
     332
     331
     305
     319
     300
     292
     329
     294
     317
     294
     287
     324
     329
     318
     311
     330
     316
     303
     310
     302
     274
     272
     276
     312
     286
     275
     271
     245
     259
     293
     273
     271
     249
     223
     245
     237
     224
     252
     205
     238
     209
     221
     201
     213
     176
     213
     189
     196
     167
     167
     164
     188
     167
     127
     146
     175
     154
     118
     138
     104
     136
     106
     114
     100
     111
     117
      99
     104
      94
      94
     101
      80
      81
      76
      88
      89
      64
      63
      61
      46
      64
      61
      69
      43
      44
      39
      40
      40
      35
      37
      38
      31
      47
      31
      28
      29
      30
      27
      20
      24
      31
      12
      27
      16
      24
      14
      14
      22
      13
       7
      10
       7
       9
       7
       5
       8
       5
       6
       3
       8
       8
       5
       5
       4
      13
       6
       5
       5
       3
       1
       2
       6
       4
       3
       1
       1
       2
       2
       1
       3
       3
       4
       0
       3
       2
       2
       0
       0
       1
       2
       1
       0
       1
       0
       0
       0
       1
       0
       2
       0
       0
       2
       0
       0
       0
       0
       0
       0
       3
       2
       0
       0
       0
       0
       3
       0
       0
       0
       1
       0
       0
       2
       2
       0
       0
       1
       0
       0
       0
       0
       0
       1
       1
       0
       0
       0
       0
       0
       0
       2
       1
       0
       0
       2
       0
       0
       0
       0
       2
       0
       1
       0
       0
       2
       1
       0
       0
       1
       0
       0
       0
       0
       0
       1
       1
       0
       1
       0
       0
       1
       1
       0
       0
       0
       1
       1
       1
       0
       0
       0
       0
       2
       2
       0
       0
       0
       1
       0
       1
       0
       0
       0
       1
       0
       0
       2
       1
       0
       0
       2
       1
       0
       0
       0
       0
       0
       0
       0
       1
       0
       2
       0
       1
       3
       0
       1
       1
       0
       0
       1
       0
       1
       2
       0
       0
       0
       0
       0
       0
       1
       0
       0
       0
       0
       2
       0
       1
       1
       0
       2
       0
       0
       0
       0
       0
       2
       0
       0
       1
       1
       0
       0
       0
       0
       2
       0
       0
       0
       0
       2
       0
       2
       0
       0
       0
       0
       1
       0
       2
       1
       0
       1
       0
       0
       0
       1
       1
       0
       0
       0
       0
       1
       0
       0
       0
       0
       0
       1
       0
       1
       1
       0
       0
       0
       0
       1
       1
       0
       0
       2
       1
       1
       1
       0
       1
       1
       1
       2
       0
       0
       0
       0
       0
       0
       1
       1
       0
       0
       0
       0
       3
       0
       0
       0
       2
       0
       0
       0
       0
       1
       0
       0
       0
       2
       2
       0
       0
       0
       0
       1
       0
       0
       0
       0
       2
       0
       0
       0
       1
       0
       0
       0
       2
       0
       0
       2
       0
       3
       2
       0
       0
       0
       0
       1
       0
       1
       0
       2
       0
       1
       0
       1
       1
       0
       1
       1
       0
       0
       0
       2
       0
       0
       1
       0
       1
       0
       0
       0
       1
       0
       0
       0
       1
       0
       1
       0
       0
       0
       0
       0
       0
       2
       1
       1
       0
       0
       0
       0
       2
       0
       0
       0
       1
       1
       0
       1
       0
       1
       0
       0
       0
       1
       0
       0
       1
       0
       0
       0
       0
       0
       0
       1
       0
       0
       0
       0
       1
       0
       1
       0
       0
       0
       1
       0
       0
       0
       0
       1
       0
       0
       2
       0
       0
       0
       0
       0
       0
       0
       2
       0
       0
       0
       1
       0
       1
       1
       0
       0
       0
       1
       1
       1
       0
       0
       0
       1
       0
       0
       0
       0
       0
       0
       0
       0
       0
       0
       0
       1
       0
       1
       0
       0
       1
       0
       0
       1
       2
       1
       1
       1
       0
       0
       0
       0
       0
       0
       1
       0
       0
       0
       0
       0
       0
       0
       0
       0
       0
       0
       0
       1
       1
       0
       1
       1
       0
       1
       1
       0
       0
       0
       0
       0
       1
       0
       0
       0
       1
       0
       0
       0
       0
       0
       0
       0
       0
       0
       0
       0
       0
       0
       0
       0
       0
       0
       0
       0
       0
       0
       0
       0
       0
       0
       0
       0
       0
       0
       0
       0
       0
       0
$ROI:
3
162 224
345 375
1304 1586
$PRESETS:
Live Time
1200
0
$ENER_FIT:
0.000000 0.359353
$MCA_CAL:
3
0.000000E+000 3.593530E-001 0.000000E+000 keV
$SHAPE_CAL:
3
0.000000E+000 0.000000E+000 0.000000E+000
