$SPEC_ID:
This is sample 301.
$SPEC_REM:
DET# 1
DETDESC# DIP1456 PCI-Trump SN 253
AP# Maestro Version 7.01
$DATE_MEA:
02/05/2025 09:35:53
$MEAS_TIM:
1200 1235
$DATA:
0 2047
       0
       0
       0
       0
       0
       0
       0
       0
       0
       0
       0
       0
       0
       0
       0
       0
       1
       1
       5
       4
       3
       3
       4
       6
      12
       6
       9
      21
      16
      17
      13
      14
      19
      14
      28
      22
      17
      13
      27
      18
      18
      10
      29
       8
      13
      12
      15
      20
      12
      13
      12
      14
      21
      17
      15
      16
      21
      10
      22
      19
      21
      20
      22
      12
      22
      26
      13
      27
      11
      20
      15
      17
      19
      13
      17
      18
      18
      14
      16
      15
      17
      18
      19
      16
      23
      19
      10
      18
      21
      15
      16
      22
      19
      17
      19
      18
      12
      26
      19
      18
      23
      19
      18
      25
      16
      19
      13
      31
      19
      13
      18
      26
      21
      30
      24
      20
      15
      31
      21
      16
      19
      26
      19
      24
      19
      20
      22
      19
      22
      26
      21
       9
      18
      27
      17
      15
      18
       8
      20
      25
      13
      19
      19
      24
      22
      30
      21
      15
      14
      20
      10
      23
      20
      18
      21
      19
      20
      22
      23
      27
      23
      23
      19
      23
      27
      25
      18
      29
       9
      26
      26
      19
      12
      23
      19
      27
      26
      17
      19
      22
      24
      18
      17
      21
      16
      23
      25
      21
      19
      20
      13
      30
      14
      25
      20
      17
      18
      10
      15
      18
      28
      19
      25
      19
      22
      15
      17
      10
      23
      17
      24
      20
      22
      30
      20
      18
      15
      26
      15
      32
      24
      22
      28
      20
      25
      19
      18
      17
      19
      21
      22
      31
      25
      19
      29
      22
      16
      17
      21
      16
      14
      16
      21
      14
      20
      22
      25
      25
      25
      25
      25
      23
      17
      28
      19
      14
      24
      17
      29
      10
      20
      20
      29
      12
      24
      19
      23
      17
      18
      21
      19
      25
      19
      23
      23
      21
      13
      26
      26
      25
      15
      14
      26
      15
      27
      25
      18
      20
      26
      20
      19
      21
      25
      26
      22
      23
      22
      15
      17
      13
      17
      20
      20
      24
      17
      20
      30
      25
      24
      24
      26
      26
      22
      26
      14
      17
      19
      28
      19
      16
      16
      17
      23
      26
      17
      11
      27
      23
      22
      19
      15
      27
      16
      16
      20
      19
      23
      27
      19
      22
      16
      20
      22
      17
      32
      13
      25
      17
      25
      18
      18
      24
      21
      26
      29
      15
      25
      24
      28
      18
      20
      16
      29
      28
      18
      26
      24
      22
      22
      25
      18
      22
      21
      25
      21
      25
      22
      19
      26
      21
      18
      26
      24
      19
      21
      18
      24
      22
      19
      20
      25
      18
      15
      13
      20
      30
      17
      20
      22
      23
      19
      18
      21
      18
      20
      26
      19
      23
      19
      27
      30
      22
      24
      12
      22
      27
      18
      27
      19
      31
      25
      17
      25
      16
      13
      23
      20
      20
      14
      16
      18
      20
      24
      28
      16
      16
      26
      20
      16
      22
      12
      16
      21
      23
      21
      32
      18
      17
      25
      14
      18
      15
      15
      20
      26
      22
      20
      23
      23
      24
       9
      18
      22
      24
      27
      23
      13
      23
      20
      26
      20
      25
      21
      21
      20
      19
      17
      22
      27
      20
      24
      18
      20
      30
      25
      29
      19
      27
      24
      23
      18
      24
      17
      25
      29
      17
       7
      18
      22
      25
      27
      21
      11
      28
      20
      21
      21
      23
      20
      23
      22
      16
      21
      17
      23
      32
      30
      28
      23
      26
      24
      25
      26
      25
      18
      16
      24
      21
      24
      15
      21
      24
      17
      22
      18
      27
      23
      26
      27
      24
      25
      16
      25
      23
      18
      20
      25
      15
      26
      22
      14
      16
      20
      21
      22
      22
      29
      16
      23
      27
      22
      19
      17
      29
      23
      22
      24
      21
      15
      17
      24
      23
      14
      15
      18
      17
      11
      17
      20
      11
      24
      24
      19
      21
      29
      17
      23
      25
      20
      28
      18
      17
      18
      22
      18
      23
      27
      20
      12
      28
      19
      23
      23
      23
      17
      19
      10
      29
      25
      17
      17
      18
      18
      22
      19
      16
      16
      30
      20
      25
      26
      25
      20
      20
      23
      24
      21
      23
      26
      13
      19
      17
      25
      19
      24
      19
      24
      23
      23
      26
      24
      21
      31
      22
      20
      26
      15
      22
      28
      25
      26
      23
      30
      14
      29
      24
      20
      19
      21
      21
      13
      20
      26
      19
      21
      23
      21
      21
      13
      28
      22
      25
      19
      22
      19
      15
      19
      19
      25
      20
      15
      16
      12
      21
      14
      30
      28
      30
      13
      22
      15
      19
      15
      25
      18
      21
      18
      19
      16
      24
      20
      15
      16
      18
      22
      17
      24
      19
      17
      18
      18
      20
      16
      15
      14
      18
       7
      21
      21
      19
      15
      14
      21
      21
      25
      18
      22
      19
      20
      14
      29
      16
      18
      20
      22
      25
      17
      19
      17
      17
      23
      20
      16
      16
      20
      27
      30
      21
      13
      26
      15
      23
      22
      19
      17
      22
      20
      20
      21
      15
      20
      12
      20
      22
      25
      21
      18
      22
      21
      25
      17
      22
      26
      25
      15
      15
      20
      14
      23
      16
      29
      28
      24
      16
      21
      22
      21
      19
      30
      17
      25
      27
      20
      15
      26
      25
      23
      21
      25
      18
      22
      21
      18
      18
      20
      18
      17
      20
      23
      15
      30
      25
      26
      25
      20
      19
      23
      25
      13
      21
      13
      23
      19
      23
      25
      22
      19
      21
      20
      17
      21
      15
      17
      22
      17
      17
      18
      13
      24
      24
      20
      16
      25
      31
      23
      18
      23
      22
      23
      29
      20
      25
      29
      19
      30
      23
      16
      23
      19
      20
      20
      26
      17
      25
      23
      26
      24
      16
      17
      16
      26
      19
      18
      20
      26
      21
      17
      22
      18
      13
      15
      29
      25
      31
      19
      15
      25
      15
      19
      26
      16
      31
      18
      17
      21
      18
      24
      23
      18
      17
      28
      15
      28
      17
      25
      20
      21
      33
      16
      11
      18
      19
      17
      17
       7
      15
      18
      20
       8
      15
      17
      16
      18
      14
       8
      14
      12
      16
      12
       9
      16
      14
       9
      11
      17
       9
       7
      11
      14
       6
      15
       7
       8
       3
       7
       8
       6
      16
       6
       7
       8
       6
      11
      13
      11
       4
       5
      10
      11
       7
       3
       5
      14
       3
       7
      11
      10
       8
       5
       8
      10
      10
       6
       9
       3
       8
       9
      10
       7
       5
      11
       5
       6
       2
       6
       7
      10
       7
       5
       7
       7
       1
       9
       7
       0
       6
       3
       7
       3
       7
       5
       2
       2
       6
       1
       6
       3
       4
       3
       2
       5
       5
       2
       4
      11
       5
       2
       3
       4
       2
       6
       2
       5
       3
       5
       3
       2
       2
       3
       5
       6
       3
       3
       7
       3
       3
       2
       1
       5
       1
       1
       1
       4
       2
       2
       6
       2
       5
       6
       6
       4
       1
       4
       1
       2
       0
       2
       2
       3
       3
       4
       4
       4
       3
       2
       5
       0
       2
       2
       3
       2
       1
       2
       2
       0
       1
       2
       3
       2
       5
       3
       2
       3
       1
       2
       3
       5
       0
       1
       2
       4
       1
       1
       0
       1
       2
       3
       2
       2
       1
       6
       2
       1
       2
       2
       2
       3
       5
       1
       2
       1
       2
       3
       0
       4
       1
       1
       1
       1
       6
       1
       4
       2
       2
       0
       0
       2
       2
       3
       2
       0
       1
       3
       1
       3
       3
       2
       1
       0
       3
       2
       3
       1
       1
       1
       1
       2
       4
       1
       0
       2
       0
       0
       4
       0
       1
       2
       2
       2
       2
       1
       2
       5
       0
       1
       0
       2
       1
       0
       1
       3
       0
       1
       2
       2
       3
       1
       1
       2
       1
       3
       2
       3
       1
       2
       1
       3
       0
       2
       2
       3
       0
       1
       0
       1
       1
       1
       0
       2
       3
       0
       3
       2
       2
       3
       2
       1
       0
       0
       1
       2
       2
       1
       3
       1
       2
       4
       4
       1
       0
       0
       1
       4
       2
       1
       0
       1
       0
       4
       3
       1
       4
       0
       1
       3
       0
       1
       1
       3
       0
       7
       3
       3
       1
       2
       4
       2
       2
       0
       1
       2
       1
       4
       0
       0
       0
       1
       1
       1
       1
       1
       2
       1
       1
       3
       2
       4
       4
       4
       1
       2
       3
       0
       1
       5
       1
       5
       1
       4
       2
       0
       4
       1
       3
       2
       1
       3
       2
       4
       3
       1
       3
       3
       5
       3
       2
       3
       6
       4
       4
       7
       7
      10
       6
       6
       9
       5
       4
       8
       8
       5
      12
       6
      15
       8
      11
      14
       8
      20
      17
      17
      24
      14
      15
      22
      23
      25
      30
      25
      25
      32
      24
      30
      29
      27
      33
      26
      44
      47
      39
      46
      44
      46
      63
      57
      68
      66
      56
      71
      66
      76
      74
      88
      88
      92
      98
      89
      96
      86
     100
     111
     127
      88
     122
     112
     119
     122
     117
     134
     150
     151
     137
     164
     132
     171
     150
     194
     171
     182
     181
     203
     197
     190
     213
     218
     190
     224
     236
     211
     228
     221
     280
     245
     241
     239
     243
     254
     226
     278
     243
     283
     279
     271
     278
     266
     277
     285
     286
     284
     317
     295
     278
     326
     316
     333
     288
     294
     311
     318
     339
     296
     301
     310
     322
     328
     291
     298
     339
     322
     312
     323
     287
     296
     295
     322
     293
     296
     311
     315
     290
     293
     269
     299
     286
     300
     289
     306
     276
     269
     239
     275
     259
     266
     256
     277
     254
     246
     228
     230
     257
     256
     220
     210
     193
     208
     188
     206
     198
     211
     194
     197
     185
     178
     161
     168
     147
     143
     112
     153
     134
     140
     131
     124
     100
     116
     113
     118
     109
     100
      89
      97
      89
      88
      69
      91
      79
      64
      77
      72
      79
      53
      59
      68
      54
      59
      52
      46
      59
      45
      36
      33
      42
      28
      47
      31
      27
      18
      32
      30
      19
      16
      25
      16
      18
      22
      11
      13
      11
      16
      14
      14
      11
      19
      14
       7
       6
      10
      10
      11
       6
      13
       6
       8
       6
       7
       4
       2
       2
       4
       3
       4
       1
       3
       2
       5
       1
       5
       0
       3
       3
       3
       2
       2
       2
       0
       2
       3
       1
       0
       0
       1
       1
       0
       0
       3
       2
       1
       1
       3
       1
       1
       0
       3
       2
       1
       1
       1
       0
       0
       2
       1
       0
       0
       1
       3
       2
       0
       0
       0
       2
       0
       0
       0
       0
       1
       4
       0
       1
       1
       0
       0
       0
       0
       0
       0
       0
       0
       0
       0
       0
       2
       0
       0
       0
       2
       0
       0
       0
       1
       0
       0
       0
       0
       0
       1
       1
       0
       0
       1
       0
       1
       0
       1
       1
       0
       0
       0
       1
       0
       1
       1
       2
       0
       0
       0
       1
       0
       0
       1
       1
       0
       0
       0
       0
       2
       0
       1
       0
       0
       0
       1
       1
       0
       0
       1
       1
       0
       0
       0
       0
       2
       1
       0
       1
       0
       0
       4
       1
       0
       0
       0
       0
       0
       2
       0
       0
       0
       1
       0
       1
       0
       0
       0
       0
       0
       0
       2
       0
       0
       1
       0
       2
       2
       0
       0
       0
       0
       0
       0
       0
       0
       2
       1
       0
       0
       0
       0
       0
       0
       0
       2
       1
       1
       0
       2
       1
       0
       1
       2
       1
       0
       0
       2
       0
       1
       0
       1
       0
       0
       0
       0
       1
       4
       0
       0
       1
       0
       1
       0
       1
       0
       1
       0
       1
       1
       0
       0
       0
       1
       1
       1
       1
       0
       0
       2
       1
       0
       0
       0
       0
       0
       0
       0
       0
       1
       0
       0
       1
       0
       0
       1
       1
       0
       0
       1
       0
       0
       1
       0
       0
       1
       0
       0
       0
       0
       0
       0
       0
       1
       0
       0
       0
       0
       0
       1
       1
       1
       0
       0
       0
       0
       2
       0
       0
       1
       0
       0
       1
       0
       0
       0
       2
       0
       0
       0
       0
       0
       0
       0
       0
       0
       0
       0
       1
       2
       0
       0
       1
       0
       0
       0
       0
       0
       0
       0
       1
       0
       0
       1
       0
       0
       0
       0
       0
       0
       0
       0
       0
       0
       1
       0
       0
       0
       0
       1
       0
       1
       0
       0
       0
       0
       0
       0
       0
       0
       0
       0
       0
       1
       0
       0
       0
       0
       0
       0
       0
       0
       0
       0
       0
       0
       0
       1
       0
       0
       0
       0
       0
       0
       0
       1
       1
       2
       0
       0
       0
       1
       1
       0
       1
       0
       2
       1
       0
       0
       0
       0
       1
       0
       0
       0
       0
       0
       0
       1
       0
       0
       0
       1
       0
       0
       1
       1
       0
       0
       0
       0
       1
       0
       0
       0
       0
       1
       0
       1
       4
       0
       0
       0
       2
       0
       0
       0
       0
       1
       1
       0
       2
       0
       0
       0
       1
       2
       0
       0
       0
       1
       0
       1
       0
       0
       0
       1
       0
       1
       0
       2
       1
       0
       0
       0
       0
       0
       0
       0
       0
       0
       0
       0
       0
       0
       0
       2
       0
       0
       0
       1
       1
       1
       0
       0
       0
       0
       0
       0
       0
       0
       1
       1
       0
       1
       0
       0
       0
       2
       0
       0
       0
       0
       0
       1
       0
       0
       0
       0
       0
       0
       0
       0
       0
       0
       0
       0
       0
       0
       0
       0
       0
$ROI:
3
162 224
345 375
1304 1586
$PRESETS:
Live Time
1200
0
$ENER_FIT:
0.000000 0.359353
$MCA_CAL:
3
0.000000E+000 3.593530E-001 0.000000E+000 keV
$SHAPE_CAL:
3
0.000000E+000 0.000000E+000 0.000000E+000
