$SPEC_ID:
This is sample 061.
$SPEC_REM:
DET# 1
DETDESC# DIP1456 PCI-Trump SN 253
AP# Maestro Version 7.01
$DATE_MEA:
02/01/2025 16:35:14
$MEAS_TIM:
1200 1235
$DATA:
0 2047
       0
       0
       0
       0
       0
       0
       0
       0
       0
       0
       0
       0
       0
       0
       0
       0
       0
       3
       1
       3
       3
       6
       3
       4
       6
      13
      13
      10
      10
      14
      18
      17
      16
      13
      27
      19
      13
      22
      18
      17
      16
      19
      19
      15
      19
      16
      21
      15
      18
      21
      22
      17
      15
      14
      17
      17
      24
      20
      20
      16
      16
      16
      21
      20
      19
      23
      15
      15
      19
      20
      14
      23
      24
      14
      14
      14
      15
      12
      22
      19
       9
      15
      15
      15
      19
      12
      19
      21
      16
      15
      32
      17
      22
      22
      20
      15
      12
      17
      17
      16
      19
      21
      23
      31
      18
      23
      16
      21
      13
      16
      12
      17
      23
      32
      16
      16
      20
      14
      16
      22
      21
      13
      16
      16
      18
      22
      19
      21
      20
      15
      15
      15
      21
      19
      22
      24
      24
      21
      16
      13
      19
      20
      21
      13
       9
      21
      19
      20
      20
      15
      27
      30
      16
      16
      23
      17
      18
      23
      14
      28
      20
      22
      24
      26
      16
      23
      15
      19
      14
      16
      21
      21
      19
      24
      18
      15
       8
      19
      10
      17
      19
      22
      16
      20
      19
      20
      21
      20
      20
      16
      25
      21
      18
      15
      24
      14
      20
      18
      19
      11
      25
      22
      22
      19
      18
      19
      18
      14
      26
      23
      18
      24
      26
      20
      15
      22
      20
      11
      21
      20
      26
      23
      24
      24
      17
      16
      22
      16
      14
      25
      34
      21
      20
      17
      15
      14
      18
      22
      30
      21
      20
      23
      15
      20
      19
      15
      18
      21
      28
      29
      12
      23
      22
      23
      30
      21
      19
      22
      15
      18
      17
      15
      20
      24
      26
      22
       7
      16
      25
      23
      18
      16
      16
      24
      14
      16
      21
      18
      14
      20
      21
      21
      15
      20
      22
      17
      24
      18
      17
      18
      24
      15
      20
      21
      24
      22
      18
      14
      19
      25
      30
      23
      24
      16
      23
      24
      16
      19
      24
      13
      22
      16
      17
      18
      23
      19
      21
      21
      14
      15
      16
      18
      22
      11
      21
      23
      26
      19
      24
      20
      27
      30
      24
      19
      30
      22
      29
      15
      26
      18
      16
      12
      24
      11
      22
      17
      21
      21
      26
      17
      20
      20
      27
      14
      31
      21
      22
      10
      13
      13
      22
      21
      23
      14
      22
      20
      24
      17
      20
      29
      19
      15
      21
      18
      23
      22
      18
      28
      19
      23
      23
      29
      25
      21
      17
      12
      23
      17
      22
      23
      25
      24
      18
      25
      17
      15
      14
      24
      16
      21
      22
      20
      24
      18
      24
      31
      12
      17
      21
      19
      21
      16
      18
      25
      22
      18
      23
      22
      23
      27
      23
      20
      22
      14
      22
      25
      14
      21
      23
      23
      24
      12
      29
      23
      16
      20
      14
      22
      26
      35
      22
      22
      19
      20
      28
      16
      26
      22
      22
      15
      20
      19
      19
      24
      23
      25
      23
      12
      22
      27
      11
      26
      26
      18
      26
      15
      22
      24
      21
      18
      24
      25
      18
      26
      20
      19
      23
      17
      30
      15
      19
      20
      17
      19
      22
      23
      19
      16
      22
      23
      19
      20
      19
      19
      21
      31
      26
      29
      23
      18
      23
      26
      22
      19
      24
      20
      20
      21
      17
      18
      19
      24
      32
      15
      23
      32
      27
      17
      21
      25
      24
      30
      21
      26
      25
      20
      27
      20
      25
      19
      23
      17
      19
      32
      21
      16
      24
      21
      18
      12
      21
      14
      22
      30
      16
      32
      20
      21
      20
      21
      18
      26
      27
      11
      22
      24
      20
      15
      24
      17
      17
      31
      20
      20
      20
      23
      13
      15
      24
      19
      26
      20
      21
       8
      24
      17
      20
      31
      19
      20
      26
      18
      21
      32
      14
      23
      24
      18
      19
      23
      16
      18
      18
      16
      21
      19
      24
      22
      20
      25
      25
      20
      17
      19
      26
      25
      27
      18
      27
      23
      18
      17
      22
      25
      28
      18
      18
      17
      16
      24
      20
      22
      21
      18
      19
      29
      22
      23
      14
      15
      16
      18
      21
      23
      25
      15
      20
      18
      20
      19
      16
      31
      21
      15
      31
      18
      27
      20
      17
      17
      22
      24
      18
      18
      24
      20
      18
      26
      23
      15
      24
      18
      20
      28
      21
      20
      16
      13
      25
      23
      14
      26
      19
      16
      25
      19
      23
      27
      17
      18
      20
      21
      29
      24
      22
      21
      21
      24
      18
      15
      19
      16
      19
      23
      22
      22
      19
      34
      15
      13
      17
      19
      18
      13
      16
      24
      26
      19
      21
      30
      20
      21
      31
      14
      13
      12
      20
      25
      17
      21
      23
      28
      17
      18
      12
      15
      12
      11
      27
      15
      17
      21
      20
      19
      19
      22
      23
      25
      16
      21
      26
      16
      22
      22
      20
      18
      24
      18
      23
      16
      19
      17
      18
      17
      19
      23
      24
      20
      25
      17
      14
      23
      20
       7
      15
      18
      23
      22
      28
      17
      30
      20
      17
      19
      22
      23
      27
      17
      27
      14
      21
      26
      16
      16
      21
      24
      17
      19
      23
      25
      20
      29
      26
      32
      26
      21
      14
      24
      22
      14
      22
      13
      15
      15
      16
      24
      21
      18
      26
      18
      19
      20
      17
      24
      16
      16
      23
      17
      20
      23
      13
      20
      25
      19
      33
      23
      36
      14
      13
      26
      26
      17
      21
      24
      18
      20
      26
      22
      19
      23
      24
      20
      18
      20
      15
      21
      18
      25
      15
      31
      27
      23
      20
      21
      30
      22
      15
      24
      22
      22
      22
      19
      23
      23
      19
      21
      21
      21
      31
      20
      26
      24
      26
      21
      22
      22
      23
      20
      26
      27
      21
      21
      21
      22
      25
      26
      18
      28
      23
      16
      21
      12
      19
      17
      25
      26
      11
      29
      22
      15
      15
      17
      26
      15
      15
      21
      13
      16
      20
      20
      20
      17
      16
      21
      16
      14
      12
      15
      20
      17
      19
      19
      19
      17
      17
      12
      18
      18
      18
      15
      14
      12
       8
      15
      19
      14
      19
       9
      11
      13
      11
      16
      11
      16
      11
      12
      11
       9
      13
       8
       9
      11
      14
       8
       8
       4
       9
       9
      10
      18
       7
       8
       8
       6
      12
       7
      13
      13
       3
       4
       4
       4
       5
       9
      10
       3
       8
       6
      12
       7
       7
       6
       7
       7
       4
       6
       5
       3
       4
       4
      10
       3
       5
       5
       4
       1
       8
       1
       5
       6
       4
       2
       6
       2
       6
       3
       3
       4
       5
       7
       3
       4
       6
       8
       2
       5
       4
       9
       2
       3
       3
       4
       2
       4
       2
       5
       3
       3
       8
      10
       4
       4
       3
       5
       2
       2
       4
       6
       7
       5
       5
       1
       1
       7
       3
       5
       5
       1
       3
       3
       3
       2
       5
       4
       3
       4
       6
       3
       5
       2
       2
       2
       2
       3
       5
       0
       2
       3
       3
       1
       6
       2
       6
       3
       2
       2
       3
       1
       1
       0
       3
       2
       0
       1
       2
       2
       1
       3
       2
       4
       1
       1
       1
       2
       2
       2
       2
       2
       1
       6
       0
       2
       2
       3
       4
       3
       1
       4
       2
       2
       0
       2
       0
       1
       0
       0
       4
       1
       3
       1
       1
       4
       1
       1
       2
       1
       0
       4
       1
       0
       2
       2
       1
       2
       1
       1
       0
       1
       0
       3
       1
       3
       1
       2
       1
       2
       3
       2
       0
       0
       2
       2
       1
       1
       1
       2
       0
       1
       1
       3
       0
       0
       0
       1
       0
       4
       1
       2
       2
       1
       4
       2
       2
       0
       3
       1
       1
       2
       1
       0
       2
       1
       4
       3
       3
       1
       0
       2
       2
       0
       2
       2
       2
       3
       2
       2
       3
       1
       2
       2
       1
       1
       3
       0
       1
       5
       3
       3
       1
       1
       2
       3
       0
       2
       2
       4
       1
       0
       1
       2
       1
       2
       2
       2
       1
       1
       1
       3
       0
       1
       5
       1
       4
       4
       0
       0
       1
       0
       0
       2
       1
       4
       2
       4
       3
       1
       2
       1
       0
       1
       0
       0
       2
       2
       1
       1
       0
       1
       5
       4
       1
       3
       4
       1
       2
       3
       1
       2
       2
       0
       2
       2
       3
       2
       2
       1
       3
       1
       2
       1
       1
       1
       5
       2
       1
       5
       3
       6
       1
       3
       3
       2
       6
       6
       4
       1
       2
       1
       5
       5
       5
       4
       4
       3
       6
       5
       7
       5
       6
       6
      10
       7
       8
      14
       9
      14
      11
      16
      17
      24
      22
      15
      25
      12
      21
      24
      24
      19
      32
      17
      29
      30
      26
      33
      49
      36
      39
      39
      36
      40
      52
      45
      49
      37
      64
      67
      60
      55
      68
      58
      89
      69
      79
      74
      91
      92
     100
     106
      94
     106
      88
     104
     107
     114
     115
     135
     133
     133
     130
     130
     135
     142
     169
     148
     158
     180
     162
     179
     188
     197
     182
     219
     180
     193
     213
     205
     203
     221
     234
     221
     202
     228
     241
     259
     229
     243
     257
     240
     257
     264
     285
     273
     302
     291
     272
     284
     270
     286
     273
     303
     283
     279
     297
     319
     282
     289
     304
     303
     343
     302
     330
     309
     319
     298
     326
     306
     321
     368
     326
     300
     305
     322
     297
     333
     315
     282
     319
     306
     300
     298
     296
     266
     278
     282
     301
     291
     284
     269
     286
     276
     265
     277
     268
     255
     266
     265
     240
     227
     234
     255
     231
     222
     229
     247
     214
     190
     193
     208
     185
     205
     193
     186
     195
     165
     150
     149
     150
     144
     150
     157
     126
     147
     124
     142
     115
     114
     118
     110
     104
     102
     102
     109
      85
      85
      94
      80
      78
      73
      66
      73
      67
      76
      55
      52
      49
      50
      50
      44
      43
      44
      33
      43
      33
      39
      48
      23
      28
      21
      30
      26
      30
      31
      24
      35
      15
      14
       8
      17
      22
      13
      14
      15
      11
      10
      12
      19
      14
       6
       8
       6
      13
       5
       6
       6
       7
       5
      11
       7
       4
       8
       5
       4
       4
       3
       4
       4
       4
       6
       1
       2
       3
       1
       4
       2
       2
       1
       2
       0
       3
       1
       0
       1
       2
       2
       0
       1
       2
       1
       0
       1
       0
       0
       3
       0
       0
       0
       0
       1
       0
       0
       1
       2
       1
       0
       0
       2
       1
       0
       0
       0
       1
       0
       0
       2
       0
       0
       2
       4
       0
       0
       1
       0
       1
       1
       0
       0
       0
       2
       1
       0
       0
       1
       0
       1
       1
       0
       0
       1
       1
       0
       0
       0
       0
       0
       1
       1
       1
       0
       0
       0
       1
       0
       0
       0
       3
       0
       0
       2
       0
       0
       1
       0
       1
       1
       0
       1
       0
       0
       0
       0
       2
       0
       1
       0
       1
       0
       0
       1
       1
       1
       1
       1
       0
       1
       0
       1
       1
       0
       2
       0
       0
       0
       1
       3
       1
       2
       0
       3
       1
       2
       0
       0
       1
       0
       1
       1
       0
       2
       0
       2
       0
       2
       0
       1
       1
       0
       2
       0
       0
       0
       1
       1
       0
       0
       3
       0
       0
       2
       1
       1
       2
       1
       0
       1
       0
       0
       0
       1
       1
       1
       0
       0
       0
       0
       0
       0
       0
       1
       0
       0
       0
       0
       1
       1
       0
       1
       0
       0
       0
       1
       0
       0
       0
       0
       0
       1
       1
       1
       0
       0
       1
       0
       1
       0
       0
       0
       1
       0
       0
       1
       1
       0
       2
       0
       0
       0
       0
       0
       0
       2
       0
       2
       2
       0
       0
       0
       2
       2
       0
       0
       1
       0
       0
       1
       0
       0
       1
       2
       0
       1
       0
       0
       0
       1
       0
       0
       2
       0
       0
       1
       0
       0
       0
       0
       1
       1
       0
       0
       0
       0
       0
       0
       1
       1
       3
       0
       0
       0
       0
       0
       0
       0
       0
       1
       0
       1
       0
       0
       1
       1
       0
       1
       0
       0
       0
       0
       1
       1
       1
       1
       1
       0
       0
       1
       0
       1
       0
       0
       0
       0
       0
       0
       2
       0
       0
       1
       0
       1
       0
       0
       0
       0
       0
       0
       1
       0
       0
       0
       0
       0
       0
       1
       1
       1
       2
       0
       0
       0
       0
       1
       0
       0
       2
       0
       0
       0
       0
       0
       1
       0
       0
       0
       0
       1
       0
       0
       1
       0
       0
       0
       1
       0
       0
       0
       0
       1
       0
       1
       0
       0
       0
       0
       0
       0
       0
       0
       1
       0
       0
       1
       1
       1
       0
       1
       0
       0
       0
       0
       0
       0
       0
       0
       1
       0
       0
       0
       1
       0
       0
       0
       1
       0
       1
       0
       0
       0
       0
       1
       0
       0
       0
       0
       0
       0
       0
       0
       1
       1
       0
       0
       1
       0
       0
       0
       0
       2
       0
       0
       1
       0
       1
       0
       0
       1
       1
       1
       0
       0
       0
       0
       0
       0
       0
       1
       0
       1
       2
       0
       0
       0
       0
       1
       0
       2
       0
       1
       0
       0
       0
       1
       0
       0
       0
       0
       1
       0
       0
       0
       0
       0
       0
       1
       3
       0
       0
       0
       0
       0
       0
       0
       0
       0
       0
       0
       0
       0
       0
       0
       0
       0
       0
       0
       0
       0
       0
       0
       0
       0
$ROI:
3
162 224
345 375
1304 1586
$PRESETS:
Live Time
1200
0
$ENER_FIT:
0.000000 0.359353
$MCA_CAL:
3
0.000000E+000 3.593530E-001 0.000000E+000 keV
$SHAPE_CAL:
3
0.000000E+000 0.000000E+000 0.000000E+000
