Number of photons that left the target: 825487
Number of photons that interacted with the target: 636120
Number of photons that interacted with the target (2nd): 326392
Number of photons that interacted with the target (3rd): 158310
Number of photons that interacted with the target (4th): 67453
Number of photoelectric interactions: 29519
Number of photoelectric interactions (2nd): 57108
Number of photoelectric interactions (3rd): 54477
Number of photoelectric interactions (4th): 33409
Number of Compton interactions: 606601
Number of Compton interactions (2nd): 269284
Number of Compton interactions (3rd): 103833
Number of Compton interactions (4th): 34044
Number of photons that reached the detector: 480
Number of photons observed by the detector: 348
Detected Energies:
260.65663143841886
243.91599030597857
239.62504211868583
99.42029891224583
219.34485285514165
246.52725023208185
251.59069948852635
12.31096303088061
53.515019222584286
158.8415047145221
252.1218831872769
261.8680849459966
121.57031764614186
188.06643074083783
126.49308873463046
5.44645449982625
253.82663471703174
231.27266972637867
40.82461653738764
247.80581028503724
249.7546743027271
15.503276703842662
7.175229858887993
277.2775352951172
254.34221256371617
246.61279220146795
262.9112207394561
128.92300586194864
255.91313032514773
26.969415236171773
273.6760666248295
124.59009776441152
241.22477451086417
267.57286830239883
266.83343839730867
35.62952031298394
241.49121101366867
259.8898959258605
132.69611582216004
267.27783049152373
265.6757802609823
233.4618330370615
255.0442444417813
249.72180839607387
250.29106062716045
256.7363803702382
245.04818892899553
117.94806672134025
267.3918145020478
117.62061614454589
260.7503272967366
235.56710584972336
233.99043027079512
257.4814221109374
260.46985264627494
115.52000325654362
249.69640730817946
94.93905245387376
247.99462929685413
22.56156190153052
254.85303947649953
264.5798944978055
261.7651920706368
13.201551082675977
259.67157194831134
257.2767840715967
154.1369833730886
157.56532298545318
250.83454890345212
5.798185569788564
249.0954174534336
239.93584384869956
269.8231498916126
112.59106694653116
258.57978085796657
259.4977954576061
66.31118973905681
259.38950841637273
260.2494610171866
161.91077534066102
249.09958284616357
266.9604624127954
198.5110945504504
249.18616509616288
255.90316807924947
270.24856827379176
216.72631930020088
252.92591389463539
158.10027522372823
246.4452696402945
186.9978043468702
265.2430064682103
67.65406319157997
251.49624192223598
22.70584127044333
126.71455185612388
62.80262082069471
250.6454614535312
64.39262794259804
158.42730903609933
260.947855305012
257.74846741151714
1.4938123289628973
263.6941264158198
256.2244581380801
242.62751899800733
5.721715271229011
20.84397280130514
155.03669635411467
252.06116880296963
266.2293069836164
154.9808449771864
262.57189161659363
256.54819299217274
242.57727443187161
16.512571331527614
156.09544712298316
255.42033571663322
116.38126233188163
57.57072041584163
258.88478511990377
16.274887327330973
119.16589815823302
29.708941420941343
211.94433910850813
261.8620312388905
144.57657732240506
244.31861978305326
164.48024027096568
259.0018588270749
265.92770421584856
226.66479720445383
235.60071243248387
249.55422868246345
10.429594312570853
1.919790354369689
259.5079727732392
257.267068325993
269.79413062018864
15.108125215350661
136.90122341283575
0.2440345278053238
254.92544204127378
239.90926023381303
251.55886311040243
268.0745573029335
134.8196898459671
258.248734182501
267.2130378882108
263.976359425672
97.51103355696814
263.55198343252334
259.74493570777975
247.40979291414385
252.05597521124716
127.46099599982414
249.34519479864423
256.727433211457
25.2021046825859
201.9792612700584
10.89328106697432
267.9329312222981
265.93606151561943
152.17291763726232
0.1099206681915748
33.724005285248865
260.79437893028495
40.883228612418904
104.25768856862301
247.45876165253566
1.8045248555255216
259.1095429793552
122.47588896462815
1.6350865463042525
222.59117312309866
207.4311951992171
251.97781973212528
252.891257205549
261.16869131080216
152.07883673770746
248.97039284353855
219.26540276033458
87.95706908717509
251.29472947072617
120.6191414876805
251.7835136401802
119.35679027480714
143.22062665761152
276.7669634091503
244.25643436578088
143.92356704797302
257.37729423890914
267.00620472230247
132.09668108363385
27.927818131348378
244.60469578913157
256.0947661950358
233.5530362527357
262.7847345401217
38.25329635750521
259.6857333356524
154.25319321681934
8.665126628898618
266.4778224795162
132.058385286973
224.42342163225973
24.483991786705626
264.6665731723071
182.07185235570677
275.40627966371505
6.202737164363939
261.8083181532328
257.780849534242
89.9487381103916
262.8555842378791
259.4398791649096
254.40050641747519
116.7489025463718
244.02137328288768
141.45233610373657
247.00449854172928
146.7905868030905
206.11195859751376
232.7369179387844
111.94382284732062
0.2982813437164599
50.91626548692709
247.6513037742159
257.74118569368613
251.61683864733146
228.72739770369216
70.21112330611103
256.7270476423767
240.36879207173877
147.3989733192432
251.16424758798902
257.0838279886644
5.461960444820235
135.74942190293737
265.7774717691088
264.21009200566374
19.575336844804625
76.6682036577774
261.6630658598823
3.0570129287278744
266.5199686833692
63.01966436532909
196.1402608536888
17.074114500327536
251.63432008893736
267.66001585176275
0.6151197455376572
49.63821339142697
260.8449807105085
252.14007586389724
147.63577788601037
257.969465572871
238.42476459320434
245.0795608668585
261.63272463073787
203.70972573648152
242.87407963090092
256.59265323210644
150.7073671552041
248.76475336086338
115.69790399842935
263.7819119379637
105.08202297905055
209.03630299668174
104.21568675891294
250.25525898840158
257.9579324983962
126.86625147442128
127.18431689405793
24.72758522648708
266.2075846877519
250.6601986332792
258.2094295588757
124.26010483365552
224.65176674434392
260.35250553003107
1.7763253303778774
268.33727885443506
102.8597421676856
211.25146727799492
263.78548857896465
240.88526831416715
267.76002960882727
231.8886808398949
258.8135875422509
131.98400339750793
246.3048475914764
259.9697558960838
280.84712169675674
119.69742901268297
249.65795077905014
213.10351786685305
269.4808958227289
254.3128859574455
9.865435321696756
250.35711887081635
270.43092457868283
255.91759452559234
260.8411142665972
205.57617832469387
162.52861766190784
150.3061636325195
256.8633327429861
251.78307194085798
261.2364662527436
11.976900107031524
270.8207717313119
264.7522240766381
266.99217172760683
11.501071267897977
261.00617791542635
250.49839207932942
268.50661214602286
154.24777485692522
37.171437155730416
245.27529060035624
223.8992312442403
155.07716296007848
269.06900420482276
250.48191073842918
244.69679514175706
4.052166481547132
241.89801659282125
155.22364287983416
256.201028338627
210.9438996192991
271.62452340391803
239.65029986224903
196.76983222530887
260.50497164167024
250.96283992739572
274.46484143694784
240.4403735197642
250.14786673650133
170.18122672443718
129.71400437117333
258.2056856317476
250.72233026630573
155.22143650615678
58.7704787223243
207.45379918938443
247.7303684715132
262.1003390936505
True Detected Energies:
259.65892363574295
250.5035490596574
238.7222579359756
97.71952871290401
222.5111452316234
243.47883202289805
249.23906973659655
12.154135228061534
53.965762934011195
162.03443086672314
265.3736384774517
252.1076822639842
126.30160266238751
191.52574337498982
128.63737530815743
5.410485125492926
250.09040138328044
251.23186041872336
41.89759080976049
249.39206362426265
257.28405979533085
15.204136088623187
7.037423582428261
262.9265909444255
252.62561401354935
247.95958779540217
260.2570202054565
130.8057459740848
258.49077441878205
27.166853726328384
266.25485721133515
128.9453579951513
246.2477844314739
264.56962636286164
257.71511276144815
35.545269760366665
229.90198500491329
250.50026071287036
133.49887115087608
260.6478957036489
266.9596792497693
235.95911802667493
266.8469929513421
250.81410818269603
245.6841070015873
253.09662822177467
258.67008060222054
118.00889675729528
258.6110424348255
127.56280645450478
256.1729123662878
241.60440246761934
238.33378609676458
261.5482095218151
249.8579878572644
113.81607124309514
258.788553623097
94.89466824691988
248.72842448938485
23.6317291560446
257.42952589973277
262.67938569513706
248.44264229748305
13.331852890982987
255.67985122427785
258.31601401202414
146.87874229677357
158.6129823929347
252.2566812323646
5.913754015166205
253.59978425235815
254.05829182117287
260.40199192783643
111.87664151772495
252.05904355910332
263.43566656773106
65.92648740284146
254.17647831092611
253.35047702553425
168.59449326105974
252.95756071555832
261.6883510800245
193.15206229675792
259.93511660325373
261.44452671843345
262.10319229754356
210.94164985927924
251.77198866192384
158.78717672043587
259.8877486208895
187.95902515117004
258.95454673869546
70.3383520986722
264.34802481563486
22.64471412935194
127.12481598227909
64.5657755484666
253.82779580605302
63.872634785139894
167.20089370113635
257.80038698543285
263.8722878255917
1.5170135423974216
260.78676972666483
247.40293121337623
255.64917004079595
5.879189773376851
21.24408295082341
151.1047060554308
247.9937380878403
258.2781986474987
158.2210745555152
254.40117370343367
254.49979449758155
250.2516094472158
16.084003107030455
145.83839163897832
249.59722539709304
117.32185400161214
54.48602157092532
252.6394144948022
15.950461176189606
121.559596947962
30.540599364419563
211.25470841760338
259.9107581437582
142.27770482037488
254.49245565982088
173.11002193251468
255.8793130789454
254.85282317489816
220.84614164358305
252.79322779638977
248.44901743865302
10.856364873770957
1.9484156489475026
258.88564707457783
261.27073937504946
257.0173903130993
14.791743471681173
136.41120680936157
0.24096974910014524
254.6013815074804
250.35586643037107
249.7950858074628
258.54656721997725
135.30704234381182
264.3434158120727
254.93157064627178
258.7798967799808
99.19720817780973
257.88545136958015
258.49108265375725
255.97691827240732
252.46005214914436
125.05401782259958
264.34388788338623
248.66472427650072
24.22052599554857
201.35339472759003
10.59146366545528
261.8293275729102
258.2252258730041
155.15635626261948
0.11641385714884223
31.924032778869787
262.8904733976587
41.603950481144864
100.43344045441617
251.98436853466686
1.776376559049936
252.25099333261772
122.30508852954873
1.6195580754366574
229.60398640577313
211.14286236562074
257.7063876274603
260.1911101509299
266.5858992781289
154.82838684667814
251.1667476396761
217.82502481741994
89.70946582937643
254.25267904129035
121.53888038118758
253.11138527203758
118.3374550330309
150.15837404370484
261.7178106165004
252.65496113982047
135.54281593419157
258.0524125039623
266.08460278745565
135.0676079142565
28.06198929810421
243.48950460600943
258.2112294487312
253.51587676226202
261.0966012041738
37.14369308053884
262.2021837353511
151.9258357359355
8.62507606823823
264.8888703281875
133.49425775320609
229.7392037124449
24.67166472879947
258.5105492758374
178.29324541237366
253.76255610755032
5.884835936325089
252.3575332812994
255.7868086071511
92.40143732141541
250.01206082498487
255.40216006687524
248.5360106508474
118.04126037866351
252.2460077765046
146.31387515220484
251.89149137914686
150.6434395295841
206.07780098935348
240.54694572221726
112.14644825440627
0.2828503366172299
50.9450270684911
252.57183921854954
262.2294715076661
250.3141583371826
252.18340723269685
72.34409067996083
256.10314383832105
228.89791664736072
145.01376545660057
250.44273648976062
265.1661079480879
5.433651362599022
129.98471739300504
260.034309559416
258.80140249638384
19.310934091653507
78.61989777238293
259.71455588158034
3.1172251929574486
261.24579676533415
62.05180305272276
202.9229567884197
16.19088423419109
251.71030091341703
263.79838099038875
0.6092778452354821
49.109952375216494
254.138906324933
250.66814762289397
144.16874956504608
257.1474103200334
250.74737025019135
252.87443233192565
261.1440351628797
204.18438578809565
248.59367404571205
264.64991923509575
142.72658960570914
254.45483989564565
118.87818001905555
259.5746773654972
108.05269107656899
220.9054634589218
102.58508856877224
248.58215439940574
258.5099683763145
123.04001728965193
131.00345303142856
25.193349245912856
258.941743138131
252.9314025927587
253.72679278897863
129.52762394835003
219.18717398485933
256.97262685900023
1.7698173666957189
261.5150581485791
110.20780881291728
212.12125206151575
258.122095011518
232.06019204368656
258.8668803963237
248.91710311867635
257.45953958500974
138.16519169927403
251.34200089912676
259.79005566063825
268.3010744790842
126.70864579983801
247.3989431502466
221.58086105137826
265.07381612684634
254.34100310154358
9.869583585847607
248.71514362000354
259.99688948273166
263.63652943071975
255.72559037687898
206.34751660903834
164.21798962123657
150.7730713380899
261.4301764267707
251.59902286520747
262.63806969124954
12.624678669407501
259.47186427493216
256.7912079475501
253.99732794952027
11.264572291435968
249.85353225461589
250.6920852307026
255.94276920241415
147.766466425956
35.70929708212634
253.76832654683344
225.21665707252313
151.1175494697333
258.8749629425189
245.89171487434876
249.86048805663435
4.193375882745045
234.87871417918026
157.97663843476843
252.78367478523927
204.92748755328768
262.80837168107246
253.1597291466509
197.5006866525568
257.12609422923174
250.49045936121277
255.3952128624712
245.05551514290894
249.2312785162015
179.38250010819232
130.19464787094884
259.5598024455751
255.6056064506099
143.41021456989407
55.719549424182446
213.0940254770348
258.4163701221751
259.72960734462833
