$SPEC_ID:
This is sample 068.
$SPEC_REM:
DET# 1
DETDESC# DIP1456 PCI-Trump SN 253
AP# Maestro Version 7.01
$DATE_MEA:
12/27/2024 17:34:02
$MEAS_TIM:
6600 6796
$DATA:
0 2047
       0
       0
       0
       0
       0
       0
       0
       0
       0
       0
       0
       0
       0
       0
       0
       0
       0
       0
       0
       0
       0
       0
       0
       0
       0
       0
       0
       0
       0
       0
       0
       0
       0
       0
       0
       0
       0
       0
       0
       0
       0
       0
       0
       0
       0
       0
       0
       0
       0
       0
       0
       0
       4
      83
     120
     113
     105
     107
     107
     111
      89
      95
     105
     125
     103
     103
     110
     124
     105
     107
     113
      96
     109
     108
     128
     119
     111
     114
      98
     109
     107
     111
     116
     106
     104
     112
     121
     128
     113
     108
     135
     108
     115
     125
     110
     121
     110
     127
     126
     126
     115
      94
     105
     105
     127
     111
      97
     113
     135
     130
     104
     127
     113
     105
     121
     108
     138
     107
     102
     113
     100
     132
     111
     118
     134
     114
     103
     118
     130
     105
     113
     127
     109
     105
     118
     132
     128
     126
     112
     110
     120
     135
     118
     123
     115
     106
     117
     113
      97
     147
     127
     127
     109
     135
     141
     128
     122
     121
     135
     124
     123
     127
     116
     112
     121
     122
     109
     134
     115
     115
     125
     149
     142
     100
     118
     111
     105
     127
     130
     142
     109
     123
     147
     121
     111
     106
     120
     128
     129
     129
     121
     121
     108
     135
     125
     155
     136
     127
     119
     123
     153
     128
     122
     116
     128
     116
     124
     117
     116
     145
     135
      97
     159
     112
     127
     147
     117
     129
     134
     143
     130
     141
     155
     119
     128
     128
     123
     134
     112
     136
     120
     114
     118
     132
     147
     119
     121
     120
     128
     126
     124
     137
     145
     117
     129
     141
     110
     125
     113
     115
     127
     121
     113
     127
     128
     125
     143
     134
     123
     131
     119
     128
     130
     118
     113
     123
     127
     141
     132
     140
     122
     104
     130
     134
     119
     133
     116
     130
     139
     128
     102
     127
     124
     140
     121
     113
     128
     133
     113
     139
     124
     144
     115
     116
     113
     115
     115
     132
     113
     130
     124
     122
     141
     136
     130
     123
     124
     135
     133
     117
     134
     134
     127
     133
     121
     139
     122
     116
     119
     126
     120
     129
     132
     118
     127
     134
     129
     150
     121
     151
     130
     108
     116
     137
     130
     118
     111
     125
     130
     114
     137
     131
     127
     124
     129
     147
     123
     122
     133
     121
     128
     126
     104
     123
     138
     127
     138
     130
     126
     120
     120
     134
     158
     123
     120
     127
     138
     121
     134
     123
     124
     144
     124
     149
     126
     122
     120
     121
     130
     126
     136
     116
     146
     131
     114
     131
     118
     129
     126
     118
     125
     104
     124
     125
     129
     123
     146
     137
     119
     130
     117
     126
     136
     133
     119
     121
     129
     144
     122
     133
     121
     114
     134
     134
     106
     150
     110
     132
     124
     126
     130
     121
     172
     119
     120
     121
     129
     120
     151
     109
     121
     153
     135
     123
     114
     145
     136
     120
     117
     109
     118
     129
     134
     147
     126
     124
     117
     131
     127
     125
     117
     146
     148
     127
     134
     129
     137
     118
     128
     136
     121
     138
     113
     118
     135
     141
     141
     130
     123
     128
     145
     132
     128
     117
     141
     127
     123
     134
     126
     123
     149
     138
     126
     119
     145
     138
     126
     132
     123
     130
     111
     128
     112
     121
     113
     153
     142
     135
     127
     130
     118
     131
     142
     136
     133
     143
     135
     124
     154
     116
     121
     136
     110
     113
     119
     146
     132
     136
     149
     137
     122
     123
     127
     123
     149
     116
     121
     124
     130
     115
     130
     122
     134
     114
     145
     137
     150
     141
     128
     140
     127
     146
     163
     120
     139
     113
     133
     124
     125
     139
     105
     125
     143
     121
     151
     124
     142
     133
     142
     145
     135
     136
     142
     119
     132
     132
     138
     142
     149
     132
     133
     109
     127
     123
     134
     126
     135
     128
     129
     135
     128
     142
     112
     127
     122
     153
     133
     103
     139
     125
     136
     146
     130
     137
     146
     130
     133
     110
     131
     131
     112
     123
     134
     112
     130
     128
     152
     123
     132
     134
     113
     107
     103
     124
     138
     120
     121
     120
     131
     126
     120
     131
     102
     135
     116
     129
      94
     132
     120
     128
     119
     131
     118
     137
     132
     110
     158
     106
     124
     148
     118
     128
     121
     116
     129
     138
     124
     120
     140
     120
     113
     127
     103
     150
     103
     125
     130
     131
     119
     126
     119
     132
     125
     114
     131
     127
     109
     130
     114
     125
     114
     126
     134
     135
     120
     123
     114
     166
     118
     127
     115
     116
     105
     134
     127
     138
     127
     120
     108
     110
     139
     105
     118
     114
     121
     108
     115
     115
     131
     131
     131
     109
     128
      90
     120
     116
     128
     132
      99
     103
     115
     117
     112
     137
     126
     114
     143
     119
     114
     114
     124
     130
     141
     127
     126
     105
     110
     123
     136
     117
     118
     129
     122
     119
     116
     131
     130
     141
     104
     122
     116
      98
     106
     132
     123
     143
     128
     129
     106
     113
     131
     107
     138
     140
     117
     118
     115
     128
     128
     113
     107
     136
     122
     120
     105
     126
     132
     127
     121
     132
     114
     121
     122
     146
     106
     126
     131
     123
     122
     116
     145
     130
     106
     105
     131
     156
     135
     133
     145
     112
     118
     140
     132
     131
     128
     148
     135
     127
     137
     115
     114
     110
     133
     123
     122
     118
     141
     113
     130
     139
     128
     127
     120
     115
     128
     144
     111
     147
     125
     124
     131
     128
     134
     140
     139
     130
     143
     152
     117
     116
     114
     130
     122
     138
     153
     144
     127
     140
     114
     146
     129
     153
     143
     114
     154
     113
     137
     142
     157
     142
     139
     128
     110
     139
     137
     123
     147
     139
     159
     128
     137
     163
     145
     134
     157
     137
     128
     141
     141
     144
     134
     131
     125
     130
     128
     143
     149
     118
     151
     147
     150
     149
     158
     141
     135
     140
     158
     119
     143
     140
     127
     120
     150
     141
     137
     155
     156
     159
     137
     143
     163
     125
     167
     139
     141
     137
     129
     132
     151
     137
     142
     143
     138
     146
     126
     140
     140
     149
     132
     132
     122
     144
     118
     116
     138
     128
     148
     136
     154
     124
     130
      99
     120
     111
     106
     132
     144
     133
     125
     108
     118
     119
     116
      97
      99
     116
     115
     102
     106
     115
     106
      92
      85
      96
     107
      90
     101
      91
      89
      88
      93
     102
      83
      95
      82
      76
      82
      93
      73
      73
      73
      79
      85
      72
      75
      74
      66
      62
      69
      61
      69
      66
      67
      63
      68
      48
      57
      51
      62
      50
      53
      64
      51
      42
      53
      45
      52
      46
      44
      38
      47
      43
      33
      56
      30
      45
      53
      44
      44
      45
      38
      51
      50
      39
      46
      41
      21
      48
      24
      40
      41
      37
      53
      43
      35
      27
      33
      38
      31
      27
      27
      37
      36
      29
      26
      32
      31
      25
      34
      26
      30
      23
      21
      32
      31
      27
      24
      37
      35
      19
      31
      19
      24
      19
      29
      32
      23
      19
      22
      18
      21
      27
      24
      24
      21
      19
      24
      28
      19
      17
      22
      21
      20
      25
      28
      36
      23
      16
      18
      23
      17
      22
      14
      16
      15
      13
      19
      17
      16
      19
      32
      15
      18
      20
      15
      21
      19
      19
      12
      16
      12
      20
      18
      20
      14
      17
      17
      20
      10
      12
      18
      12
      13
      15
      15
      17
      16
      14
      11
      16
      16
      11
      14
       9
      12
      19
      17
      18
      11
      11
      10
       9
      16
       8
       8
      18
      18
       8
      11
      15
      22
      16
      13
      10
      15
      14
      16
      29
      12
      10
      16
      12
      12
      12
      11
      10
       9
      17
       9
      18
       8
      15
       6
      11
      10
       4
      15
      13
      16
      10
      11
       7
       8
       7
      16
      12
      12
      11
      10
       6
      10
      18
       9
       9
      12
      11
       9
       7
      10
       6
      10
      11
      13
       9
      12
      10
      19
      13
      11
       8
      12
      10
      10
      11
      10
       7
      12
       9
       6
      13
       9
      12
       8
       7
       4
      11
       6
       8
       6
      18
      11
      16
       8
       8
      12
       8
       4
       9
      13
      15
      13
      10
      10
       5
      10
       8
      12
      12
      15
      14
      18
      15
       4
      13
      10
       8
      10
      11
      15
      10
      12
      10
       5
       7
       8
       5
       8
      10
      11
       9
      19
      11
       7
      12
      12
       5
      11
      11
       9
      15
      13
       5
       7
       8
      13
      15
       7
      12
      14
       9
      13
      11
      13
       4
       9
      12
      12
      11
      12
      12
      11
      15
       9
      14
      12
      11
      10
      12
      15
      11
       8
       8
       9
      12
      13
       6
       8
      12
       8
      14
       4
      11
      10
       9
       9
      15
       9
      15
      14
      14
      17
      10
       8
      18
      16
      11
      10
      12
      19
      11
      18
      14
      15
      14
      20
      13
      22
       9
      19
      12
      12
      20
      27
      19
      28
      27
      30
      16
      30
      30
      31
      29
      48
      29
      33
      43
      44
      52
      50
      52
      50
      55
      62
      65
      68
      71
      78
      77
      93
     118
     108
      93
     105
     122
     135
     142
     128
     125
     158
     161
     177
     169
     203
     190
     212
     187
     244
     252
     259
     266
     271
     265
     280
     345
     334
     317
     375
     367
     386
     420
     415
     446
     444
     463
     458
     501
     565
     546
     563
     606
     622
     623
     668
     640
     691
     691
     776
     737
     742
     712
     834
     864
     885
     890
     907
     966
     946
    1021
    1005
    1038
    1078
    1135
    1054
    1142
    1185
    1208
    1160
    1251
    1254
    1228
    1383
    1330
    1352
    1394
    1432
    1485
    1516
    1519
    1493
    1507
    1479
    1617
    1551
    1573
    1612
    1667
    1651
    1681
    1701
    1785
    1700
    1712
    1808
    1747
    1800
    1841
    1845
    1875
    1742
    1834
    1877
    1871
    1912
    1881
    1964
    1950
    1872
    1863
    1869
    1866
    1947
    1890
    1881
    1964
    1944
    1886
    1945
    1867
    1810
    1807
    1725
    1916
    1829
    1806
    1733
    1739
    1743
    1740
    1664
    1784
    1570
    1624
    1622
    1569
    1573
    1578
    1542
    1549
    1505
    1564
    1479
    1475
    1462
    1384
    1325
    1329
    1343
    1322
    1202
    1208
    1172
    1216
    1192
    1176
    1107
    1120
    1006
    1005
     968
     918
     915
     863
     852
     846
     833
     794
     776
     731
     719
     694
     653
     653
     629
     668
     577
     573
     520
     506
     495
     489
     480
     473
     428
     403
     411
     425
     387
     387
     300
     337
     333
     299
     275
     252
     268
     252
     217
     214
     213
     190
     182
     172
     173
     171
     150
     169
     131
     146
     107
     124
     121
     139
      89
      93
     108
      93
      90
      84
      85
      72
      74
      73
      47
      49
      59
      55
      40
      46
      29
      35
      43
      36
      27
      31
      27
      23
      27
      29
      24
      17
      27
      23
      22
      13
      16
       9
      17
      15
      14
       8
      12
       8
      11
       9
      10
       9
       8
      10
      12
      12
      12
       8
       7
       6
       5
       4
       5
       5
       3
       4
       6
       6
       4
       6
       4
       4
       3
       4
       6
       7
       6
       1
       5
       0
       5
       8
       2
       4
       7
       5
       7
       2
       4
       4
       5
       6
       4
       1
       4
       5
       3
       3
       5
       7
       3
       3
       8
       3
       1
       2
       6
       4
       2
       6
       8
       2
       3
       9
       4
       3
       3
       8
       2
       4
       4
       4
       3
       3
       2
       2
       2
       3
       3
       1
       7
       5
       1
       1
       3
       4
       4
       5
       4
       2
       7
       3
       2
       4
       3
       3
       3
       9
       5
       3
       2
       2
       2
       4
       0
       4
       7
       5
       3
       2
       4
       4
       5
       6
       2
       3
       6
       2
       3
       3
       3
       5
       1
       0
       5
       5
       6
       4
       1
       6
       2
       0
       4
       3
       3
       3
       4
       3
       3
       2
       4
       5
       4
       3
       3
       1
       3
       5
       4
      10
       4
       5
       1
       2
       1
       2
       4
       5
       4
       1
       2
       0
       5
       4
       6
       1
       5
       5
       3
       5
       1
       2
       6
       4
       3
       3
       5
       2
       5
       2
       2
       4
       1
       5
       3
       5
       1
       2
       5
       8
       7
       4
       5
       6
       7
       7
       5
       4
       5
       8
       3
       2
       1
       2
       2
       5
       5
       0
       2
       1
       5
       7
       3
       3
       3
       7
       4
       1
       2
       2
       3
       1
       2
       4
       1
       0
       3
       4
       2
       2
       4
       5
       9
       5
       2
       3
       3
       4
       1
       5
       3
       1
       2
       2
       2
       4
       4
       2
       5
       6
       1
       3
       3
       4
       5
       3
       3
       2
       2
       7
       4
       6
       4
       2
       2
       5
       1
       6
       1
       2
       2
       3
       4
       2
       2
       1
       1
       3
       2
       8
       1
       5
       5
       3
       1
       0
       5
       3
       1
       2
       1
       4
       1
       5
       1
       3
       1
       5
       5
       3
       2
       3
       1
       3
       4
       5
       2
       5
       3
       3
       3
       3
       5
       3
       6
       3
       3
       1
       0
       2
       3
       8
       5
       3
       1
       5
       4
       2
       3
       1
       4
       2
       0
       4
       0
       1
       4
       3
       3
       3
       4
       1
       0
       4
       2
       1
       3
       4
       1
       2
       1
       2
       2
       1
       2
       4
       3
       1
       0
       0
       1
       2
       6
       5
       3
       2
       3
       2
       4
       1
       0
       3
       7
       0
       1
       4
       3
       9
       2
       6
       4
       2
       7
       2
       8
       2
       2
       2
       3
       6
       1
       1
       4
       1
       3
       2
       2
       3
       6
       3
       1
       3
       3
       2
       3
       1
       0
       0
       1
       1
       1
       3
       0
       0
       0
       0
       0
       0
       0
       1
       1
       0
       0
       0
$ROI:
1
1331 1635
$PRESETS:
Live Time
6600
0
$ENER_FIT:
-37.406231 1.986979
$MCA_CAL:
3
-3.740623E+001 1.986979E+000 0.000000E+000 keV
$SHAPE_CAL:
3
0.000000E+000 0.000000E+000 0.000000E+000
