$SPEC_ID:
This is sample 018.
$SPEC_REM:
DET# 1
DETDESC# DIP1456 PCI-Trump SN 253
AP# Maestro Version 7.01
$DATE_MEA:
12/21/2024 15:41:25
$MEAS_TIM:
3000 3089
$DATA:
0 2047
       0
       0
       0
       0
       0
       0
       0
       0
       0
       0
       0
       0
       0
       0
       0
       0
       0
       0
       0
       0
       0
       0
       0
       0
       0
       0
       0
       0
       0
       0
       0
       0
       0
       0
       0
       0
       0
       0
       0
       0
       0
       0
       0
       0
       0
       0
       0
       0
       0
       0
       0
       0
      21
      36
      48
      38
      44
      56
      55
      50
      34
      49
      49
      67
      53
      47
      44
      49
      54
      41
      57
      37
      49
      40
      53
      44
      46
      55
      48
      47
      47
      68
      49
      37
      64
      56
      46
      59
      49
      64
      44
      48
      53
      54
      51
      42
      52
      53
      55
      51
      55
      46
      57
      51
      56
      54
      48
      51
      58
      67
      46
      52
      43
      59
      69
      56
      47
      57
      53
      46
      52
      49
      50
      54
      45
      58
      56
      59
      49
      54
      51
      43
      59
      51
      50
      56
      55
      55
      49
      71
      52
      65
      58
      47
      51
      60
      60
      50
      66
      55
      59
      48
      61
      51
      54
      59
      46
      60
      53
      63
      57
      58
      60
      57
      46
      51
      55
      49
      58
      59
      58
      47
      62
      58
      51
      74
      67
      51
      51
      51
      56
      65
      52
      45
      47
      58
      54
      35
      55
      56
      47
      62
      66
      54
      58
      58
      62
      45
      59
      67
      49
      44
      58
      53
      60
      56
      55
      66
      52
      55
      57
      59
      57
      49
      47
      50
      50
      64
      67
      64
      57
      51
      60
      56
      46
      57
      44
      56
      47
      65
      46
      52
      57
      51
      61
      54
      67
      61
      56
      59
      62
      51
      59
      58
      61
      65
      59
      47
      60
      54
      39
      59
      56
      73
      60
      63
      52
      52
      71
      53
      50
      55
      43
      57
      50
      47
      65
      56
      61
      54
      67
      60
      54
      71
      66
      53
      59
      51
      54
      58
      69
      49
      81
      57
      68
      67
      60
      57
      61
      73
      59
      50
      65
      46
      54
      63
      69
      56
      59
      46
      71
      50
      53
      65
      53
      52
      57
      52
      53
      63
      50
      53
      57
      58
      71
      73
      55
      61
      53
      55
      54
      53
      55
      68
      61
      59
      65
      72
      74
      58
      59
      53
      46
      46
      54
      41
      53
      62
      54
      66
      39
      63
      68
      58
      56
      40
      61
      59
      54
      61
      54
      58
      57
      61
      59
      51
      56
      63
      47
      71
      44
      61
      51
      51
      55
      62
      55
      65
      44
      57
      54
      53
      55
      52
      77
      60
      59
      51
      49
      54
      59
      57
      58
      64
      61
      48
      55
      53
      68
      58
      65
      56
      66
      65
      47
      50
      54
      50
      69
      69
      50
      60
      62
      74
      68
      46
      72
      56
      53
      53
      55
      52
      60
      50
      64
      52
      59
      54
      67
      55
      58
      49
      71
      52
      57
      60
      57
      65
      60
      59
      62
      56
      48
      52
      49
      64
      60
      60
      62
      51
      53
      62
      63
      42
      58
      58
      73
      61
      64
      61
      51
      59
      58
      42
      64
      55
      61
      63
      54
      54
      64
      53
      64
      62
      60
      43
      65
      65
      36
      61
      56
      67
      61
      50
      63
      44
      58
      60
      60
      50
      59
      63
      49
      52
      69
      50
      64
      77
      60
      68
      52
      60
      59
      60
      63
      77
      63
      60
      48
      52
      70
      56
      57
      72
      76
      69
      62
      60
      48
      73
      80
      62
      62
      71
      83
      52
      59
      56
      74
      63
      62
      74
      44
      67
      62
      43
      55
      51
      59
      58
      65
      62
      66
      63
      68
      56
      57
      74
      51
      70
      58
      62
      61
      58
      54
      78
      79
      67
      66
      69
      57
      65
      69
      62
      48
      73
      61
      49
      64
      69
      58
      60
      64
      63
      64
      52
      66
      55
      58
      65
      61
      61
      77
      68
      66
      61
      68
      50
      68
      50
      61
      57
      65
      53
      55
      54
      63
      57
      65
      59
      64
      56
      65
      42
      53
      50
      64
      69
      49
      49
      51
      48
      50
      52
      64
      44
      58
      62
      63
      48
      50
      37
      47
      67
      54
      49
      55
      48
      51
      66
      44
      58
      60
      58
      57
      60
      70
      65
      69
      67
      57
      61
      61
      62
      65
      67
      51
      60
      66
      64
      60
      50
      64
      67
      55
      66
      60
      53
      44
      42
      53
      52
      78
      64
      61
      47
      53
      59
      50
      64
      51
      56
      46
      52
      63
      48
      67
      62
      64
      59
      61
      43
      67
      58
      56
      57
      58
      54
      69
      50
      55
      74
      60
      66
      51
      53
      50
      53
      52
      51
      64
      66
      72
      70
      49
      49
      45
      41
      43
      60
      54
      54
      61
      45
      61
      36
      57
      42
      59
      49
      62
      55
      52
      42
      62
      53
      55
      55
      62
      63
      67
      63
      55
      57
      46
      52
      62
      53
      61
      52
      54
      59
      58
      59
      65
      69
      47
      46
      50
      60
      69
      52
      56
      56
      41
      66
      47
      66
      51
      42
      72
      56
      63
      49
      67
      64
      53
      61
      53
      57
      48
      48
      45
      67
      62
      38
      44
      53
      47
      60
      61
      65
      59
      70
      53
      53
      48
      56
      52
      64
      60
      64
      62
      65
      56
      59
      56
      57
      51
      53
      50
      59
      44
      58
      65
      66
      53
      55
      59
      60
      43
      59
      63
      52
      74
      47
      68
      59
      56
      69
      60
      43
      51
      58
      77
      64
      58
      54
      72
      39
      52
      67
      55
      72
      67
      63
      71
      61
      62
      66
      54
      58
      58
      58
      55
      57
      72
      67
      66
      51
      62
      63
      65
      51
      59
      75
      72
      64
      57
      51
      66
      60
      47
      56
      50
      49
      51
      72
      67
      59
      53
      63
      52
      61
      66
      66
      57
      68
      66
      70
      81
      84
      67
      61
      60
      66
      60
      73
      52
      51
      58
      57
      57
      73
      54
      74
      66
      73
      53
      51
      53
      43
      64
      74
      66
      55
      70
      57
      51
      63
      67
      80
      67
      62
      78
      69
      65
      74
      70
      56
      68
      72
      56
      61
      64
      39
      55
      54
      67
      61
      65
      58
      52
      63
      60
      68
      62
      69
      62
      45
      58
      53
      46
      58
      53
      62
      62
      50
      50
      56
      56
      57
      57
      62
      71
      54
      45
      40
      52
      60
      53
      53
      46
      54
      40
      41
      47
      60
      49
      53
      48
      35
      44
      40
      42
      43
      41
      37
      53
      44
      28
      47
      40
      37
      46
      35
      26
      32
      38
      43
      37
      29
      43
      37
      31
      27
      31
      42
      27
      30
      29
      29
      33
      26
      25
      19
      29
      26
      27
      28
      33
      13
      23
      34
      20
      16
      18
      18
      17
      23
      14
      15
      13
      20
      23
      17
      23
      17
      24
      19
      22
      12
      19
      19
      19
      27
      19
      21
      16
      12
      20
      13
      20
      10
      22
      10
      15
      19
       8
      11
      17
      13
      13
      13
      14
       9
      17
      14
       5
       8
      15
      13
       9
      12
      16
      11
      14
      14
      12
      12
      10
      18
      12
      19
      16
      12
       8
       5
       7
      10
      10
      12
      11
      14
       6
       5
      12
      14
       9
       8
      12
      14
       8
       6
       1
      15
      11
      10
       9
       5
      16
       6
      11
      10
      13
      11
       7
      10
      11
       4
       5
      12
       6
       7
       6
       8
       7
       5
       6
       7
       4
      10
       6
      11
       7
       9
       8
       5
       5
       9
      10
       7
       4
       4
       9
      12
       5
       9
       8
       4
       5
       6
       6
       7
       6
      10
       5
       6
       7
       5
       6
       8
       6
       5
       5
       4
       8
       5
       6
       6
      12
       7
       1
       6
       9
       5
       0
       5
       8
       3
       9
       5
       8
       6
       6
       6
       7
       4
       6
       6
       4
       5
       5
       7
       5
       4
       3
      10
       6
       8
       1
       5
       8
       6
       6
       5
       6
       3
       4
       6
       3
       2
       7
       3
       6
       5
       7
       5
       5
       4
       7
       7
       5
       6
       2
       2
       4
       3
       5
       4
       6
       8
       7
       3
       5
       6
       2
       3
       8
       6
       5
       5
       2
       6
       5
       5
       5
       3
       7
       2
       8
       7
       6
       3
       4
       6
       1
       4
       4
       7
       4
       6
      10
       8
       5
       3
       2
       4
       9
       4
       3
       2
       5
       2
       8
       0
       5
       2
       4
       9
       5
       0
       7
       2
       4
       2
       5
       4
       3
       0
       1
       6
       5
       4
       6
       4
       4
       1
       5
       5
       1
       6
       2
       5
       5
       8
       5
       5
       4
       4
       4
       3
       6
       8
       1
       4
       4
       4
       4
       3
       5
       8
       7
       4
       2
       9
       6
       7
       3
       2
       4
       4
       5
       3
       5
       5
       3
       5
       4
       3
       5
       4
       4
       1
       4
       6
       6
       3
       4
       3
       6
       4
       8
       6
       5
       5
       9
       6
       1
      10
       5
       6
       2
      12
       7
       7
       9
       5
       8
       9
      16
      15
       6
      10
      15
      16
      10
       8
       8
       9
      18
      17
      12
      10
      19
      23
      17
      27
      23
      24
      30
      20
      25
      33
      29
      34
      29
      38
      41
      31
      41
      48
      51
      63
      54
      50
      48
      53
      69
      77
      85
      73
      81
      79
      90
      76
     108
     105
     104
     116
     121
     111
     129
     145
     144
     157
     150
     166
     182
     171
     183
     164
     165
     218
     216
     226
     245
     266
     254
     267
     242
     296
     302
     291
     318
     300
     299
     341
     329
     350
     357
     359
     394
     386
     395
     404
     434
     435
     457
     441
     454
     450
     506
     482
     529
     534
     548
     539
     549
     568
     564
     617
     581
     615
     621
     662
     660
     651
     667
     666
     657
     741
     691
     741
     749
     710
     690
     758
     721
     794
     751
     773
     824
     791
     803
     772
     850
     810
     838
     806
     864
     853
     817
     843
     807
     864
     851
     847
     881
     876
     877
     938
     887
     880
     861
     854
     851
     836
     864
     893
     838
     841
     825
     805
     778
     821
     761
     811
     775
     787
     761
     771
     755
     746
     759
     723
     747
     650
     703
     693
     646
     643
     661
     632
     633
     648
     607
     556
     614
     500
     551
     554
     542
     525
     480
     495
     485
     485
     464
     456
     447
     452
     414
     429
     367
     419
     365
     382
     361
     336
     318
     338
     309
     303
     322
     281
     249
     272
     239
     212
     219
     218
     217
     182
     205
     191
     188
     185
     183
     165
     132
     146
     145
     126
     121
     120
     110
     115
      89
     109
     106
     106
      98
      88
      79
      71
      69
      65
      68
      70
      57
      45
      57
      60
      58
      45
      42
      38
      40
      39
      37
      40
      29
      27
      31
      30
      26
      15
      18
      26
      21
      22
      21
      19
      17
      13
      20
      13
      16
       8
       9
      12
      13
      13
       6
       7
       3
       8
       2
       6
       7
       5
       2
       2
       2
       8
       4
       2
       4
       2
       2
       4
       1
       1
       1
       5
       2
       5
       2
       1
       3
       2
       2
       1
       0
       2
       3
       3
       3
       2
       3
       2
       0
       2
       1
       3
       1
       1
       0
       2
       2
       2
       4
       1
       2
       1
       1
       2
       3
       1
       0
       2
       0
       5
       1
       2
       2
       1
       1
       0
       1
       2
       0
       4
       0
       4
       5
       2
       1
       1
       0
       0
       3
       3
       1
       0
       2
       4
       3
       4
       0
       3
       2
       1
       2
       1
       3
       0
       1
       3
       1
       2
       3
       1
       0
       0
       6
       2
       3
       3
       0
       0
       3
       2
       0
       1
       1
       1
       1
       1
       1
       0
       1
       1
       0
       3
       4
       0
       3
       2
       3
       3
       1
       0
       1
       0
       2
       3
       5
       2
       0
       2
       2
       4
       3
       3
       6
       4
       3
       1
       1
       2
       2
       1
       4
       3
       2
       1
       4
       1
       3
       1
       0
       2
       1
       1
       1
       1
       0
       2
       3
       1
       3
       2
       1
       4
       2
       0
       1
       1
       2
       1
       1
       2
       0
       0
       2
       2
       2
       1
       2
       1
       0
       0
       2
       1
       0
       2
       0
       0
       0
       0
       0
       0
       3
       1
       1
       0
       3
       0
       2
       0
       2
       0
       1
       1
       0
       3
       3
       0
       0
       2
       0
       1
       2
       4
       1
       2
       2
       2
       1
       0
       2
       1
       0
       3
       1
       1
       0
       2
       4
       1
       1
       0
       0
       6
       2
       1
       3
       1
       1
       1
       2
       3
       2
       0
       2
       0
       1
       3
       1
       1
       1
       4
       0
       0
       4
       3
       1
       0
       1
       3
       2
       4
       1
       1
       2
       0
       0
       0
       1
       0
       1
       3
       1
       1
       1
       2
       2
       1
       0
       4
       1
       2
       0
       2
       1
       1
       1
       4
       3
       2
       1
       1
       2
       1
       1
       0
       1
       3
       0
       1
       1
       6
       2
       1
       3
       2
       4
       3
       2
       1
       2
       1
       1
       2
       2
       0
       1
       2
       2
       1
       1
       1
       1
       3
       1
       2
       1
       0
       1
       0
       1
       1
       0
       2
       3
       3
       1
       1
       2
       2
       2
       3
       1
       2
       3
       1
       1
       1
       3
       3
       0
       1
       3
       1
       3
       3
       0
       2
       1
       3
       0
       2
       1
       0
       2
       4
       2
       0
       0
       0
       0
       0
       1
       4
       1
       2
       0
       3
       1
       1
       2
       1
       1
       2
       0
       1
       4
       1
       0
       0
       1
       0
       0
       1
       0
       1
       0
       1
       0
       0
       0
       0
       0
       0
       0
       0
       0
       0
       0
       0
       0
       0
       0
       0
       0
       0
$ROI:
1
1331 1635
$PRESETS:
Live Time
3000
0
$ENER_FIT:
-37.406231 1.986979
$MCA_CAL:
3
-3.740623E+001 1.986979E+000 0.000000E+000 keV
$SHAPE_CAL:
3
0.000000E+000 0.000000E+000 0.000000E+000
