$SPEC_ID:
This is sample 044.
$SPEC_REM:
DET# 1
DETDESC# DIP1456 PCI-Trump SN 253
AP# Maestro Version 7.01
$DATE_MEA:
12/25/2024 16:15:14
$MEAS_TIM:
6600 6796
$DATA:
0 2047
       0
       0
       0
       0
       0
       0
       0
       0
       0
       0
       0
       0
       0
       0
       0
       0
       0
       0
       0
       0
       0
       0
       0
       0
       0
       0
       0
       0
       0
       0
       0
       0
       0
       0
       0
       0
       0
       0
       0
       0
       0
       0
       0
       0
       0
       0
       0
       0
       0
       0
       0
      26
     118
     123
     116
     118
     104
     120
     100
      99
     105
      96
     113
     116
     121
     112
      99
     130
     109
     113
      93
     126
      97
     115
     120
     111
     107
     105
     124
      98
     110
     108
     109
     121
     117
     112
     104
     133
      94
     110
     117
     121
     132
     109
     138
     122
     124
     125
     105
     121
     115
     118
     116
     130
     117
     119
     131
     102
     117
     100
     114
     100
     106
     124
     112
     110
     137
     114
     103
     130
     116
     118
     114
     125
     128
     109
     134
     116
     129
     124
     133
     112
     148
     128
     116
     116
     120
     137
     100
     112
     125
     145
     134
     100
     106
     119
     128
     124
     119
     127
     101
     126
     131
     123
     125
     127
     128
     134
     127
     134
     126
     139
     130
     125
     137
     102
     118
     150
     131
     131
     144
     128
     117
     121
     139
     125
     118
     100
     136
     127
     118
     131
     134
     110
     148
     107
     127
     119
     115
     141
     111
     125
     117
     136
     112
     115
     123
     124
     116
     135
     108
     135
     103
     130
     120
     134
     118
     133
     102
      97
     121
     161
     131
     106
     146
     125
     120
     127
     147
     118
     133
     134
     129
     145
     129
     132
     121
     125
     152
     116
     149
     144
     136
     142
     121
     138
     131
     123
     126
     117
     143
     128
     132
     138
     127
     145
     126
     122
     123
     121
     123
     108
     110
     125
     132
     134
     113
     127
     118
     137
     130
     129
     145
     104
     123
     124
     131
     119
     123
     122
     131
     150
     119
     124
     117
     132
     130
     116
     142
     119
     104
     112
     117
     116
     115
     124
     137
     128
     125
     138
     114
     115
     119
     143
     118
     104
     133
     128
     119
     137
     110
     130
     122
     114
     134
     126
     143
     131
     117
     114
     119
     125
     128
     105
     123
     124
     126
     138
     108
     131
     129
     129
     136
     128
     126
     139
     132
     131
     132
     112
     129
     123
     123
     135
     125
     117
     133
     136
     126
     120
     117
     129
     117
     130
     149
     129
     123
     132
     132
     126
     132
     124
     127
     145
     142
     123
     153
     136
     122
     132
     128
     108
     128
     136
     120
     135
     119
     110
     121
     127
     145
     136
     141
     108
     133
     113
     125
     129
     131
     130
     144
     150
     116
     125
     127
     122
     117
     122
     122
     133
     123
     108
     145
     122
     126
     149
     136
     130
     116
     116
     128
     120
     121
     121
     121
     138
     112
     113
     142
     135
     131
     143
     121
     134
     138
     135
     127
     145
     136
     124
     152
     125
     131
     143
     108
     123
     133
     128
     124
     130
     138
     134
     134
     114
     122
     128
     124
     115
     135
     140
     129
     152
     128
     110
     131
     128
     134
     108
     106
     148
     140
     131
     134
     110
     141
     137
     133
     115
     130
     122
     141
     129
     119
     135
     144
     129
     128
     126
     144
     125
     141
     132
     141
     104
     130
     121
     103
     134
     112
     125
     139
     144
     118
     133
     135
     121
     123
     138
     130
     140
     136
     127
     112
     129
     144
     132
     147
     124
     130
     117
     156
     141
     132
     136
     119
     131
     157
     143
     132
     134
     144
     126
     170
     140
     128
     147
     127
     122
     121
     132
     138
     132
     146
     122
     117
     124
     136
     124
     140
     129
     157
     136
     122
     142
     144
     140
     128
     138
     148
     135
     145
     140
     132
     121
     130
     114
     126
     141
     153
     146
     138
     143
     118
     127
     129
     123
     144
     129
     140
     130
     148
     117
     131
     130
     150
     154
     128
     138
     124
     131
     137
     116
     127
     151
     164
     138
     131
     149
     128
     131
     144
     116
     148
     138
     132
     143
     149
     148
     141
     104
     141
     138
     146
     126
     149
     118
     126
     125
     131
     129
     140
     113
     127
     117
     131
     125
     133
     133
     122
     133
     128
     152
     129
     141
     120
     119
     128
     136
     141
     121
     123
     133
     135
     126
     135
     139
     117
     149
     129
     129
     117
     131
     132
     119
     125
     123
     130
     126
     135
     124
     131
     140
     127
     135
     127
     112
     137
     129
     119
     132
     129
     145
     118
     130
     118
     116
     114
     126
     134
     129
     125
     119
     136
     131
     125
     128
     119
     111
     121
     117
     132
     129
     145
     145
     140
     134
     139
     118
     126
     125
     123
     125
     119
     123
     121
     127
     115
     121
     109
     127
     135
     111
     117
     139
     117
     135
     104
     114
     110
     126
     116
     132
     103
     119
     126
     112
     132
     124
     117
     128
     123
     106
     113
     120
     131
     125
     137
     128
     131
     137
     113
     115
     119
     136
     123
     111
     139
     130
     133
     127
     128
     128
     140
     127
     118
     118
     127
     105
      97
     129
     112
     123
     121
     110
     119
     106
     123
     118
     115
     126
     124
     110
     117
     115
     113
     130
     115
     119
     129
      95
     122
     150
     123
     127
     114
     126
     104
     125
     118
     122
     114
     119
     126
     112
     126
     122
     116
     135
     131
     129
     130
     124
     133
     118
     143
     103
     119
     133
     119
     126
     131
     134
     121
     133
     132
     131
     139
     125
     114
     119
     114
     130
     133
     141
     144
     103
     140
     125
     145
     120
     128
     132
     138
     132
     128
     138
     155
     133
     128
     116
     150
     150
     154
     136
     130
     127
     133
     130
     138
     125
     167
     146
     122
     146
     132
     124
     129
     125
     135
     132
     128
     131
     128
     140
     135
     127
     107
     126
     155
     127
     141
     127
     151
     154
     145
     127
     133
     150
     130
     148
     142
     115
     160
     144
     145
     143
     123
     147
     116
     138
     150
     143
     129
     140
     109
     125
     139
     114
     133
     132
     154
     148
     152
     143
     144
     123
     123
     143
     156
     142
     158
     144
     144
     123
     142
     145
     146
     135
     148
     140
     123
     125
     150
     130
     148
     157
     120
     142
     128
     126
     124
     128
     137
     131
     131
     144
     135
     118
     112
     129
     132
     119
     126
     127
     134
     140
     130
     136
     112
     116
     123
     119
     146
     144
     132
     102
     122
     121
     126
     130
     120
     122
     101
     116
     127
     127
     112
      89
     114
      97
     112
     111
     105
      88
     103
      84
      90
     103
      86
      85
      83
     105
      90
      98
      94
      84
      80
      81
      67
      67
      85
      88
      65
      69
      74
      92
      77
      82
      73
      54
      71
      74
      59
      72
      67
      55
      47
      52
      57
      66
      57
      71
      47
      50
      50
      46
      64
      56
      50
      47
      56
      38
      48
      44
      50
      43
      36
      23
      45
      49
      47
      54
      41
      36
      46
      37
      44
      35
      30
      37
      34
      29
      34
      39
      23
      30
      29
      36
      40
      35
      34
      34
      38
      25
      29
      33
      25
      31
      25
      30
      23
      35
      36
      20
      33
      21
      30
      39
      36
      32
      19
      35
      32
      32
      19
      31
      25
      31
      22
      23
      24
      23
      37
      23
      27
      22
      18
      31
      22
      26
      24
      17
      21
      20
      21
      21
      16
      21
      18
      19
      19
      20
      19
      23
      18
      16
      15
      21
      28
      17
      13
      20
      20
      21
      17
      10
      25
      17
      25
      14
      20
       9
      17
      10
      25
      14
      14
      17
       9
      12
      11
      15
      16
      16
      13
      15
      17
      16
      15
      17
      17
      17
      15
      13
      14
      15
      10
      12
      20
      16
       9
      14
      12
      14
      14
      16
      11
      14
       9
      10
      18
       6
      12
      20
      15
       8
      10
      13
      11
      12
      16
      10
      11
       7
       9
      11
      10
      17
      11
       8
       9
      13
       3
      11
       9
       9
      16
      15
      10
      12
      11
       4
      18
      16
       9
       8
      18
       7
      10
      14
      12
      11
      14
       6
      15
      14
       7
      15
      10
      10
      11
       9
       9
      12
      10
       8
       7
       9
       9
       6
      12
      11
       9
      13
      14
       4
      11
      13
      10
      12
       8
      11
      12
      14
      10
      12
       9
       6
      11
      10
      15
       6
       7
       7
      12
      10
      10
       6
       8
      14
      15
      12
      11
       8
      13
       9
       9
      13
       7
      17
       8
       8
      11
      11
      11
      11
      12
       7
      10
      10
       9
       7
      13
       8
       6
      16
      11
      10
      15
      15
      11
       9
      10
       8
       9
      10
      13
       7
      11
       9
      11
       7
      16
      11
       7
      15
      10
       9
      10
      16
       7
       9
       9
      12
      12
       7
      10
       8
      12
      10
       8
      10
      15
       8
       9
       8
       8
       9
       9
      13
      14
      14
      18
      10
      12
      15
      18
      10
      12
      11
      14
      11
      19
       8
      12
      11
       7
      14
      16
      11
      12
      18
      16
       6
      12
       9
      10
      18
      15
      14
      10
       8
       5
      20
       8
      17
      15
      22
      17
      18
      16
      28
      24
      17
      26
      27
      33
      20
      25
      37
      34
      38
      43
      45
      23
      45
      47
      58
      43
      59
      55
      57
      58
      64
      54
      68
      71
      86
     102
      79
     103
     101
     100
     117
     119
     153
     143
     144
     156
     161
     184
     189
     194
     217
     214
     180
     224
     234
     227
     258
     235
     278
     290
     303
     336
     332
     354
     366
     368
     387
     402
     406
     443
     460
     498
     485
     515
     555
     541
     558
     566
     587
     636
     641
     686
     657
     755
     734
     771
     768
     817
     802
     827
     897
     893
     961
     940
    1023
     938
    1047
    1053
     973
    1047
    1119
    1124
    1204
    1219
    1255
    1237
    1390
    1204
    1343
    1338
    1241
    1391
    1393
    1448
    1492
    1487
    1541
    1595
    1525
    1624
    1590
    1521
    1611
    1685
    1644
    1703
    1679
    1730
    1640
    1799
    1756
    1880
    1850
    1814
    1867
    1878
    1876
    1856
    1908
    1888
    1928
    1908
    1916
    1886
    1897
    1951
    1964
    1942
    1847
    1900
    1984
    1911
    1866
    1873
    1840
    1837
    1847
    1849
    1844
    1809
    1777
    1818
    1782
    1718
    1801
    1744
    1680
    1727
    1592
    1699
    1580
    1528
    1611
    1531
    1568
    1570
    1493
    1474
    1431
    1434
    1427
    1355
    1333
    1283
    1196
    1230
    1276
    1175
    1138
    1130
    1139
    1067
    1044
    1058
    1107
     990
     960
     963
     907
     913
     944
     821
     778
     795
     760
     716
     744
     694
     694
     637
     593
     613
     555
     549
     522
     514
     498
     473
     463
     458
     401
     432
     397
     391
     341
     362
     349
     296
     283
     285
     264
     300
     255
     234
     246
     215
     191
     208
     182
     187
     164
     165
     143
     145
     150
     139
     135
     106
     115
     123
      99
      93
      91
      86
      79
      63
      51
      75
      63
      68
      61
      48
      51
      47
      50
      41
      47
      40
      35
      30
      38
      28
      30
      24
      30
      19
      21
      16
      26
       9
      20
      19
      12
      18
       9
      19
      19
       9
      11
      10
       9
       9
       6
      10
       9
       9
       9
      11
      16
       9
       7
       5
       4
       5
       4
       5
       3
       6
       5
       3
       7
       7
       9
       3
       5
       7
       2
       6
       2
       1
       6
       3
       3
       5
       4
      10
       2
       5
       5
       5
       7
       4
       5
       2
       3
       2
       4
       2
       4
       2
       5
       4
       4
       1
       2
       7
       5
       1
       4
       1
       3
       6
       4
       2
       7
       2
       4
       2
      10
       2
       6
       2
       3
       3
       2
       3
       4
       3
       2
       3
       8
       4
       6
       2
       3
       5
       3
       4
       4
       3
       5
       4
       7
       4
       2
       3
       1
       3
       3
       4
       4
       7
       5
       8
       2
       6
       4
       4
       7
       1
       4
       5
       4
       2
       7
       1
       5
       3
       2
       4
       4
       1
       4
       3
       2
       2
       4
       1
       2
       4
       3
       1
       4
       6
       4
       5
       2
       5
       5
       7
       6
       5
       3
       3
       3
       4
       5
       3
       3
       2
       5
       2
       0
       4
       4
       3
       3
       3
       5
       7
       3
       0
       2
       3
       5
       1
       3
       6
       2
       2
       4
       2
       4
       6
       4
       0
       1
       3
       5
       2
       3
       4
       2
       2
       3
       2
       4
       1
       1
       2
       3
       1
       3
       3
       3
       2
       1
       4
       3
       4
       2
       4
       2
       1
       1
       8
       3
       3
       2
       0
       6
       2
       3
       2
       7
       2
       2
       4
       2
       1
       5
       4
       2
       3
       4
       3
       4
       5
       5
       3
       3
       4
       4
       2
       3
       4
       2
       2
       0
       3
       4
       4
       7
       4
       5
       7
       2
       3
       2
       5
       6
       2
       6
       1
       1
       4
       1
       2
       1
       1
       6
       2
       1
       3
       2
       6
       2
       2
       5
       1
       1
       2
       2
       4
       5
       3
       3
       3
       4
       2
       3
       2
       1
       4
       1
       4
       0
       4
       2
       4
       3
       3
       5
       4
       2
       2
       3
       3
       6
       6
       1
       0
       3
       2
       2
       0
       2
       2
       2
       5
       1
       0
       6
       0
       2
       2
       2
       7
       2
       3
       5
       7
       5
       2
       6
       0
       2
       4
       5
       7
       6
       4
       5
       1
       1
       2
       0
       5
       2
       5
       3
       9
       4
       6
       1
       5
       2
       5
       2
       0
       6
       1
       2
       4
       3
       2
       5
       4
       2
       1
       2
       2
       2
       5
       4
       1
       0
       4
       3
       3
       2
       5
       4
       1
       3
       2
       4
       1
       4
       5
       3
       8
       5
       3
       4
       4
       1
       3
       8
       3
       2
       3
       5
       2
       1
       2
       3
       2
       1
       1
       0
       3
       0
       1
       0
       1
       0
       0
       0
       0
       0
       0
       1
       0
       0
       0
       0
       0
       0
       0
       0
       0
       0
       0
       0
$ROI:
1
1331 1635
$PRESETS:
Live Time
6600
0
$ENER_FIT:
-37.406231 1.986979
$MCA_CAL:
3
-3.740623E+001 1.986979E+000 0.000000E+000 keV
$SHAPE_CAL:
3
0.000000E+000 0.000000E+000 0.000000E+000
