$SPEC_ID:
This is sample 069.
$SPEC_REM:
DET# 1
DETDESC# DIP1456 PCI-Trump SN 253
AP# Maestro Version 7.01
$DATE_MEA:
12/27/2024 19:37:19
$MEAS_TIM:
6600 6796
$DATA:
0 2047
       0
       0
       0
       0
       0
       0
       0
       0
       0
       0
       0
       0
       0
       0
       0
       0
       0
       0
       0
       0
       0
       0
       0
       0
       0
       0
       0
       0
       0
       0
       0
       0
       0
       0
       0
       0
       0
       0
       0
       0
       0
       0
       0
       0
       0
       0
       0
       0
       0
       0
       0
       0
       3
      88
     116
      99
     116
     120
     102
     118
     135
     105
     101
      95
     114
     107
     103
     130
      91
      92
     124
     105
     106
     128
     101
     112
     104
     119
     103
      96
     104
     103
     115
     109
     110
     107
     122
     111
     121
     139
     141
     125
     103
     113
     130
     108
     110
     116
      95
     105
     124
      93
     100
     116
     110
     116
     125
     131
     118
     109
     121
     129
     129
     120
     107
     126
     106
     115
     111
     106
     103
     110
     138
     115
     116
     136
     118
     122
     131
     125
     138
     138
     129
     106
     113
     104
     144
     124
     123
     114
     119
     122
     117
     132
     117
     132
     127
     111
     131
     110
     131
     128
     120
     131
     124
     136
     142
     124
     131
     110
     108
     119
     122
     122
     115
     128
     132
     115
     124
     131
     131
     122
     122
     126
     132
     116
     125
     113
     116
     123
     145
     115
     124
     109
     122
     142
     118
     115
     132
     141
     116
     131
     125
     119
     129
     117
     109
     118
     122
     124
     150
     126
     121
     133
     128
     108
     105
     111
     123
     122
     112
     120
     109
     135
     136
     153
     129
     148
     119
     138
     140
     127
     113
     153
     133
     119
     119
     123
     129
     126
     130
     105
     116
     122
     130
     116
     125
     138
     126
     136
     130
     139
     114
     137
     110
      99
     120
     132
     114
     106
     113
     132
     141
     107
     135
     123
     112
     117
     129
     119
     129
     145
     139
     139
     127
     148
     107
     145
     127
     133
     152
     141
     122
     124
     120
     120
     135
     125
     129
     140
     118
     129
     123
     128
     112
     141
     133
     113
     108
     130
     123
     106
     123
     139
     119
     120
     137
     143
     124
     124
     121
     120
     128
     135
     110
     125
     129
     117
     129
     138
     123
     140
     129
     138
     116
     134
     143
     117
     126
     109
     118
     122
     131
      99
     131
     132
     117
     132
     130
     127
     110
     122
     111
     131
     133
     135
     126
     122
     154
     139
     121
     113
     120
     139
     111
     127
      99
     121
     112
     141
     124
     108
     128
     146
     110
     116
     125
     131
     141
     124
     121
     117
     148
     135
     120
     142
     121
     129
     129
     131
     115
     122
     115
     134
     125
     144
     104
     143
     147
     130
     117
     108
     132
     117
     150
     124
     121
     133
     128
     130
     112
     123
     130
     111
     133
     123
     131
     130
     123
     111
     125
     126
     135
     130
     143
     138
     138
     136
     117
     146
     123
     148
     134
     136
     136
     124
     160
     112
     138
     123
     134
     133
     115
     121
     136
     137
     130
     145
     111
     122
     128
     123
     125
     137
     113
     138
     133
     122
     134
     130
     140
     137
     121
     140
     135
     126
     126
     131
     105
     124
     125
     122
     120
     123
     146
     125
     119
     132
     144
     126
     124
     121
     141
     118
     130
     149
     113
     128
     136
     131
     129
     127
     149
     143
     127
     115
     137
     121
     123
     135
     148
     137
     126
     126
     128
     135
     139
     121
     127
     121
     119
     135
     111
     130
     133
     120
     102
     132
     121
     132
     139
     135
     129
     118
     152
     164
     137
     130
     137
     134
     142
     129
     131
     138
     134
     128
     109
     151
     131
     131
     140
     152
     135
     134
     136
     146
     131
     152
     134
     136
     105
     145
     125
     143
     137
     144
     147
     125
     137
     122
     118
     124
     154
     138
     130
     119
     136
     130
     128
     133
     138
     136
     128
     128
     128
     125
     131
     153
     133
     131
     129
     147
     125
     132
     133
     135
     131
     127
     152
     141
     120
     134
     155
     143
     152
     149
     143
     118
     148
     132
     130
     124
     136
     113
     145
     120
     155
     126
     145
     130
     134
     119
     139
     136
     140
     125
     135
     128
     120
     129
     123
     131
     151
     127
     119
     127
     139
     154
     139
     119
     122
     129
     110
     123
     134
     129
     123
     129
     121
     126
     127
     142
     136
     140
     124
     162
     127
     131
     133
     141
     119
     112
     133
     146
     138
     119
     113
     118
     131
      99
     129
     108
     123
      91
     124
     105
     150
     150
     131
     116
     135
     132
     122
     146
     123
     126
     123
     123
     130
     114
     125
     113
     119
     115
     142
     151
     115
     116
     128
     119
     122
     116
     126
     140
     118
      99
     152
     123
     123
     134
     120
     141
     110
     125
     144
     116
     123
     124
     120
     123
     122
     131
     128
     107
     109
     100
     129
     129
     114
     119
     119
     115
     118
     120
     120
     134
     143
      95
     139
     111
     115
     136
     135
     123
     106
     132
     149
     141
     140
     129
     121
     137
     133
     112
     131
     100
     120
     140
     111
     106
     120
     142
     139
     135
     130
     148
     113
     129
     139
     135
     119
     131
     120
     118
     127
     114
     124
     133
     118
     127
     128
     112
     124
     131
     123
     122
     116
     117
     133
     125
     109
     130
     117
     112
     129
     109
     127
     115
     138
     129
     132
     126
     123
     122
     115
     122
     121
     114
     132
     131
     158
     131
     158
     116
     136
     131
     131
     135
     104
     129
     131
     123
     135
     118
     122
     135
     108
     102
     137
     133
     121
     106
     138
     125
     104
     131
     143
     128
     134
     117
     132
     139
     135
     117
     144
     140
     125
     129
     138
     127
     122
     144
     132
     133
     131
     148
     133
     134
     128
     136
     126
     146
     153
     132
     138
     159
     119
     150
     141
     136
     117
     131
     125
     146
     142
     151
     135
     136
     147
     130
     144
     129
     143
     124
     136
     122
     158
     115
     151
     145
     141
     142
     139
     151
     138
     129
     147
     126
     136
     127
     154
     157
     154
     121
     126
     132
     154
     158
     148
     138
     128
     144
     147
     136
     144
     128
     155
     128
     144
     142
     158
     146
     135
     128
     139
     143
     159
     128
     134
     135
     150
     139
     142
     124
     132
     150
     147
     137
     134
     132
     133
     141
     141
     152
     138
     144
     147
     131
     125
     126
     131
     131
     138
     128
     118
     131
     135
     142
     133
     142
     130
     143
     130
     134
     136
     147
     139
     122
     121
     102
     120
     122
     101
     106
     105
     104
      99
     114
     102
      99
      94
     103
      98
     114
     123
      87
      89
      89
      83
      90
     108
      76
      90
      92
      72
      86
      86
      73
      77
      81
      77
      74
      82
      69
      69
      68
      69
      65
      73
      70
      51
      66
      65
      58
      84
      65
      57
      59
      57
      59
      56
      55
      42
      58
      60
      55
      50
      55
      49
      42
      47
      43
      40
      45
      46
      35
      49
      39
      41
      41
      35
      41
      32
      38
      33
      42
      50
      32
      29
      30
      34
      35
      33
      34
      37
      28
      23
      28
      32
      31
      25
      41
      29
      28
      30
      29
      29
      43
      27
      29
      18
      27
      21
      34
      30
      20
      25
      31
      36
      27
      14
      25
      30
      23
      25
      29
      18
      29
      26
      26
      22
      21
      20
      25
      30
      22
      19
      10
      28
      22
      15
      22
      20
      21
      16
      23
      10
      14
      24
      27
      18
      18
      24
      22
      25
      22
      19
      17
      16
      15
      18
      27
      16
      21
      26
      16
      15
      19
      13
      25
      19
      16
      13
      16
      18
      19
      16
      15
      19
      24
      17
      13
      23
      17
      12
      25
       7
       4
      15
      13
       8
      15
      10
       8
      15
       9
      23
      12
      15
      15
      15
      18
      12
      10
       6
      10
      20
      13
      11
      12
      14
      14
       9
       5
      15
       8
      12
      16
      11
      15
      10
       9
       9
      14
      17
      14
      15
      11
      14
      13
      18
      15
       8
       9
      12
      17
      13
      12
      11
       8
      13
       9
       9
      15
       6
       9
      16
      12
       8
      16
      10
      12
      10
       7
       9
       7
      11
      10
      11
      12
       9
       9
       8
      11
       6
      13
      10
       5
       8
       9
      10
      16
       8
       8
      18
      12
       3
      10
       9
       9
      11
      11
      12
       8
      12
       8
       7
      14
       6
       9
       3
      12
      13
       5
       9
       8
       8
      11
       8
       5
       6
      11
       8
      10
      12
      13
       9
      17
       8
      11
       8
      11
      10
       9
      21
       9
      15
      13
      13
       6
      11
      13
      12
      12
      19
       9
       4
      11
       9
      10
       9
      12
      10
      10
      10
      11
      10
       5
       9
      13
       4
       8
      20
       8
      10
      16
       9
       9
       7
      20
      14
       8
      12
      14
      10
       6
       8
      10
      12
      15
      14
      12
       7
      14
      10
      10
       5
      11
      14
      11
       8
      11
      12
      11
      10
       9
      11
      15
      19
      18
       8
      14
       7
      14
      13
      11
      16
       9
      12
      18
      10
      12
      12
      18
      13
      11
       9
      15
      15
      19
      14
      17
      20
      16
      12
      19
      22
      21
      16
      16
      24
      17
      18
      17
      24
      17
      27
      34
      24
      27
      37
      35
      37
      34
      41
      43
      49
      39
      41
      58
      44
      61
      66
      71
      65
      82
      74
      74
      98
      82
      75
     100
     118
     131
     127
     127
     138
     157
     136
     170
     168
     161
     192
     209
     199
     225
     223
     190
     235
     306
     263
     273
     308
     298
     322
     322
     370
     366
     340
     416
     447
     444
     462
     465
     467
     493
     507
     539
     585
     578
     592
     585
     656
     640
     688
     729
     742
     753
     775
     779
     807
     843
     876
     940
     885
     941
    1011
     963
    1002
     991
    1003
    1036
    1149
    1112
    1173
    1146
    1199
    1209
    1304
    1320
    1309
    1319
    1380
    1379
    1448
    1418
    1452
    1451
    1521
    1522
    1518
    1563
    1609
    1590
    1637
    1692
    1672
    1707
    1693
    1704
    1838
    1743
    1828
    1759
    1741
    1792
    1814
    1880
    1856
    1866
    1872
    1831
    1876
    1908
    1941
    1942
    1888
    1890
    1877
    1892
    1886
    1939
    1856
    1972
    1864
    1858
    1881
    1918
    1838
    1871
    1793
    1817
    1835
    1778
    1745
    1784
    1776
    1726
    1811
    1813
    1757
    1647
    1615
    1637
    1568
    1595
    1559
    1566
    1451
    1486
    1480
    1417
    1413
    1348
    1398
    1383
    1249
    1272
    1200
    1244
    1191
    1153
    1158
    1105
    1015
    1021
    1009
    1053
     982
     932
     906
     894
     890
     833
     823
     761
     793
     693
     736
     688
     709
     683
     613
     585
     593
     599
     534
     519
     520
     480
     512
     469
     430
     383
     408
     402
     348
     365
     327
     318
     314
     316
     306
     260
     277
     269
     258
     232
     204
     207
     198
     141
     182
     192
     164
     174
     131
     159
     140
     102
     119
     101
     107
     107
      90
      83
      88
      77
      81
      75
      64
      51
      53
      44
      61
      48
      55
      45
      29
      41
      39
      23
      24
      42
      18
      30
      26
      19
      20
      22
      26
      14
      17
      18
      17
       8
      16
      15
      11
      10
       4
      14
       6
       8
      13
      12
       9
       8
       7
       8
       8
       6
       9
       7
       9
       4
       2
       3
       4
       4
       4
       3
       5
       6
       5
      11
       5
       8
       2
       5
       6
       5
       2
       4
       3
       7
       7
       6
       5
       2
       4
       1
       1
       2
       2
       3
       3
       5
       5
       4
       3
       1
       5
       2
       3
       4
       4
       1
       2
       4
       3
       8
       1
       2
       4
       4
       5
       7
       4
       3
       2
       5
       4
       2
       2
       1
       2
       4
       3
       8
       3
       3
       1
       4
       5
       3
       6
       3
       0
       3
       3
       3
       7
       3
       5
       4
       4
       4
       6
       1
       4
       4
       4
       6
       4
       2
       4
       4
       2
       6
       8
       0
       4
       2
       1
       5
       2
       3
       2
       9
       2
       2
       6
       2
       8
       1
       5
       4
       2
       4
       3
       4
       4
       3
       4
       1
       7
       6
       5
       3
       3
       7
       2
       2
       4
       3
       7
       2
       6
       4
       1
       0
       6
       1
       7
       3
       2
       3
       3
       2
       2
       6
       2
       4
       2
       5
       2
       1
       2
       7
       5
       4
       2
       3
       2
       3
       3
       1
       1
       4
       3
       8
       3
       2
       2
       4
       3
       1
       3
       1
       3
       3
       3
       4
       4
       3
       5
       1
       3
       7
       4
       0
       6
       6
       1
       5
       4
       2
       4
       0
       5
       1
       1
       4
       2
       0
       9
       3
       8
       2
       2
       7
       3
       4
       5
       2
       5
       2
       3
       3
       2
       2
       1
       3
       2
       3
       3
       1
       3
       1
       4
       5
       5
       3
       3
       5
       2
       2
       2
       3
       4
       1
       3
       1
       2
       4
       3
       2
       3
       3
       3
       5
       3
       2
       4
       5
       1
       6
       2
       2
       5
       6
       3
       3
       4
       3
       3
       3
       2
       6
       1
       7
       2
       5
       1
       3
       4
       2
       2
       4
       2
       4
       5
       3
       2
       3
       4
       6
       1
       1
       0
       3
       7
       4
       5
       3
       3
       2
       3
       6
       2
       5
       1
       2
       2
       1
       3
       4
       4
       4
       3
       1
       1
       4
       5
       2
       3
       1
       4
       1
       1
       4
       6
       5
       0
       5
       3
       2
       3
       1
       4
       7
       6
       6
       3
       3
       3
       4
       1
       4
       1
       4
       2
       7
       2
       1
       3
       5
       5
       4
       3
       3
       5
       5
       2
       1
       4
       2
       4
       2
       3
       1
       0
       4
       1
       1
       6
       3
       1
       3
       4
       1
       7
       4
       4
       3
       6
       3
       3
       5
       1
       1
       6
       1
       2
       0
       3
       1
       1
       2
       4
       3
       2
       2
       1
       3
       0
       2
       6
       0
       1
       0
       1
       1
       1
       2
       0
       0
       0
       0
       0
       0
       0
       0
       0
       0
       0
       0
$ROI:
1
1331 1635
$PRESETS:
Live Time
6600
0
$ENER_FIT:
-37.406231 1.986979
$MCA_CAL:
3
-3.740623E+001 1.986979E+000 0.000000E+000 keV
$SHAPE_CAL:
3
0.000000E+000 0.000000E+000 0.000000E+000
