$SPEC_ID:
This is sample 004.
$SPEC_REM:
DET# 1
DETDESC# DIP1456 PCI-Trump SN 253
AP# Maestro Version 7.01
$DATE_MEA:
12/22/2024 06:03:37
$MEAS_TIM:
6600 6797
$DATA:
0 2047
       0
       0
       0
       0
       0
       0
       0
       0
       0
       0
       0
       0
       0
       0
       0
       0
       0
       0
       0
       0
       0
       0
       0
       0
       0
       0
       0
       0
       0
       0
       0
       0
       0
       0
       0
       0
       0
       0
       0
       0
       0
       0
       0
       0
       0
       0
       0
       0
       0
       0
       0
       0
      61
      96
     101
     127
     108
     116
     136
     108
     125
     124
      90
      89
     105
     103
      90
     105
     125
     106
     112
     108
     125
      93
     128
     105
     113
     104
     103
     113
     111
     116
     110
      93
     111
     110
     101
      99
     117
     132
     123
     113
     106
     108
     105
     105
     119
     124
     108
     114
     109
     125
     114
     112
     108
     111
     123
     117
     125
     111
     113
     124
     103
     109
     114
     143
     113
     128
     111
     107
     128
     104
     116
     110
     128
     129
     111
     110
     100
     111
     140
     111
     103
     119
      99
     135
     137
      92
     133
     128
     118
     118
     125
     132
      95
     117
     119
     117
     117
     111
     121
     124
     118
     114
     115
     124
     137
     126
     105
     126
     101
     114
     135
     123
     112
     137
     111
     107
     119
     133
     117
     132
     114
     118
     130
     107
     113
     127
     107
     128
     113
     110
     110
     122
     136
     106
     137
     125
     112
     119
     123
     109
     134
     119
     120
     118
     133
     113
      95
     135
     116
     120
     122
     117
     107
     138
     120
     118
     130
     117
     110
     120
     122
     137
     116
     104
     130
     106
     122
     128
     140
     120
     122
     137
     104
     123
     128
     121
     127
     133
     141
     118
     140
      96
     111
     127
     134
     105
     120
     113
     127
     132
     135
     124
     135
     132
     120
      95
     114
     123
     118
     109
     126
     129
     118
     120
     122
     110
     115
     119
     133
     108
     116
     126
     122
     141
     128
     106
     143
     123
     133
     128
     108
     140
     127
     104
     131
     153
     130
     125
     124
     119
     112
     124
     131
     136
     113
     134
     121
     136
     123
     148
     129
     133
     117
     114
     104
     109
     112
     137
     134
     129
     113
     130
     122
     134
     127
     129
     120
     123
     115
     121
     133
     124
     132
     145
     120
     108
     103
     120
     108
     118
     132
     140
     136
     118
     106
     109
     133
     125
     151
     123
     121
     139
     140
     119
     133
     123
     107
      98
     135
     120
     129
     122
     134
     141
     137
     122
     127
     150
     104
     119
     130
     122
      99
     135
     128
     113
     133
     118
     113
     144
     123
     131
     126
     135
     127
     129
     126
     123
     131
     122
     142
     142
     128
     130
     144
     120
     122
     138
     135
     133
     120
     122
     114
     123
     115
     118
     131
     107
     134
     113
     128
     132
     132
     119
     140
     137
     137
     126
     136
     134
     137
     138
     122
     121
     144
     129
     129
     126
     150
     129
     141
     139
     123
     131
     138
     141
     129
     124
     133
     135
     126
     147
     125
     131
     113
     109
     130
     121
     116
     114
     148
     108
     102
     132
     141
     135
     125
     125
     109
     139
     129
     124
     115
     151
     119
     108
     105
     112
     140
     120
     124
     114
     127
     127
     140
     114
     138
     121
     128
     145
     129
     118
     138
     115
     134
     114
     128
     113
     122
     135
     136
     144
     136
     134
     130
     130
     124
     110
     120
     129
     115
     126
     124
     134
     121
     133
     133
     132
     136
     120
     121
     142
     111
     121
     125
      93
     120
     132
     141
     140
     124
     109
     131
     137
     136
     146
     111
     137
     134
     120
     139
     123
     133
     120
     126
     143
     138
     135
     136
     138
     139
     148
     120
     129
     119
     133
     114
     127
     131
     129
     144
     128
     135
     134
     144
     142
     126
     133
     147
     133
     127
     116
     121
     132
     131
     136
     117
     148
     121
     150
     155
     141
     143
     131
     149
     147
     143
     128
     141
     148
     148
     127
     118
     123
     133
     140
     161
     130
     136
     131
     144
     127
     138
     138
     124
     144
     122
     117
     117
     133
     146
     134
     122
     135
     135
     112
     121
     136
     143
     125
     150
     112
     132
     131
     130
     126
     137
     126
     140
     115
     156
     129
     125
     124
     121
     122
     129
     134
     135
     129
     115
     140
     128
     121
     109
     117
     118
     129
     125
     138
     146
     125
     116
     123
     142
     151
     112
     131
     128
     121
     124
     122
     112
     119
     126
     109
     117
     104
     124
     124
     124
     104
     126
     124
     129
     120
     127
     110
     109
     122
     109
     124
     126
     123
     134
     134
     135
     129
     131
     127
     122
     107
     108
     149
     166
     139
     138
     117
     116
     115
     132
     119
     118
     110
     118
     124
     137
     118
     117
     127
     116
     118
     132
     121
     125
     131
     110
     120
     126
     109
     113
     131
     112
     105
     129
     107
     120
     135
     106
     117
     118
     137
     118
     104
     117
     115
     116
     121
     119
     126
     122
     125
     119
     133
     118
     124
     118
     111
     109
     109
     123
     103
     120
     117
     120
     121
     163
     116
     107
     100
     123
     119
     119
     117
     117
     138
     129
     118
     110
     128
     105
     108
     107
     109
     108
      98
     143
     113
     116
     126
     117
     118
     115
     123
     130
     118
     123
      98
     130
     111
     113
     137
     112
     121
     119
     123
     141
     111
     135
     134
     137
     117
     108
      91
     139
     124
     122
     136
     103
     135
     109
     128
     130
     138
     127
     117
     124
     110
     130
     120
     122
     118
     123
     126
     118
     125
     117
     112
     123
     124
     132
     141
     142
     123
     131
     105
     113
     119
     128
     125
     107
     135
     142
     122
     137
     108
     115
     126
     121
     148
     137
     117
     142
     134
     128
     126
     144
     115
     131
     142
     142
     141
     138
     124
     115
     112
     132
     136
     131
     134
     132
     125
     148
     116
     136
     125
     165
     120
     126
     144
     114
     138
     138
     120
     148
     145
     146
     119
     156
     135
     135
     128
     136
     127
     135
     136
     128
     141
     147
     141
     144
     130
     166
     136
     147
     148
     151
     162
     134
     117
     124
     139
     140
     125
     127
     125
     132
     152
     146
     137
     146
     121
     152
     160
     138
     132
     138
     147
     141
     136
     133
     136
     147
     135
     139
     129
     135
     116
     155
     125
     138
     150
     162
     144
     119
     143
     146
     155
     133
     137
     123
     129
     129
     121
     133
     142
     134
     104
     147
     118
     126
     132
     135
     132
     123
     129
     120
     131
     136
     112
     116
     121
     120
     142
     127
     127
     109
      99
     112
     122
     103
      95
     111
      93
      89
     109
     108
      97
      88
     100
      86
      81
      96
     110
      87
      95
      98
      81
      88
      83
      87
      83
      69
      86
      59
      72
      63
      64
      73
      77
      62
      68
      74
      60
      71
      78
      58
      70
      72
      62
      64
      59
      56
      57
      77
      52
      58
      47
      57
      59
      55
      54
      55
      46
      45
      49
      47
      55
      45
      47
      39
      56
      37
      50
      42
      41
      38
      34
      31
      35
      25
      35
      46
      37
      37
      29
      37
      41
      31
      26
      36
      31
      36
      35
      44
      24
      27
      43
      36
      28
      30
      28
      29
      40
      32
      30
      21
      27
      22
      29
      23
      24
      18
      18
      20
      27
      27
      20
      28
      21
      22
      25
      35
      30
      25
      26
      22
      22
      24
      23
      26
      18
      22
      18
      18
      20
      23
      22
      19
      21
      19
      19
      28
      22
      24
      22
      22
      17
      20
      20
      26
      29
      20
       6
      18
      18
      13
      16
      14
      11
      25
      13
      17
      17
      17
      12
      21
      21
      13
      17
      12
      18
      16
      20
      18
      17
      23
      12
      17
      18
      13
      15
      14
      17
      20
      13
      17
      22
      13
       9
      12
      16
       9
      11
      16
      12
      15
      11
      12
      12
      11
      16
      16
      18
      11
      18
      19
      10
      11
       8
      12
       9
      11
       6
      13
      16
       9
      12
      15
      11
       7
      13
      21
      14
      13
       7
      10
      11
      17
      15
      10
      10
      20
      13
       9
       9
       8
       8
       8
      10
       9
       7
      11
      14
      16
      11
       7
      13
       5
      11
      14
      11
       6
      15
      13
      12
      12
      12
       9
      12
       8
      11
      12
       9
      14
      10
      10
       8
      14
       9
      10
       9
       4
      11
      13
       9
      19
      12
      16
       9
       5
      18
      12
       8
      16
       7
      12
       9
      15
       7
      13
      13
       8
      13
      12
       9
       7
       9
       6
      11
       7
      11
       6
       9
      10
      10
       9
       6
      13
       8
      19
      12
      16
      11
      11
       5
      13
      12
      10
      11
       7
       8
       5
       6
      10
       9
      10
       9
       9
       9
      11
      12
       9
      12
       6
      15
      16
       8
      10
      13
      15
      14
       9
       9
       7
       8
       9
       6
      13
      11
      10
      12
      17
      13
       8
      11
      15
       4
       3
       6
       7
      11
       9
      11
       7
       9
      16
      12
      11
       8
      21
       7
      13
       6
       8
      11
       8
      11
       7
       7
      10
      16
      15
      14
       5
       9
      13
       7
      11
      11
      13
      24
      12
      18
      12
      14
      18
      21
       7
      11
      17
      33
      13
      16
      12
      11
      29
      26
      27
      26
      26
      25
      17
      14
      24
      29
      22
      26
      25
      28
      33
      43
      36
      32
      31
      42
      39
      50
      41
      50
      52
      53
      46
      50
      69
      85
      75
      64
      92
      77
      95
     101
     103
     114
     153
     130
     133
     143
     156
     156
     182
     169
     180
     175
     203
     228
     219
     247
     247
     275
     253
     273
     294
     307
     351
     335
     320
     349
     395
     407
     383
     413
     449
     444
     499
     505
     531
     532
     543
     586
     598
     626
     614
     617
     696
     665
     689
     692
     782
     785
     861
     830
     805
     904
     913
     900
     940
     934
    1011
    1011
    1010
    1127
    1086
    1119
    1142
    1164
    1171
    1201
    1257
    1253
    1281
    1288
    1324
    1404
    1346
    1447
    1399
    1482
    1519
    1504
    1619
    1539
    1557
    1699
    1621
    1574
    1629
    1678
    1640
    1743
    1686
    1693
    1721
    1782
    1805
    1687
    1758
    1707
    1909
    1860
    1943
    1811
    1965
    1838
    1865
    1901
    1879
    1792
    1931
    1958
    1853
    1835
    1861
    1846
    1859
    1866
    1856
    1868
    1828
    1774
    1770
    1834
    1855
    1791
    1769
    1781
    1800
    1738
    1719
    1689
    1729
    1616
    1642
    1523
    1604
    1601
    1629
    1485
    1441
    1497
    1463
    1447
    1372
    1360
    1390
    1333
    1335
    1271
    1185
    1241
    1207
    1225
    1167
    1144
    1106
    1074
     988
    1027
     992
     984
     882
     942
     899
     875
     883
     807
     793
     776
     738
     695
     699
     684
     649
     643
     631
     598
     605
     590
     519
     528
     479
     484
     409
     442
     440
     389
     387
     354
     340
     343
     352
     288
     315
     309
     291
     259
     230
     235
     212
     230
     214
     207
     179
     147
     184
     156
     169
     147
     141
     120
     130
     124
     101
     132
     118
      99
      80
      76
      97
      78
      62
      61
      57
      66
      65
      54
      50
      44
      38
      41
      48
      33
      19
      30
      28
      32
      32
      32
      25
      12
      26
      25
      21
      21
      11
      17
      18
      10
      13
      13
      18
      13
       9
      13
      18
      12
       6
       6
       1
       5
       9
       7
       9
       9
      12
       5
       4
       5
       6
       5
       5
       4
       5
       5
       4
       3
       9
       6
       5
       5
       4
      10
       6
       6
       4
       5
       0
       2
       1
       4
       4
       5
       7
       2
       7
       7
       9
       4
       4
       2
       4
       4
       2
       6
       6
       3
       4
       5
       3
       9
       1
       3
       4
       1
       4
       4
      10
       5
       3
       3
       3
       2
       4
       5
       6
       6
       5
       2
       5
       5
       3
       4
       3
       8
       6
       2
       1
       4
       3
       4
       2
       1
       2
       4
       2
       3
       1
       4
       4
       4
       3
       4
       3
       7
       5
       5
       4
       4
       6
       6
       3
       7
       4
       7
       1
       4
       5
       4
       3
       4
       2
       5
       3
       4
       4
       2
       4
       2
       3
       7
       2
       3
       6
       3
       5
       4
       4
       4
       4
       3
       2
       2
       3
       5
       2
       2
       2
       7
       2
       3
       2
       0
       1
       3
       7
       3
       6
       5
       6
       4
       3
       1
       4
       6
       5
       0
       6
       3
       1
       4
       6
       4
       5
       3
       4
       1
       5
       2
       5
       1
       3
       4
       2
       4
       5
       4
       6
       4
       5
       1
       4
       2
       2
       4
       3
       4
       3
       3
       3
       6
       4
       1
       3
       3
       2
       4
       6
       3
       4
       2
       1
       4
       3
       6
       4
       1
       5
       6
       1
       1
       5
       2
       3
       2
       0
       1
       3
       3
       2
       2
       1
       0
       4
       5
       0
       1
       2
       0
      10
       4
       2
       6
       2
       2
       0
       3
       3
       4
       4
       3
       1
       6
       3
       5
       6
       5
       4
       3
       3
       6
       2
       4
       4
       3
       6
       4
       5
       6
       5
       3
       4
       3
       1
       4
       4
       2
       4
       1
       3
       2
       3
       2
       7
       3
       3
       4
       4
       2
       3
       5
       5
       3
       2
       0
       4
       1
       5
       2
       2
       2
       2
       2
       5
       3
       3
       6
       3
       2
       5
       3
       4
       4
       6
       1
       0
       3
       5
       6
       3
       3
       3
       2
       0
       4
       4
       5
       4
       3
       1
       3
       5
       4
       4
       3
       2
       6
       1
       2
       3
       3
       4
       6
       0
       3
       4
       4
       5
       4
       3
       1
       2
       6
       1
       1
       6
       6
       5
       2
       4
       7
       1
       5
       2
       0
       4
       1
       4
       2
       3
       5
       4
       3
       6
       1
       6
       2
       3
       3
       6
       3
       1
       4
       6
       1
       6
       3
       1
       2
       0
       1
       1
       1
       1
       5
       0
       0
       2
       0
       0
       1
       1
       0
       2
       2
       0
       1
       1
       0
       0
       0
       0
       0
       0
       0
       0
       0
$ROI:
1
1331 1635
$PRESETS:
Live Time
6600
0
$ENER_FIT:
-37.406231 1.986979
$MCA_CAL:
3
-3.740623E+001 1.986979E+000 0.000000E+000 keV
$SHAPE_CAL:
3
0.000000E+000 0.000000E+000 0.000000E+000
