$SPEC_ID:
This is sample 062.
$SPEC_REM:
DET# 1
DETDESC# DIP1456 PCI-Trump SN 253
AP# Maestro Version 7.01
$DATE_MEA:
12/27/2024 05:14:20
$MEAS_TIM:
6600 6796
$DATA:
0 2047
       0
       0
       0
       0
       0
       0
       0
       0
       0
       0
       0
       0
       0
       0
       0
       0
       0
       0
       0
       0
       0
       0
       0
       0
       0
       0
       0
       0
       0
       0
       0
       0
       0
       0
       0
       0
       0
       0
       0
       0
       0
       0
       0
       0
       0
       0
       0
       0
       0
       0
       0
       0
      38
      94
      92
     109
      95
     113
     112
      98
     111
     125
     106
     131
     115
     101
     109
     123
     120
     101
     122
     102
      89
     103
     115
     109
      96
     122
     128
     111
     105
     142
     114
     112
      91
     113
     116
      87
     117
     110
     131
      96
      96
     117
     109
     119
     107
     114
     128
     122
     124
     126
     113
     108
     138
      95
     114
     120
     126
     102
     123
     113
     108
     101
     114
     111
     130
     130
     122
     122
     115
     128
     121
     147
     119
     106
     117
     118
     134
     123
     121
     104
     130
     106
     110
     128
     120
     127
     130
     109
     114
     108
     117
     130
     134
     131
     120
      97
     120
     132
      99
     113
     120
     132
     123
     127
     118
     125
     134
     109
     114
     112
     120
     110
     119
     125
     118
     116
     133
     128
     125
     128
     104
     120
     118
     118
     122
     115
     132
     112
     127
     120
     140
     123
     132
     118
     136
     132
     148
     141
     132
     128
     112
     125
     127
     107
     137
     131
     135
     129
     118
     146
     131
     118
     134
     112
     121
     116
     141
     147
     109
     118
     117
     112
     135
     111
     122
     123
      95
     132
     124
     134
     119
     102
     118
     118
     119
     143
     123
     136
     136
     121
     129
     124
     103
     133
     121
     123
     146
     123
     103
     110
     125
     117
     120
     141
     135
     124
     116
     125
     119
     130
     131
     130
     113
     123
     127
     144
     104
     114
      97
     129
     137
     128
     119
     147
     123
      98
     119
     114
     127
     115
     138
     130
     137
     135
     124
     137
     126
     154
     120
     125
     126
     126
     135
     125
     145
     130
     146
     139
     131
     133
     113
     132
     142
     121
     141
     129
     125
     125
     108
     119
     105
     121
     125
     124
     131
     143
     114
     130
     123
     129
     120
     125
     104
     134
     119
     150
     113
     123
     131
     137
     133
     113
     130
     140
     132
     117
     126
     136
     119
     110
     126
     136
     138
     119
      98
     116
     124
     139
     117
     126
     126
     124
     122
     138
     125
     140
     123
     125
     136
     118
     138
     111
     127
     114
     134
     138
     121
     126
     121
     114
     136
     129
     128
     125
     139
     122
     117
     136
     118
     139
     115
     145
     125
     138
     120
     147
     141
     117
     152
     133
     132
     126
     145
     126
     121
     124
     148
     128
     154
     139
     123
     114
     124
     125
     120
     132
     126
     144
     143
     137
     135
     149
     135
     118
     107
     118
     128
     130
     127
     129
     120
     134
     128
      89
     129
     127
     140
     132
     119
     137
     125
     132
     143
     140
     139
     108
     126
     117
     142
     119
     135
     133
     128
     114
     141
     102
     113
     135
     125
     115
     141
     134
     137
     116
     141
     119
     125
     115
     143
     131
     104
     142
     136
     117
     123
     132
     122
     120
     133
     125
     116
     137
     125
     108
     134
     121
     124
     109
     113
     132
     143
     138
     152
     131
     124
     136
     114
     133
     126
     143
     107
     134
     119
     142
     110
     141
     147
     108
     137
     128
     117
     138
     136
     131
     130
     138
     110
     124
     139
     128
     120
     137
     128
     151
     124
     145
     142
     123
     145
     122
     130
     115
     155
     137
     136
     148
     136
     137
     135
     121
     147
     136
     142
     144
     151
     121
     135
     159
     152
     132
     150
     128
     149
     147
     143
     129
     155
     124
     129
     135
     122
     111
     128
     144
     123
     149
     153
     128
     151
     144
     130
     121
     140
     126
     135
     144
     126
     129
     134
     116
     140
     141
     128
     130
     124
     135
     145
     116
     133
     122
     116
     130
     144
     113
     145
     153
     121
     140
     140
     137
     115
     116
     131
     135
     105
     130
     130
     113
     124
     116
     148
     132
     127
     114
     141
     133
     125
     130
     134
     134
     145
     117
     144
     131
     122
     135
     104
     126
     126
     115
     137
     134
     123
     119
     114
     128
     121
     119
     114
     123
     126
     126
     111
     149
     113
     112
     119
     137
     110
     131
     131
     146
     105
     114
     138
     136
     117
     120
     116
     125
     136
     112
     126
     127
     116
     122
     118
     139
     127
     123
     142
     125
     120
     116
     132
     112
     124
     128
     129
     128
     133
     154
     137
     136
     133
     133
     128
     134
     127
     117
     158
     142
     122
     112
     123
     119
     130
     126
     116
     125
     119
     117
     131
     126
     116
     115
     121
     112
     128
     110
     121
     127
     130
     131
     114
     143
     105
     140
     126
     127
     130
     111
     122
     146
      99
     110
      99
      96
     130
     134
      85
     121
     134
     111
     127
     131
     130
     124
     133
     107
     124
     114
     118
     118
     124
     126
     135
     122
     110
     130
     124
     135
     112
     116
     116
     124
     115
     113
     123
     135
     129
     111
     132
     120
     115
     118
     111
     106
     118
     126
     118
     112
     125
     126
     122
     126
     126
     122
     141
     121
     116
      97
     121
     124
     126
     119
     116
      98
     113
     125
     125
     143
     120
     124
     134
     136
     137
     117
      98
     121
     129
     145
     136
     123
     128
      99
     128
     112
     122
     139
     128
     114
     129
     130
     138
     116
     127
     139
     110
     114
     120
     140
     133
     128
     125
     137
     131
     120
     130
     140
     131
     127
     129
     139
     130
     121
     135
     131
     123
     136
     118
     128
     140
     138
     152
     113
     142
     147
     124
     138
     137
     140
     116
     132
     154
     129
     132
     123
     127
     116
     143
     131
     122
     122
     140
     127
     141
     155
     116
     114
     122
     123
     134
     140
     148
     142
      95
     144
     149
     121
     140
     135
     140
     132
     148
     136
     124
     130
     135
     131
     160
     140
     153
     149
     142
     152
     118
     132
     139
     171
     135
     151
     135
     133
     143
     147
     156
     138
     151
     132
     157
     143
     137
     145
     154
     132
     149
     145
     133
     148
     160
     134
     160
     129
     154
     137
     130
     136
     165
     145
     137
     135
     147
     147
     157
     134
     137
     145
     131
     141
     143
     133
     135
     142
     135
     141
     129
     130
     127
     125
     138
     114
     125
     154
     113
     134
     127
     113
     116
     139
     138
     109
     103
     119
     110
     113
     113
      94
     110
      90
      96
      98
      97
     115
      87
      99
     107
      93
      92
      82
      93
      88
      82
      81
      89
      82
      84
      76
      77
      94
      65
      64
      77
      76
      66
      76
      63
      74
      77
      61
      67
      52
      65
      50
      62
      48
      77
      58
      45
      52
      46
      58
      59
      66
      60
      48
      60
      54
      51
      46
      51
      44
      42
      42
      46
      46
      45
      41
      43
      47
      36
      47
      52
      46
      34
      27
      32
      31
      39
      41
      29
      34
      48
      39
      25
      38
      29
      30
      43
      32
      36
      42
      28
      36
      35
      37
      37
      30
      30
      29
      27
      24
      33
      36
      25
      22
      30
      19
      25
      27
      21
      24
      27
      17
      36
      25
      24
      25
      19
      24
      27
      18
      26
      24
      21
      15
      24
      27
      20
      22
      16
      22
      15
      17
      19
      17
      22
      22
      15
      16
      23
      18
      19
      14
      19
      22
      21
      22
      22
      20
      19
      24
      20
      16
      11
      15
      16
      17
      15
      16
      12
      15
      16
      13
      23
      14
      16
       8
      11
      25
      15
      19
      13
      13
      13
       9
      12
      16
      11
      17
      13
      18
      13
      11
      16
      15
      12
      10
      16
      13
      16
       7
      23
      12
      14
      15
      13
       9
      13
      19
      15
      11
      11
      16
      18
      14
      13
      10
      19
      16
      21
       8
       9
       8
       8
      18
      14
      10
      18
      10
       7
      11
      10
       5
      10
      17
       5
      16
      12
       8
      16
      12
      15
       8
      11
      13
      14
      19
      12
       8
      15
      12
      10
      15
      20
      11
       8
       6
       4
       9
       7
      12
       7
       7
      11
      11
      11
      11
      12
       8
       5
      12
      14
       8
      12
      11
      10
       6
       5
       9
      14
       6
      10
      11
       6
      10
      11
      17
      16
      10
       7
       3
      11
      11
       6
      15
      10
      11
      12
       7
       6
       5
       9
       7
      10
      13
      11
      12
       9
      14
      11
       8
      12
      10
       8
      10
       7
      13
      13
      12
       6
      13
      11
       8
      11
      10
      16
      13
       8
       9
      14
       8
      10
      10
      14
      11
       9
       9
       9
       8
      13
      12
       6
       7
      13
      10
      10
      15
      12
      10
      13
      11
       5
       2
       6
      12
      12
      11
       8
      10
      11
       7
       8
      10
       7
       5
      13
      13
      11
      11
      10
      14
       9
       7
       3
      17
       9
      12
      19
      16
      14
      15
      10
      14
      12
      14
      15
       9
      13
      16
       8
      15
       9
      11
      13
      15
      14
      15
      10
      13
      17
       8
      16
      15
      14
      23
      16
      14
       8
      13
      17
      24
      21
      21
      34
      30
      19
      17
      21
      24
      27
      30
      15
      38
      32
      40
      42
      43
      48
      50
      46
      70
      53
      60
      65
      65
      70
      68
      83
      79
      88
      90
      65
     118
     113
     100
     131
     122
     141
     146
     163
     159
     171
     153
     173
     198
     208
     202
     211
     226
     266
     266
     265
     291
     304
     295
     318
     327
     381
     364
     339
     372
     461
     472
     432
     459
     456
     489
     505
     516
     516
     562
     564
     612
     625
     640
     671
     716
     710
     741
     758
     739
     791
     830
     805
     827
     901
     906
     884
     929
     922
     990
     987
    1005
    1108
    1051
    1093
    1205
    1111
    1219
    1212
    1289
    1296
    1299
    1336
    1395
    1428
    1404
    1461
    1414
    1452
    1467
    1516
    1487
    1468
    1632
    1583
    1628
    1673
    1658
    1773
    1688
    1661
    1834
    1802
    1799
    1705
    1882
    1782
    1778
    1781
    1816
    1789
    1840
    1863
    1848
    1846
    1891
    1857
    1852
    1857
    1890
    1911
    1899
    1855
    1855
    1782
    1915
    1950
    1904
    1870
    1817
    1901
    1869
    1854
    1803
    1796
    1810
    1739
    1721
    1750
    1710
    1683
    1737
    1703
    1626
    1622
    1548
    1607
    1549
    1537
    1479
    1473
    1404
    1399
    1436
    1400
    1301
    1264
    1279
    1266
    1290
    1227
    1135
    1145
    1176
    1105
    1089
    1032
    1097
    1002
     971
     910
     913
     904
     835
     841
     829
     844
     759
     734
     722
     653
     685
     644
     633
     605
     586
     574
     588
     483
     504
     477
     460
     452
     437
     379
     409
     392
     383
     367
     335
     350
     311
     275
     285
     261
     251
     246
     220
     236
     222
     236
     181
     196
     176
     167
     176
     142
     148
     133
     120
     135
     122
     121
      92
      92
     119
     116
      71
     103
      76
      67
      68
      65
      70
      52
      49
      43
      44
      43
      45
      40
      34
      27
      26
      26
      23
      31
      22
      18
      15
      20
      22
      13
      19
      21
      14
      15
       9
       9
      19
      13
      11
      10
       5
       3
      14
      13
       5
       2
       7
       9
      11
       9
       5
       9
       4
      10
       7
       4
       5
       5
       8
       1
       7
       5
       7
       3
       6
       6
       8
       9
       8
       8
       4
       4
       6
       3
       7
       5
       3
       3
       2
       9
       5
       3
       1
       4
       2
       5
       4
       5
       3
       6
       3
       3
       3
       4
       4
       4
       4
       3
       5
       5
       5
       4
       3
       3
       1
       5
       2
       4
       2
       2
       3
       3
       3
       4
       1
       6
       3
       9
       4
       3
       2
       4
       3
       3
       3
       1
       4
       3
       6
       7
       2
       1
       7
       7
       0
       9
       4
       3
       1
       1
       3
       6
       3
       7
       5
       3
       3
       4
       6
       4
       4
       6
       0
       5
       5
       1
       3
       3
      10
       4
       3
       4
       1
       5
       1
       5
       3
       5
       2
       0
       1
       2
       7
       4
       3
       0
       2
       4
       3
       2
       5
       3
       1
       2
       0
       6
       2
       1
       3
       4
       6
       3
       2
       5
       4
       6
       3
       1
       5
       3
       5
       1
       3
       4
       2
       3
       3
       5
       1
       1
       5
       3
       0
       8
       1
       5
       6
       2
       1
       5
       2
       6
       3
       4
       3
       1
       3
       2
       6
       1
       3
       6
       0
       4
       3
       4
       5
       2
       3
       5
       3
       5
       2
       2
       1
       2
       6
       6
       2
       3
       3
       1
       2
       7
       6
       3
       5
       6
       3
       4
       4
       9
       6
       1
       1
       3
       2
       8
       3
       3
       5
       3
       1
       4
       5
       4
       4
       3
       5
       2
       3
       6
       0
       4
       0
       6
       3
       7
       6
       1
       4
       1
       2
       3
       3
       5
       0
       3
       0
       3
       2
       4
       1
       5
       1
       4
       2
       1
       4
       3
       3
       4
       3
       5
       3
       2
       3
       1
       3
       2
       1
       4
       3
       1
       2
       2
       3
       2
       1
       5
       0
       0
       2
       1
       3
       3
       3
       3
       4
       4
       2
       6
       0
       6
       3
       3
       5
       4
       1
       5
       0
       5
       4
       1
       2
       2
       2
       8
       2
       2
       1
       3
       4
       6
       2
       2
       2
       3
       5
       1
       8
       3
       1
       1
       3
       3
       3
       1
       3
       1
       6
       3
       2
       5
       2
       1
       6
       2
       4
       3
       4
       2
       1
       7
       3
       2
       0
       1
       3
       1
       0
       2
       0
       2
       1
       2
       4
       7
       4
       2
       6
       4
       2
       5
       3
       3
       7
       4
       6
       6
       4
       3
       3
       4
       2
       2
       4
       3
       4
       3
       2
       5
       1
       4
       2
       3
       1
       3
       3
       3
       2
       2
       2
       1
       1
       4
       1
       2
       1
       2
       2
       1
       1
       1
       0
       3
       0
       0
       0
       0
       2
$ROI:
1
1331 1635
$PRESETS:
Live Time
6600
0
$ENER_FIT:
-37.406231 1.986979
$MCA_CAL:
3
-3.740623E+001 1.986979E+000 0.000000E+000 keV
$SHAPE_CAL:
3
0.000000E+000 0.000000E+000 0.000000E+000
