$SPEC_ID:
This is sample 072.
$SPEC_REM:
DET# 1
DETDESC# DIP1456 PCI-Trump SN 253
AP# Maestro Version 7.01
$DATE_MEA:
12/28/2024 01:47:10
$MEAS_TIM:
6600 6796
$DATA:
0 2047
       0
       0
       0
       0
       0
       0
       0
       0
       0
       0
       0
       0
       0
       0
       0
       0
       0
       0
       0
       0
       0
       0
       0
       0
       0
       0
       0
       0
       0
       0
       0
       0
       0
       0
       0
       0
       0
       0
       0
       0
       0
       0
       0
       0
       0
       0
       0
       0
       0
       0
       0
       0
       4
      79
      98
     120
     114
     111
     103
     106
     128
     100
     112
     111
      95
     111
     124
      96
     110
     113
     120
     124
     107
     131
     123
      95
     116
     101
     121
     112
     116
     125
     110
     105
     116
     125
     122
     131
     119
     102
      99
     120
     106
     121
     106
     130
     126
     109
     111
     124
     102
     128
     114
     125
     110
     117
     102
      93
     107
     114
     141
     137
     118
      99
     114
     118
     123
     122
     104
     122
     121
     114
     125
     104
     105
     110
     106
     126
     129
     127
     109
     121
     134
     124
     119
     101
     118
     117
     153
     109
     119
     142
     134
     108
     136
     130
     144
     119
     123
     133
     136
     101
     122
     104
     112
     114
     124
     135
     120
     117
     116
     128
     144
     127
     111
     119
     134
     117
     130
     129
     130
     116
     137
     133
     127
     153
     127
     116
     130
     110
     129
      90
     116
     126
     126
     117
     131
     125
     133
     122
     131
     152
     124
     108
     144
     107
     125
     124
     108
     126
     127
     133
     112
     141
     118
     136
     131
     137
     128
     137
     118
     136
     125
     129
     124
     131
     120
     126
     118
     142
     125
     128
     131
     132
     134
     133
     127
     122
     113
     129
     120
     131
     125
     125
     119
     105
     126
     126
     139
     115
     126
     123
     137
     139
     117
     144
     130
     120
     134
     126
     164
     145
     119
     147
     122
     111
     108
     130
     142
     127
     123
     131
     133
     135
     136
     113
     114
     101
     128
     131
     137
     137
     111
     122
     118
     113
     134
     146
     121
     123
     110
     133
     128
     117
     125
     120
     123
     133
     144
     130
     115
     131
     113
     116
     119
     121
     128
     128
     117
     125
     118
     141
     114
     132
     114
     111
     108
     138
     126
     117
     112
     122
     122
     129
     131
     129
     119
     112
     118
     104
     128
     137
     121
     130
     116
     145
     151
     119
     125
     133
     123
     136
     152
     118
     125
     138
     130
     144
     110
     131
     112
     120
     122
     139
     136
     135
     140
     144
     141
     124
     120
     125
     142
     107
     124
     121
     109
     124
     140
     120
     109
     121
     139
     135
     151
     131
     138
     125
     122
     121
     120
     118
     117
     103
     136
     133
     140
     135
     127
     135
     127
     130
     137
     146
     118
     129
     126
     114
     124
     118
     139
     135
     120
     112
     122
     113
      99
     128
     148
     125
     113
     144
     134
     127
     117
     124
     126
     144
     138
     131
     114
     132
     133
     125
     132
     144
     126
     136
     136
     122
     152
     147
     123
     113
     129
     127
     121
     120
     123
     114
     121
     113
     146
     140
     130
     126
     124
     123
     125
     113
     129
     146
     134
     110
     149
     132
     118
     116
     117
     124
     114
     138
     145
     128
     125
     142
     121
     123
     121
     131
     140
     120
     144
     122
     128
     124
     127
     138
     111
     144
     113
     106
     116
     129
     119
     116
     134
     138
     116
      96
     136
     127
     133
     116
     134
     135
     122
     142
     117
     139
     136
     121
     133
     131
     149
     120
     119
     137
     108
     149
     139
     111
     151
     118
     136
     115
     131
     139
     121
     147
     138
     141
     109
     158
     134
     136
     151
     147
     149
     129
     162
     137
     131
     114
     131
     127
     132
     132
     128
     136
     125
     133
     150
     133
     133
     130
     144
     115
     146
     137
     125
     114
     134
     158
     117
     145
     125
     112
     142
     155
     139
     144
     137
     128
     142
     160
     125
     119
     130
     152
     129
     139
     124
     126
     140
     153
     117
     133
     135
     154
     125
     137
     155
     134
     137
     138
     121
     139
     134
     127
     121
     150
     137
     129
     144
     144
     131
     151
     123
     131
     131
     125
     139
     127
     142
     135
     143
     142
     118
     120
     111
     144
     144
     131
     141
     140
     128
     119
     153
     137
     144
     143
     115
     129
     130
     143
     134
     128
     130
     126
     127
     134
     129
     127
     134
     122
     122
     129
     143
     123
     117
     131
     131
     128
     125
     123
     128
     127
     124
     128
     131
     135
     115
     127
     122
     134
     139
     121
     133
     116
     115
     105
     130
     126
     120
     144
     132
     113
     130
     115
     124
     131
     131
     143
     128
     130
     128
     123
     135
     114
     106
     126
     127
     122
     120
     129
     128
     137
     109
     144
     144
     114
     120
     141
     112
     114
     121
     137
     113
     120
     127
     122
     129
     113
     130
     126
     132
     141
     108
     129
     118
     121
     128
     123
     126
     128
     133
     131
     138
     120
     119
     136
     106
     134
     121
     132
     120
     113
     120
     117
     120
     124
     128
     125
     133
     146
     123
     116
     116
     116
     140
     111
     120
     112
     125
     109
     124
     142
     135
     109
     105
     137
     130
     117
     133
     143
     139
      99
     115
     118
     128
     128
     133
     109
     116
     143
     153
     121
     132
     119
     121
     125
     128
     124
     127
      90
     122
     150
     124
     109
     117
     121
     126
     129
     127
     113
     113
     128
     121
     134
     136
     119
     106
     142
     127
     126
     115
     124
     117
     119
     136
     121
     132
     123
     111
     148
     142
     125
     131
     116
     125
     115
     128
     124
     136
     119
     142
     137
     134
     149
     139
     122
     128
     148
     127
     145
     123
     133
     135
     158
     138
     111
     118
     144
     146
     131
     138
     146
     129
     125
     132
     136
     120
     158
     130
     136
     145
     124
     132
     131
     115
     136
     138
     126
     158
     122
     120
     126
     122
     156
     148
     146
     163
     116
     121
     113
     135
     109
     138
     116
     134
     124
     136
     143
     151
     128
     141
     141
     127
     132
     129
     135
     140
     142
     126
     120
     126
     148
     141
     143
     151
     159
     131
     142
     139
     159
     131
     126
     135
     156
     155
     127
     144
     146
     139
     136
     144
     156
     133
     148
     132
     150
     126
     128
     145
     133
     144
     125
     147
     143
     118
     136
     141
     126
     122
     132
     153
     139
     124
     136
     162
     152
     150
     138
     135
     130
     127
     129
     134
     135
     107
     120
     141
     122
     134
     127
     109
     103
     127
     129
     116
     140
     129
     111
     112
     108
     106
     108
     105
      99
     106
      98
     109
      82
     111
      86
      99
      91
     100
      96
     104
      84
      85
     101
      77
      96
      83
     107
      67
      82
      77
      86
      82
      82
      83
      78
      78
      62
      51
      61
      68
      73
      63
      66
      51
      65
      63
      55
      54
      43
      71
      54
      43
      58
      49
      49
      50
      42
      52
      57
      57
      38
      37
      43
      47
      37
      52
      47
      31
      44
      42
      36
      40
      30
      51
      42
      34
      38
      27
      43
      40
      45
      47
      30
      38
      27
      28
      35
      26
      27
      30
      28
      36
      30
      26
      29
      22
      28
      21
      32
      23
      25
      25
      29
      40
      35
      28
      31
      17
      23
      26
      29
      32
      24
      23
      25
      29
      31
      31
      33
      20
      24
      39
      15
      26
      20
      26
      19
      25
      20
      22
      27
      15
      21
      25
      18
      11
      27
      22
      20
      24
      15
      25
      25
      20
      12
      22
      22
      12
      18
      20
      17
      22
      14
      23
      14
      19
      19
      16
      14
      11
      17
      20
      15
      24
      14
      16
      16
      16
      15
      14
      21
      20
      13
       8
      10
      18
      13
      14
      10
       9
      14
      18
      10
      12
      13
      14
      14
      14
       8
      15
      26
      11
      10
      15
      12
      10
      10
      12
      20
      15
      18
       8
       6
       9
      12
       8
      11
      11
      12
       6
      14
      13
      12
       9
      15
      13
       9
       5
      12
      10
      17
       9
      14
      11
       8
      12
      11
      11
      10
      13
      12
       7
      11
       8
      10
      14
      13
      10
       9
       7
      12
      13
       9
      10
      10
      10
      11
      12
      11
      14
      14
      11
      11
      13
      12
      16
      12
      12
      10
      11
      10
       5
      11
       9
      11
      10
      17
      11
      10
       8
       5
       5
       7
      10
      13
      11
       9
      14
      12
       7
       6
       9
       6
       8
      13
       5
      10
       5
      15
       4
      10
      10
       9
       6
       9
       6
       9
       9
      11
       9
      16
      12
      11
      22
      14
      16
      11
       8
       7
      11
       8
      10
      11
      13
      10
      12
      11
      10
      10
      12
      11
       8
      13
       6
       9
       8
      13
      11
       9
       4
      11
      16
      10
      11
      12
       5
       6
      11
       8
       2
       8
       7
       6
      16
      18
      12
       6
      14
       9
      13
      13
       8
       9
      12
      14
      12
       7
       9
      16
      12
      12
       8
      11
      15
      13
      11
      17
      14
      16
       9
       8
       9
       4
       4
      15
      14
      10
       6
       8
       7
       4
      10
      14
      17
      11
      18
      15
      11
      22
      15
      14
      18
      18
      15
      24
      13
      17
      12
      19
      15
      21
      26
      28
      15
      21
      18
      25
      35
      26
      33
      24
      32
      40
      38
      29
      51
      40
      45
      55
      51
      66
      67
      52
      61
      84
      66
      94
      71
     101
      99
     104
     103
     120
     102
     118
     148
     121
     143
     139
     165
     145
     167
     172
     204
     222
     194
     192
     234
     268
     258
     272
     264
     276
     308
     317
     349
     313
     305
     404
     386
     383
     440
     415
     457
     466
     482
     507
     507
     556
     543
     567
     590
     593
     622
     657
     715
     702
     669
     807
     743
     810
     804
     836
     857
     916
     924
     949
     996
     939
    1024
    1075
    1054
    1062
    1060
    1137
    1109
    1120
    1258
    1240
    1271
    1311
    1298
    1327
    1346
    1383
    1441
    1474
    1428
    1558
    1585
    1555
    1579
    1576
    1639
    1577
    1677
    1705
    1673
    1643
    1692
    1710
    1736
    1822
    1761
    1720
    1801
    1845
    1762
    1924
    1834
    1826
    1900
    1940
    1864
    1909
    1876
    1936
    1912
    1859
    1880
    1910
    1827
    1847
    1800
    1895
    1949
    1839
    1873
    1875
    1852
    1845
    1840
    1794
    1834
    1786
    1798
    1719
    1770
    1755
    1721
    1697
    1701
    1566
    1601
    1552
    1612
    1539
    1507
    1465
    1534
    1420
    1418
    1446
    1356
    1360
    1274
    1302
    1308
    1262
    1192
    1205
    1218
    1200
    1128
    1154
    1128
    1035
     942
     992
     972
     964
     899
     860
     874
     795
     805
     772
     706
     747
     679
     710
     632
     633
     642
     547
     588
     561
     523
     543
     533
     506
     481
     464
     457
     416
     377
     374
     354
     372
     352
     313
     276
     285
     287
     261
     278
     251
     229
     223
     233
     227
     228
     176
     165
     170
     160
     143
     139
     131
     138
     126
     119
     120
      99
      94
      97
      74
      78
      90
      68
      79
      70
      63
      73
      40
      57
      39
      45
      41
      36
      44
      33
      43
      34
      29
      22
      24
      23
      18
      29
      18
      20
      24
      24
      15
      13
      10
      14
       9
       7
      11
      14
       7
       8
       3
      11
      16
       3
       6
      10
       6
       8
       8
       7
       2
       7
       5
       9
       5
       7
       8
      12
       6
       2
       4
       4
       2
       6
       6
       6
       7
       3
       2
       5
       6
       2
       5
       2
       5
       2
       7
       3
       5
       6
       1
       2
       1
       6
       3
       6
       3
       6
       2
       6
       6
       4
       2
       5
       3
       0
       6
       6
      10
       5
       3
       0
       3
       7
       4
       2
       1
       1
       9
       3
       6
       4
       6
       2
       4
       1
       3
       6
       2
       2
       5
       6
       8
       3
       3
       2
       3
       5
       6
       5
       5
       5
       2
       2
       4
       1
       1
       3
       3
       3
       4
       5
       6
       1
       2
       3
       3
       5
       6
       4
       4
       6
       3
       2
       2
       7
       2
       3
       1
       3
       2
       5
       2
       0
       3
       1
       5
       2
       4
       4
       2
       5
       3
       4
       3
       4
       6
       3
       6
       5
       0
       4
       2
       4
       4
       5
       4
       4
       2
       3
       4
       3
       4
       3
       7
       1
       4
       2
       3
       4
       0
       2
       2
       3
       4
       1
       1
       5
       2
       1
       2
       2
       3
       5
       3
       3
       2
       5
       4
       5
       3
       3
       2
       4
       5
       4
       2
       6
       4
       7
       2
       3
       4
       2
       3
       2
       5
       1
       4
       3
       3
       3
       2
       3
       4
       3
       1
       2
       7
       4
       4
       3
       2
       3
       0
       5
       2
       8
       3
       1
       6
       4
       2
       4
       4
       4
       2
       1
       5
       2
       1
       0
       7
       5
       3
       0
       1
       4
       3
       4
       5
       4
       3
       4
       3
       3
       6
       3
       4
       2
       2
       3
       4
       4
       4
       6
       5
       2
       2
       1
       0
       1
       3
       2
       7
       7
       3
       2
       3
       3
       3
       2
       5
       4
       3
       6
       2
       9
       1
       3
       4
       5
       2
       0
       8
       5
       7
       5
       4
       4
       4
       9
       1
       3
       0
       6
       3
       5
       3
       2
       7
       5
       1
       2
       5
       5
       3
       1
       3
       2
       1
       3
       4
       5
       2
       4
       3
       5
       4
       4
       4
       5
       4
       3
       1
       4
       8
       1
       8
       2
       3
       1
       2
       5
       4
       5
       6
       5
       1
       2
       3
       0
       3
       4
       4
       1
       3
       5
       1
       1
       1
       5
       5
       2
       4
       2
       3
       2
       0
       2
       1
       4
       1
       4
       3
       1
       0
       3
       0
       3
       4
       4
       4
       4
       2
       7
       1
       5
       3
       8
       1
       7
       4
       4
       6
       1
       6
       5
       4
       5
       2
       5
       1
       1
       1
       2
       1
       2
       3
       2
       2
       2
       1
       2
       2
       0
       2
       1
       2
       0
       0
       1
       1
       0
       0
       0
       0
       2
       0
       0
       0
       0
       1
$ROI:
1
1331 1635
$PRESETS:
Live Time
6600
0
$ENER_FIT:
-37.406231 1.986979
$MCA_CAL:
3
-3.740623E+001 1.986979E+000 0.000000E+000 keV
$SHAPE_CAL:
3
0.000000E+000 0.000000E+000 0.000000E+000
