$SPEC_ID:
This is sample 049.
$SPEC_REM:
DET# 1
DETDESC# DIP1456 PCI-Trump SN 253
AP# Maestro Version 7.01
$DATE_MEA:
12/26/2024 02:31:39
$MEAS_TIM:
6600 6796
$DATA:
0 2047
       0
       0
       0
       0
       0
       0
       0
       0
       0
       0
       0
       0
       0
       0
       0
       0
       0
       0
       0
       0
       0
       0
       0
       0
       0
       0
       0
       0
       0
       0
       0
       0
       0
       0
       0
       0
       0
       0
       0
       0
       0
       0
       0
       0
       0
       0
       0
       0
       0
       0
       0
       7
     102
     114
     113
      99
      99
     111
     128
     110
     110
     114
     117
     114
     113
     107
      99
     105
     114
     103
     125
     119
      98
     137
     113
     123
     113
     110
     104
     115
     114
     127
     109
     114
      99
     101
     122
     112
     123
     105
     106
     125
     123
     115
     112
     119
     105
     112
     131
     126
     125
     118
     113
     133
     119
     107
     135
     101
     117
     105
     126
     105
     122
     123
     115
     135
     134
     115
     114
     121
     105
     131
     117
     124
      99
     112
     106
     117
     108
     136
     131
     136
     123
     104
     121
     106
     131
     116
     118
     117
     125
     124
     121
     123
     121
     125
     158
     127
     111
     122
     127
     119
     118
     107
     133
     145
     117
     125
     118
     127
     119
     138
     114
     129
     125
     114
     127
     104
     119
     137
     137
     125
     101
     122
     116
     122
     141
     124
     117
     117
     111
     121
      98
     114
     121
     134
     117
     108
     129
     125
     131
     125
     131
     112
     123
     120
     128
     118
     129
     123
     128
     135
     119
     144
     131
     118
     110
     134
     107
     113
     116
     117
     121
     115
     119
     114
     112
     102
     123
     133
     133
     127
     119
     127
     127
     123
     116
     138
     110
     135
     128
     146
     137
     141
     132
     121
     122
     139
     145
     125
     126
     139
     144
     131
     135
     130
     109
     124
     112
     137
     116
     120
     133
     116
     126
     131
     133
     123
     127
     117
     116
     116
     150
     105
     130
     128
     121
     101
     127
     122
     121
     109
     124
     126
     126
     129
     135
     124
     108
     101
     125
     135
     137
     134
     133
     122
     110
     117
     126
     136
     119
     125
     107
     130
     117
     131
     120
     127
     123
     123
     137
     118
     121
     136
     112
     129
     151
     109
     134
     123
     133
     136
     121
     136
     139
     131
     124
     124
     125
     119
     137
     129
     124
     131
     121
     109
     121
     115
     114
     132
      98
     153
     124
     141
     143
     117
     163
     135
     136
     130
     116
     116
     135
     119
     127
     147
     133
     121
     154
     151
     135
     117
     119
     120
     129
     139
     107
     126
     121
     109
     141
     110
     140
     130
     140
     135
     112
     122
     124
     122
     124
     149
     112
     126
     117
     143
     140
     123
     128
     137
     108
      96
     151
     137
     150
     139
     148
     121
     149
     116
     105
     136
     141
     119
     128
     134
     140
     129
     122
     135
     139
     132
     132
     116
     117
     129
     112
     127
     122
     116
     140
     125
     132
     114
     139
     133
     145
     122
     109
     140
     103
     117
     112
     122
     126
     133
     149
     152
     124
     111
     131
     130
     126
     123
     112
     131
     132
     117
     116
     123
     127
     122
     124
     128
     118
     125
     116
     118
     129
     111
     118
     128
     142
     141
     113
     115
     136
     137
     127
     150
     124
     144
     145
     129
     118
     135
     134
     141
     131
     124
     129
     123
     138
     146
     133
     122
     120
     138
     117
     128
     130
     145
     139
     133
     117
     125
     111
     134
     134
     118
     140
     136
     125
     130
     122
     138
     126
     117
     136
     120
     118
     135
     121
     142
     136
     134
     122
     134
     138
     116
     117
     119
     135
     114
     132
     143
     158
     121
     135
     128
     155
     130
     132
     130
     132
     141
     130
     133
     118
     124
     140
     142
     130
     152
     125
     145
     138
     141
     128
     147
     140
     141
     138
     125
     116
     143
     128
     137
     141
     134
     136
     139
     141
     137
     127
     132
     150
     132
     123
     141
     145
     130
     134
     139
     134
     138
     142
     140
     133
     152
     153
     129
     138
     127
     130
     134
     131
     120
     130
     137
     127
     141
     144
     122
     106
     131
     137
     124
     125
     126
     125
     136
     103
     125
     138
     124
     142
     131
     116
     112
     125
     141
     100
     137
     127
     121
     133
     118
     134
     135
     122
     124
     139
     131
     144
     129
     123
     132
     134
     145
     107
     117
     136
     142
     125
     130
     130
     123
     134
     130
     116
     114
     121
     119
     133
     130
     123
     120
     129
     104
     130
     136
     123
     111
     128
     119
     145
     109
     118
     128
     115
     131
     121
     118
     132
     100
     135
     139
     122
     126
     108
     117
     125
     124
     106
     113
     117
     144
     119
     126
     119
     123
     123
     126
     122
     132
     127
     120
     120
     116
     131
     115
     106
     138
     130
     137
     117
     117
     121
     130
     116
     133
     145
     123
     119
     111
     148
     115
     110
     118
     124
     112
     116
     120
     115
     141
     135
     129
      98
     128
     118
     123
     131
     126
     122
     119
     149
     139
     111
     126
     129
     125
     106
     105
     127
     133
     103
     114
     138
     122
     118
     116
     130
     106
     120
     109
     132
     136
     135
      99
     117
     127
     120
     129
     112
     133
     117
     126
     127
     113
     121
     131
     139
     115
     110
     122
     131
     128
     125
     120
     122
     136
     111
     112
     122
     111
     117
     111
     130
     140
     135
     132
     123
     127
     121
     105
     126
     145
     130
     152
     125
     116
     115
     128
     145
     120
     121
     122
     138
     127
     141
     139
     129
     134
     127
     147
     140
     131
     132
     134
     135
     147
     114
     138
     128
     126
     123
     128
     129
     127
     119
     114
     153
     113
     122
     138
     150
     124
     133
     123
     147
     134
     127
     137
     126
     137
     142
     139
     127
     107
     124
     129
     152
     142
     145
     131
     122
     145
     121
     160
     134
     129
     123
     142
     129
     142
     146
     138
     133
     141
     120
     149
     125
     138
     145
     131
     119
     128
     155
     133
     153
     126
     159
     129
     145
     150
     123
     134
     146
     141
     132
     138
     146
     140
     117
     139
     130
     134
     141
     154
     126
     143
     162
     134
     158
     136
     130
     143
     151
     141
     149
     142
     126
     142
     137
     140
     126
     149
     138
     138
     144
     142
     132
     157
     138
     143
     140
     157
     141
     149
     112
     141
     138
     135
     139
     126
     137
     169
     150
     121
     159
     124
     124
     124
     159
     143
     133
     113
     122
     129
     144
     108
     128
     115
     127
     125
     111
     108
     110
     125
     131
     117
     128
     123
     108
     106
     102
      97
      92
     106
     104
      93
     115
      89
      96
     106
     115
      97
     101
      91
      87
      88
      98
      79
      77
      80
      89
      87
      83
      70
      84
      85
      79
      76
      92
      60
      63
      85
      71
      66
      65
      83
      67
      64
      58
      64
      67
      47
      62
      56
      68
      64
      55
      55
      67
      49
      47
      49
      49
      48
      53
      49
      54
      44
      34
      45
      46
      46
      37
      38
      46
      45
      32
      38
      35
      40
      34
      45
      43
      39
      39
      44
      40
      34
      34
      32
      28
      29
      27
      29
      46
      32
      32
      31
      25
      26
      42
      29
      21
      27
      26
      31
      30
      28
      30
      25
      28
      22
      26
      24
      26
      26
      28
      18
      22
      29
      22
      36
      24
      30
      27
      24
      22
      28
      24
      24
      17
      20
      24
      22
      25
      21
      14
      25
      21
      16
      21
      22
      21
      34
      15
      21
      24
      19
      13
      15
      20
      13
      25
      16
      12
      16
      24
      15
      12
      17
      21
      19
      16
      21
      22
      18
      22
      10
      17
      24
      24
      12
       8
      25
      10
       8
      15
      12
      16
      25
      16
      20
      18
      16
      18
      17
      12
       9
      12
      16
      11
       9
      15
      14
      15
      21
      20
       7
      21
      17
      18
      13
      10
      19
       9
      11
      13
       5
      15
      15
      23
      14
      14
       8
       9
      15
      16
      10
      15
       9
      13
      10
       9
      14
      13
       7
      13
      14
      16
      12
       8
      11
      13
      13
       9
      12
       6
      15
      20
      12
      12
      14
      10
      15
       7
      11
      13
      11
       8
       9
       8
       6
       6
      14
       9
      15
      15
       7
       8
      20
       9
      11
      18
       8
      12
       9
      16
      12
      10
       4
       5
      12
       7
       7
       8
      13
       7
      10
      11
       4
       9
      10
       9
      15
      12
      12
       7
       4
      10
      13
      14
      10
      12
      11
      14
       8
       7
       8
       6
      10
       8
       9
       7
       8
      11
      11
      16
       6
       9
      11
       6
      13
       6
      10
       9
      18
      13
       9
      10
      12
       4
      12
       8
      10
       9
      11
      10
      14
      19
       7
      13
       7
       9
      10
       8
       7
       6
      10
       7
      12
       6
      11
       9
      12
       8
       8
       9
      10
      10
       7
      10
       9
      14
       9
       9
       9
       4
      10
       8
      15
       7
       7
      11
      15
       8
       9
       7
      11
      14
      10
      17
      13
      15
      12
       9
      14
       8
      13
       7
      11
       8
       9
      12
       4
       6
      17
       8
      12
      19
      13
      14
      10
      15
      17
      11
      14
      18
      14
      14
      19
      12
      16
      18
      16
      16
      13
      14
      21
      21
      18
      24
      19
      27
      22
      22
      38
      30
      32
      42
      34
      43
      31
      38
      37
      53
      41
      46
      60
      57
      58
      67
      85
      48
      79
      75
      81
      91
      87
     110
      99
     104
     122
     145
     120
     140
     150
     172
     154
     160
     168
     168
     208
     199
     227
     241
     254
     261
     267
     285
     298
     320
     314
     333
     352
     352
     351
     348
     422
     391
     434
     489
     430
     517
     463
     543
     490
     513
     561
     589
     648
     658
     680
     751
     744
     737
     741
     800
     781
     844
     807
     869
     939
     900
     970
     922
    1008
     979
    1035
    1042
    1036
    1139
    1109
    1116
    1171
    1193
    1230
    1312
    1267
    1266
    1341
    1377
    1425
    1438
    1517
    1478
    1488
    1519
    1591
    1547
    1557
    1617
    1606
    1647
    1697
    1631
    1675
    1635
    1717
    1696
    1789
    1789
    1691
    1814
    1846
    1856
    1883
    1841
    1799
    1931
    1848
    1894
    1863
    1920
    1865
    1891
    1911
    1870
    1835
    1871
    1901
    1900
    1867
    1917
    1878
    1808
    1874
    1839
    1834
    1848
    1849
    1894
    1858
    1775
    1794
    1735
    1716
    1657
    1690
    1729
    1709
    1681
    1615
    1529
    1549
    1566
    1571
    1464
    1449
    1464
    1402
    1457
    1276
    1352
    1265
    1423
    1304
    1208
    1235
    1157
    1153
    1129
    1118
    1077
    1113
     998
     980
     991
     953
     944
     864
     893
     875
     808
     791
     798
     766
     760
     675
     645
     660
     615
     580
     607
     564
     518
     532
     519
     513
     443
     443
     475
     441
     435
     368
     355
     363
     329
     322
     330
     279
     265
     274
     304
     256
     259
     215
     205
     181
     210
     191
     199
     180
     151
     171
     152
     165
     135
     135
     111
     126
     103
      97
      98
      91
      78
      73
      86
      70
      52
      60
      58
      46
      55
      55
      47
      48
      42
      38
      40
      46
      36
      32
      31
      25
      27
      26
      30
      18
      24
      25
      14
      22
      16
      15
      17
      10
      11
      10
      11
      12
      10
      11
      14
      10
      11
      11
       5
       8
       7
      13
      11
       2
       0
       4
      12
       4
       3
       4
       5
       2
       5
       0
       6
       1
       6
       2
       1
       6
       2
       3
       4
       5
      10
       5
       6
       4
       4
       5
       6
       2
       3
       5
       3
       5
       5
       2
       1
       5
       6
       2
       1
       2
       4
       7
       2
       1
       2
       3
       6
       7
       0
       5
       2
       4
       5
       3
       4
       2
       5
       4
       5
       5
       2
       5
       2
       5
       3
       2
       0
       3
       4
       3
       3
       3
       4
       6
       1
       2
       4
       6
       7
       3
       2
       4
       1
       4
       7
       2
       4
       5
       4
       3
       3
       6
       3
       5
       7
       2
       4
       7
       5
       4
       2
       4
       3
       2
       2
       7
       0
       7
       6
       6
       4
       2
       0
       4
       3
       3
       2
       9
       3
       6
       1
       3
       4
       3
       5
       1
       6
       3
       3
       6
       6
       4
       9
       1
       1
       3
       2
       2
       4
       7
       0
       4
       3
       3
       0
       2
       2
       4
       0
       2
       1
       2
       5
       2
       3
       4
       1
       3
       3
       4
       0
       3
       3
       5
       4
       1
       4
       0
       5
       4
       4
       1
       3
       3
       5
       2
       3
       6
       8
       2
       6
       0
       3
       5
       6
       3
       3
       4
       3
       3
       2
       6
       5
       4
       0
       6
       4
       4
       2
       3
       1
       3
       5
       3
       3
       2
       2
       4
       4
       3
       4
       2
       2
       2
       0
       1
       4
       1
       3
       4
       5
       4
       1
       2
       5
       3
       3
       1
       4
       3
       1
       2
       2
       4
       1
       3
       5
       4
       2
       2
       2
       3
       2
       5
       4
       2
       2
       2
       4
       7
       2
       4
       2
       3
       3
       7
       1
       6
       7
       2
       1
       7
       4
       3
       2
       2
       3
       1
       4
       3
       2
       2
       5
       0
       2
       6
       3
       4
       2
       3
       1
       2
       3
       6
       7
       4
       2
       7
       5
       4
       6
       1
       3
       3
       5
       2
       3
       4
       5
       6
       4
       5
       2
       2
       2
       2
       2
       1
       3
       2
       4
       2
       3
       5
       4
       1
       1
       2
       2
       1
       1
       2
       6
       1
       8
       2
       1
       3
       2
       2
       2
       2
       2
       4
       3
       1
       2
       3
       1
       5
       4
       5
       7
       2
       2
       3
       2
       1
       3
       2
       1
       4
       1
       1
       3
       4
       5
       4
       3
       2
       2
       0
       4
       1
      10
       4
       6
       3
       1
      10
       2
       2
       5
       5
       6
       4
      11
       2
       3
       5
       5
       5
       7
       3
       4
       2
       1
       2
       2
       0
       1
       2
       2
       1
       0
       0
       2
       0
       0
       0
       0
       0
       0
       0
       0
       0
       0
       0
       0
       0
$ROI:
1
1331 1635
$PRESETS:
Live Time
6600
0
$ENER_FIT:
-37.406231 1.986979
$MCA_CAL:
3
-3.740623E+001 1.986979E+000 0.000000E+000 keV
$SHAPE_CAL:
3
0.000000E+000 0.000000E+000 0.000000E+000
