$SPEC_ID:
This is sample 088.
$SPEC_REM:
DET# 1
DETDESC# DIP1456 PCI-Trump SN 253
AP# Maestro Version 7.01
$DATE_MEA:
12/29/2024 10:39:41
$MEAS_TIM:
6600 6796
$DATA:
0 2047
       0
       0
       0
       0
       0
       0
       0
       0
       0
       0
       0
       0
       0
       0
       0
       0
       0
       0
       0
       0
       0
       0
       0
       0
       0
       0
       0
       0
       0
       0
       0
       0
       0
       0
       0
       0
       0
       0
       0
       0
       0
       0
       0
       0
       0
       0
       0
       0
       0
       0
       0
       0
      30
     109
      96
      87
     106
     109
     107
     110
     105
     110
     103
     138
     106
     126
     104
     131
     122
     126
      98
     116
     120
     118
     119
     110
     107
     103
     112
     113
     118
     108
     128
     119
     138
     111
     110
     108
     125
     109
      99
     111
     108
     108
      95
     114
     106
     125
     125
     123
     121
     110
     110
     117
     101
     118
     103
     118
     121
     137
     125
     115
     115
     134
     101
     114
     115
     123
     137
     120
     119
     114
     111
     138
     109
     108
     137
     115
     122
      99
     123
     125
     117
      96
     129
     101
     123
     120
     128
     111
     128
     136
     119
     112
     125
     107
     131
     109
     125
     138
      93
     118
     116
     143
     131
     122
     119
     119
     137
     125
     129
     120
     121
     119
     128
     147
     124
     115
     117
     135
     115
     112
     125
     114
     132
     147
     144
     118
     123
     109
      97
     113
     115
     118
     109
     111
     121
     119
     141
     106
     124
     120
     143
     126
     126
     139
     133
     120
     138
     131
     125
     122
     136
     139
     132
     139
     127
     128
     116
     115
     113
     139
     132
     130
     131
     121
     125
     127
     128
      96
     126
     112
     135
     140
     141
     123
     138
     127
     134
     117
     130
     132
     123
     109
     116
     103
     115
     124
     136
     117
     132
     129
     123
     129
     127
     110
     129
     116
     134
     132
     118
     123
     111
     123
     113
     115
     109
     120
     113
     137
     121
     129
     128
     127
     128
     120
     110
     121
     103
     139
     127
     127
     120
     135
     115
     132
     129
     127
     138
     107
     124
     105
     133
     104
     123
     106
     137
     144
     125
     135
     128
     123
     126
     109
     120
     116
     115
     150
     128
     114
     124
     144
     126
     110
     123
     111
     116
     121
     132
     133
     135
     153
     135
     139
     150
     124
     121
     120
     118
     133
     108
     131
     115
     110
     117
     140
     132
     131
     134
     102
     126
     133
     133
     140
     119
     133
     126
     119
     138
     125
     135
     124
     120
     146
     120
     137
     106
     143
     110
     131
     117
     128
     110
      99
     123
     126
     136
     122
     126
     121
     129
     126
     127
     113
     108
     118
     116
     117
     127
     125
     118
     112
     132
     129
     108
     118
     137
     118
     156
     123
     122
     122
     102
     120
     132
     129
     117
     143
     107
     127
     140
     120
     119
     149
     123
     134
     139
     123
     125
     120
     127
     135
     112
     134
     136
     119
     125
     141
     121
     118
     127
     129
     110
     125
     114
     122
     143
     116
     136
     129
     120
     113
     131
     164
     141
     122
     120
     122
     114
     150
     112
     115
     163
     140
     102
     134
     147
     118
     115
     118
     124
     113
     128
     145
     111
     127
     104
     139
     119
     121
     112
     127
     137
     128
     123
     130
     139
     139
     138
     130
     145
     128
     126
     117
     134
     131
     117
     119
     134
     134
     124
     142
     125
     110
     127
     132
     132
     136
     131
     118
     128
     126
     122
     137
     119
     129
     128
     117
     128
     124
     120
     116
     128
     132
     133
     135
     144
     124
     149
     120
     108
     114
     137
     121
     154
     117
     130
     145
     147
     152
     128
     148
     116
     141
     122
     124
     142
     149
     141
     160
     118
     145
     134
     151
     130
     142
     134
     135
     127
     129
     149
     145
     150
     124
     120
     133
     155
     142
     128
     151
     142
     167
     161
     139
     134
     130
     135
     118
     119
     139
     133
     146
     133
     134
     160
     140
     115
     153
     130
     136
     145
     138
     143
     134
     157
     152
     153
     134
     150
     138
     127
     138
     123
     127
     122
     140
     141
     137
     129
     143
     145
     117
     127
     146
     123
     133
     126
     132
     134
     121
     154
     157
     136
     131
     125
     108
     157
     136
     127
     117
     141
     134
     149
     128
     124
     134
     115
     132
     123
     136
     118
     133
     139
     104
     124
     162
     141
     137
     141
     113
     139
     129
     139
     124
     125
     129
     131
     131
     127
     130
     130
     150
     116
     113
     127
     129
     130
     124
     112
     112
     133
     155
     141
     142
     129
     149
     128
     112
     122
     125
      89
      94
     120
     118
     134
     126
     143
     127
     148
     137
     129
     118
     120
     127
     133
     137
     124
     111
     143
     120
     121
     139
     131
     138
     132
     126
     118
     117
     108
     138
     114
     132
     112
     106
     119
     118
     110
     124
     122
     126
     127
     116
     105
     108
     133
     131
     109
     105
     124
     107
     111
     127
     127
     125
     117
     127
     109
     121
     125
     112
     103
     113
     115
     121
     123
     140
     101
     141
     134
     150
     123
     123
     112
     125
     131
     120
     107
     111
     128
     134
     110
     132
     116
     136
     107
     133
     126
     106
     125
     117
     103
     112
     118
     117
     134
     120
     132
     114
     117
     140
     104
     130
     122
     113
     126
     109
     142
     134
     115
     113
     123
     109
     127
     136
     111
     110
     127
     122
     110
     127
     114
     135
     113
     118
     139
     107
     130
     115
     122
     117
     133
     105
     127
     120
     114
     144
     118
     140
     125
     118
     137
     128
     136
     118
     141
     135
     130
     141
     125
     122
     123
     125
     117
     146
     148
     127
     127
     154
     127
     126
     145
     136
     128
     143
     138
     117
     119
     134
     123
     139
     136
     134
     144
     133
     113
     127
     118
     126
     138
     130
     117
     128
     120
     147
     116
     152
     150
     130
     122
     131
     142
     150
     143
     114
     150
     123
     135
     130
     115
     137
     137
     109
     121
     117
     157
     143
     125
     139
     142
     126
     147
     124
     127
     135
     128
     116
     151
     142
     131
     157
     115
     138
     152
     142
     127
     120
     150
     151
     126
     162
     136
     169
     137
     130
     148
     156
     139
     165
     140
     134
     135
     141
     131
     136
     157
     130
     146
     139
     134
     119
     135
     152
     128
     152
     133
     124
     103
     148
     150
     107
     128
     136
     144
     142
     130
     145
     143
     144
     152
     140
     123
     134
     132
     133
     123
     125
     132
     135
     124
     127
     131
     128
     109
     136
     115
     134
     110
     107
     123
     112
     119
     132
     114
     106
      93
     115
     125
     106
     102
     109
      95
     107
     115
     114
      94
     101
      93
      89
      71
      87
      93
     100
      98
      90
     116
      87
      79
      83
      83
      85
      90
      65
      79
      69
      70
      80
      79
      75
      66
      71
      74
      72
      57
      66
      51
      46
      52
      68
      55
      53
      61
      62
      50
      52
      48
      59
      54
      51
      53
      42
      49
      52
      39
      41
      39
      48
      36
      33
      42
      39
      46
      35
      43
      27
      49
      41
      40
      31
      32
      33
      33
      44
      31
      45
      31
      31
      34
      32
      23
      34
      35
      29
      35
      37
      39
      34
      38
      23
      37
      28
      27
      28
      34
      25
      19
      43
      41
      31
      23
      26
      24
      21
      16
      36
      31
      25
      24
      19
      32
      25
      28
      26
      33
      25
      35
      27
      19
      31
      24
      20
      23
      17
      19
      23
      23
      20
      14
      15
      22
      19
      20
      20
      17
      25
      18
      22
      20
      17
      16
      15
      19
      22
      20
      17
      17
      19
      15
      17
      17
      32
      14
      14
      12
      14
      26
      16
      13
      14
      16
      24
      15
      17
      15
      18
       9
      13
      12
      18
      19
      20
      20
      12
      11
      13
      16
      11
      19
      20
      19
       9
      10
      11
      15
      10
      20
      12
      14
      15
      15
      13
      12
      14
      16
      18
      12
      11
       8
      16
      16
      10
      18
      12
      15
       9
       8
      10
       8
      14
      10
      13
       9
      19
      12
      14
      10
      12
      21
      11
      10
       9
      11
       8
      14
      15
      13
      12
      11
       9
       9
      11
      11
      15
      10
      17
      13
      11
      10
       9
      12
      12
      13
       7
      14
      14
      10
      11
       8
       6
      14
       5
      10
       7
       8
       8
      10
      11
       9
       7
       7
      11
      18
       7
       6
      10
      12
       9
       7
       9
      12
      13
       9
       9
      15
      11
       7
       9
      15
      13
      14
      12
      11
      10
       8
      11
       6
      10
       8
      12
       9
      10
       8
      14
      16
      10
      18
      13
       8
      11
      11
      10
      12
       8
      12
      10
      10
      11
      10
       8
      11
      13
      12
       9
      12
      17
      10
      13
      16
      15
       9
      10
       9
       9
      12
      14
      13
       8
      13
      11
       9
       8
      10
       9
       7
      10
      11
      12
      11
      10
      13
       8
      19
      11
       9
       9
       9
      14
       9
       7
      11
       9
      10
      15
      13
      13
       7
      15
      13
      14
      17
      12
      10
       9
      15
      11
       8
      10
      15
      11
      10
      20
      15
      13
      14
      11
      21
      15
      12
      12
       5
       8
      16
      23
       8
      11
       9
      14
      20
      21
      19
      23
      16
      27
      25
      19
      19
      20
      31
      26
      16
      30
      43
      31
      20
      31
      36
      43
      47
      56
      42
      48
      48
      65
      54
      54
      73
      72
      77
      73
      95
      98
     110
     114
     112
     120
     136
     126
     117
     141
     157
     162
     138
     170
     196
     186
     216
     179
     247
     236
     239
     236
     249
     279
     321
     309
     319
     326
     316
     317
     394
     354
     429
     420
     446
     459
     489
     527
     522
     547
     553
     541
     555
     587
     626
     685
     669
     668
     679
     739
     701
     748
     808
     809
     832
     850
     910
     948
     889
     997
     998
    1024
    1038
    1062
    1113
    1177
    1094
    1166
    1209
    1229
    1255
    1357
    1304
    1316
    1428
    1356
    1441
    1439
    1537
    1477
    1558
    1548
    1511
    1536
    1589
    1580
    1646
    1642
    1605
    1658
    1655
    1668
    1750
    1727
    1775
    1817
    1789
    1812
    1890
    1847
    1808
    1853
    1852
    1848
    1893
    1958
    1878
    1894
    1865
    1929
    1846
    1893
    1861
    1858
    1869
    1846
    1866
    1944
    1831
    1813
    1882
    1829
    1807
    1886
    1887
    1772
    1766
    1725
    1814
    1683
    1707
    1731
    1781
    1670
    1651
    1657
    1636
    1595
    1508
    1496
    1506
    1525
    1426
    1408
    1384
    1413
    1404
    1327
    1342
    1268
    1262
    1194
    1215
    1168
    1131
    1070
    1135
    1054
    1077
    1030
     996
     926
     883
     896
     862
     925
     853
     794
     799
     762
     759
     704
     725
     668
     638
     650
     570
     575
     550
     532
     527
     541
     485
     407
     468
     431
     409
     414
     385
     366
     367
     306
     357
     310
     274
     274
     272
     254
     228
     213
     218
     215
     192
     194
     193
     181
     189
     172
     147
     123
     128
     118
     118
     123
     107
     110
     100
      92
      94
      69
      84
      67
      54
      64
      58
      59
      64
      41
      60
      47
      31
      35
      37
      35
      26
      36
      24
      20
      20
      21
      13
      24
      19
      17
      20
      21
      17
      10
       8
      14
      22
      13
      12
       5
      13
      11
      11
      10
       6
       4
       9
       7
       7
       7
       7
       4
       6
       7
       7
       4
       6
       2
       4
       8
      10
       3
       4
       2
       7
       3
       8
       4
       9
       7
       3
       5
       2
       6
       4
       2
       7
       5
       9
       7
       3
       4
       4
       5
       3
       7
       9
       0
       1
       5
       5
       5
       2
       4
       5
       4
       1
       6
       5
       6
       3
       1
       6
       2
       4
       5
       6
      10
       4
       4
       2
       3
       5
       4
       4
       5
       5
       2
       4
       7
       5
       3
       4
       0
       3
       4
       4
       3
       4
       8
      10
       5
       5
       4
       2
       2
       3
       3
       4
       4
       5
       3
       3
       3
       2
       6
       4
       5
       6
       3
       5
       3
       1
       2
       4
       5
       7
       3
       3
       0
       1
       2
       1
       1
       3
       3
       5
       3
       5
       7
       0
       2
       2
       2
       8
       3
       7
       4
       4
       4
       4
       5
       2
       3
       1
       4
       3
       7
       4
       3
       4
       5
       2
       7
       1
       4
       2
       2
       5
       5
       2
       7
       0
       2
       3
       4
       5
       1
       3
       5
       4
       3
       8
       5
       1
       6
       2
       4
       5
       6
       3
       1
       4
       4
       5
       2
       3
       2
       1
       2
       4
       3
       3
       3
       2
       1
       5
       6
       3
       2
       5
       3
       2
       4
       2
       3
       2
       3
       3
       4
       6
       9
       6
       3
       2
       3
       3
       4
       4
       3
       2
       3
       5
       5
       0
       4
       4
       1
       3
       9
       2
       4
       4
       3
       1
       3
       7
       3
       4
       4
       0
       1
       1
       5
       2
       1
       1
       3
       0
       6
       0
       2
       3
       4
       3
       4
       3
       4
       4
       2
       5
       2
       1
       2
       3
       3
       6
       8
       8
       2
       3
       5
       3
       0
       2
       0
       9
       7
       2
       2
       6
       4
       2
       4
       1
       4
       2
       2
       1
       6
       5
       3
       0
       4
       4
       6
       5
       3
       5
       2
       1
       8
       3
       4
       1
       2
       2
       2
       2
       0
       1
       3
       2
       3
       4
       3
       2
       1
       2
       2
       1
       5
       6
       2
       4
       2
       3
       6
       5
       4
       6
       4
       2
       0
       7
       1
       3
       2
       4
       3
       7
       3
       5
       2
       2
       3
       2
       3
       5
       6
       3
       2
       5
       1
       2
       4
       2
       1
       5
       1
       4
       2
       3
       1
       4
       4
       4
       4
       4
       3
       1
       2
       1
       4
       2
       2
       3
       6
       1
       1
       4
       8
       8
       5
       7
       8
       6
       2
       6
       3
       4
       3
       2
       3
       3
       4
       4
       6
       5
       3
       6
       2
       6
       3
       1
       1
       5
       2
       2
       2
       3
       4
       2
       1
       2
       3
       1
       0
       2
       0
       1
       0
       0
       2
       0
       0
$ROI:
1
1331 1635
$PRESETS:
Live Time
6600
0
$ENER_FIT:
-37.406231 1.986979
$MCA_CAL:
3
-3.740623E+001 1.986979E+000 0.000000E+000 keV
$SHAPE_CAL:
3
0.000000E+000 0.000000E+000 0.000000E+000
