$SPEC_ID:
This is sample 047.
$SPEC_REM:
DET# 1
DETDESC# DIP1456 PCI-Trump SN 253
AP# Maestro Version 7.01
$DATE_MEA:
11/15/2024 17:22:41
$MEAS_TIM:
44 46
$DATA:
0 2047
       0
       0
       0
       0
       0
       0
       0
       0
       0
       0
       0
       0
       0
       0
       0
       0
       0
       0
       0
       0
       0
       0
       0
       0
       0
       0
       0
       0
       0
       0
       0
       0
       0
       0
       0
       0
       0
       0
       0
       0
       0
       0
       0
       0
       0
       0
       0
       0
      20
      39
      46
      35
      47
      53
      45
      57
      48
      45
      40
      55
      50
      55
      46
      58
      46
      47
      50
      55
      45
      53
      58
      46
      72
      53
      56
      60
      56
      52
      58
      67
      56
      50
      50
      56
      54
      40
      50
      67
      62
      58
      51
      67
      60
      43
      53
      49
      49
      53
      60
      55
      64
      53
      59
      62
      59
      75
      54
      69
      74
      65
      57
      57
      76
      65
      64
      63
      66
      58
      60
      64
      71
      56
      45
      52
      71
      71
      74
      55
      65
      47
      64
      62
      69
      61
      62
      64
      50
      51
      52
      65
      69
      65
      62
      57
      57
      66
      62
      54
      53
      69
      57
      66
      63
      49
      64
      56
      67
      56
      66
      60
      54
      66
      57
      61
      71
      64
      69
      50
      64
      59
      61
      74
      59
      68
      58
      57
      72
      57
      73
      76
      73
      77
      66
      61
      78
      65
      61
      64
      70
      70
      60
      69
      59
      63
      60
      53
      73
      66
      61
      87
      63
      70
      87
      72
      82
      82
      53
      68
      65
      54
      61
      67
      72
      62
      79
      62
      60
      67
      85
      64
      74
      75
      61
      69
      71
      77
      81
      78
      73
      75
      78
      92
      55
      82
      83
      64
      82
      78
      77
      77
      81
      72
      79
      62
      62
      76
      75
      87
      79
      70
      79
      78
      70
      78
      91
      63
      81
     102
      86
      69
      74
      81
      90
      80
      77
      78
      85
      77
      60
      85
      72
      85
      84
     100
      69
      89
      91
      90
      88
      91
      84
      73
      99
      81
      89
      93
      71
      85
      84
      82
      82
      91
      95
      72
      85
      93
      72
      94
      82
      92
      97
      84
      78
      84
      71
      59
      96
      82
      98
      94
      88
      82
      69
      93
      85
      82
      99
      81
      80
      58
      85
      87
      89
      88
      86
      84
      73
      96
      86
      91
      83
      76
     111
      86
      87
      71
      85
     109
      92
      93
     100
      88
      91
      79
     103
      74
     101
     101
      83
      95
      80
     101
      94
      76
      83
      86
      87
      98
      93
      72
      91
      83
      95
      74
      92
      97
      76
      93
      96
      93
      99
      83
     110
      82
      97
      84
      93
      85
      82
      93
      86
      92
      89
     113
     107
      96
      88
      90
     122
      95
      85
     108
     102
      94
      94
     100
      91
     102
      89
      85
     107
      87
     100
     114
      91
     109
      95
      90
      91
     107
     116
      89
      99
      87
      91
      89
      75
      93
     102
      98
      96
      92
      88
     101
      86
     112
      99
      94
      87
      94
      86
      80
     101
      98
     104
      70
      88
     114
      92
      88
      85
     117
      78
     106
     105
      97
     106
      86
      86
     107
      90
     107
      85
      95
     109
     105
      89
      98
     107
      99
      91
     105
      94
     106
     106
      84
      92
      87
     130
     106
      93
     103
      90
     110
      99
     118
      93
      98
     111
      91
     114
      99
      92
     119
     104
     101
     106
     112
     109
     107
      79
      99
      95
      90
      95
      96
      91
     101
      96
      86
      98
      94
     101
      94
     122
      95
     126
      70
      96
      95
      97
      88
     100
      94
      96
     100
     120
      80
     103
     117
      98
     124
     103
      88
     100
     113
     117
     113
     100
     102
     103
     120
     122
     123
     120
     135
     143
     125
     123
     113
     135
     132
     121
     121
     123
     115
     112
     138
     122
     142
     138
     130
     127
     132
     135
     121
     146
     135
     129
     146
     123
     139
     145
     146
     138
     133
     124
     134
     137
     125
     145
     153
     141
     139
     128
     126
     149
     114
     116
     141
     126
     151
     138
     114
     139
     129
     138
     138
     135
     133
     132
     135
     130
     133
     138
     123
     118
     112
     119
     124
     136
     133
     131
     123
     109
     119
     112
     127
     141
     118
     112
     110
     138
     126
     131
     123
     115
      96
     104
     136
     118
     124
     144
     124
      98
     123
      99
      91
     116
     112
     113
     113
     103
     133
     110
     117
     122
     127
     120
     114
     117
     121
     112
     107
      93
     116
     111
     109
      81
     123
     104
     101
     119
     106
     107
     106
     105
     114
     119
      93
      98
      95
      98
     110
     118
     106
     114
     132
     111
     106
     117
     113
      99
      93
      97
     118
     136
     130
     107
      86
     110
      97
     119
     103
     125
     132
     122
     102
     128
     125
     111
     113
     108
      93
      93
     136
     111
      97
     105
      94
     109
     110
      93
     101
     109
     104
      83
     117
     107
     126
     111
      93
     111
     100
     111
     110
      94
      81
     108
     106
      97
     125
     103
      96
     106
      93
      96
     116
      93
      92
      97
     106
     107
      84
      99
     102
      96
      88
      95
      89
      93
     110
     103
      97
      89
      85
      89
      91
      88
      94
      78
      86
      93
      94
     101
      85
      85
     108
      77
      96
      89
      84
      85
      75
      96
      86
      90
      86
      90
      98
      82
     106
     104
      89
      94
      95
      97
      88
      69
      87
      87
      91
      87
      94
      96
      77
      79
      93
      67
      97
      76
      91
      85
      79
      97
      92
      84
      73
      84
      83
      87
     109
      67
      76
      74
      64
      88
      95
      84
      94
      88
      75
      94
      77
      65
      65
      81
      80
      75
      87
      85
      64
      84
      79
      71
      75
      72
      70
      78
      75
      75
      69
      70
      80
      84
      78
      63
      63
      79
      71
      83
      81
      73
      63
      75
      80
      78
      61
      75
      67
      59
      72
      64
      68
      77
      87
      82
      66
      80
      72
      77
      93
      53
      82
      83
      77
      74
      86
      85
      72
      72
      72
      61
      72
      68
      82
      81
      81
      73
      72
      78
      68
      80
      62
      65
      70
      85
      69
      71
      72
      84
      85
      72
      86
      81
      74
      58
      68
      64
      63
      78
      76
      68
      73
      79
      58
      65
      70
      60
      68
      60
      65
      64
      65
      66
      63
      66
      63
      78
      73
      65
      68
      67
      69
      64
      64
      87
      65
      64
      75
      65
      65
      63
      63
      64
      62
      81
      79
      58
      65
      59
      85
      64
      69
      54
      80
      74
      70
      67
      77
      74
      77
      72
      66
      60
      58
      65
      79
      67
      74
      78
      59
      77
      77
      68
      56
      80
      61
      72
      56
      58
      63
      65
      58
      74
      52
      72
      71
      73
      75
      63
      77
      54
      56
      63
      57
      46
      47
      58
      49
      55
      54
      57
      59
      54
      74
      54
      58
      58
      60
      61
      62
      57
      48
      56
      74
      47
      50
      54
      45
      56
      71
      64
      44
      32
      53
      53
      60
      34
      57
      55
      54
      47
      50
      45
      50
      49
      40
      38
      46
      48
      56
      38
      48
      55
      45
      44
      50
      35
      42
      41
      40
      45
      35
      49
      42
      34
      44
      53
      48
      43
      45
      43
      21
      48
      29
      51
      45
      38
      40
      32
      46
      43
      27
      43
      37
      30
      52
      35
      42
      33
      29
      40
      33
      32
      28
      32
      29
      30
      31
      35
      35
      29
      40
      24
      34
      41
      31
      36
      25
      37
      26
      37
      27
      37
      40
      26
      31
      43
      35
      28
      28
      27
      28
      27
      22
      26
      28
      26
      32
      35
      24
      34
      26
      32
      36
      23
      23
      27
      23
      30
      28
      35
      27
      19
      27
      36
      22
      21
      33
      34
      32
      22
      26
      39
      25
      27
      38
      29
      28
      28
      25
      25
      34
      23
      32
      28
      26
      26
      18
      25
      17
      25
      25
      19
      27
      33
      23
      30
      18
      19
      29
      19
      28
      23
      30
      21
      28
      23
      16
      29
      28
      19
      25
      19
      23
      16
      26
      25
      26
      22
      19
      25
      25
      23
      28
      19
      24
      30
      19
      25
      22
      19
      19
      21
      18
      21
      21
      27
      23
      33
      30
      21
      25
      25
      30
      20
      21
      25
      16
      19
      25
      18
      17
      31
      24
      15
      22
      24
      33
      23
      19
      20
      16
      25
      15
      23
      11
      17
      18
      22
      19
      19
      20
      20
      23
      22
      22
      21
      18
      25
      23
      20
      25
      16
      22
      17
      14
      11
      18
      19
      26
      19
      19
      16
      24
      25
      16
      17
      19
      14
      17
      12
      18
      15
      26
      16
       9
      23
      14
      19
      22
      28
      12
      16
      26
       9
      15
      16
      21
       8
      11
      15
      17
      19
      13
      17
      15
      14
      15
      16
      22
      27
       6
      15
      15
      22
      13
      17
      15
      20
      18
      10
      15
      14
      16
      20
      25
      13
      16
      15
      19
      20
      18
      13
      15
      18
      15
      19
      18
      17
      15
      21
      17
      21
      23
       8
      18
      16
      12
      20
      13
      15
      14
      17
      26
      10
      22
      13
      18
      12
      14
      20
       9
      12
      13
      15
      11
      13
      20
      15
      17
      16
      18
      12
      18
      14
      18
      17
      14
      15
      26
      13
      18
      14
      12
      12
      19
       9
      24
      16
      14
      10
      14
      19
      17
      12
      15
      13
      15
      17
      16
       7
      19
      22
      18
      26
       9
      16
      15
      14
      14
      13
      16
      16
      17
      15
      18
      18
      18
      14
      21
       7
      13
      13
      11
      16
      13
      18
      18
      17
      22
      14
      19
      18
      18
      16
      18
      18
       7
      24
      16
      28
      13
      19
      21
      10
      12
      17
      23
      14
      19
      20
      20
      15
      22
      28
      24
      26
      22
      25
      26
      30
      29
      24
      33
      28
      38
      31
      30
      27
      29
      39
      26
      37
      41
      41
      37
      37
      42
      34
      40
      52
      53
      44
      49
      35
      63
      49
      53
      72
      50
      61
      70
      62
      76
      69
      75
      78
      83
     103
      71
      93
      90
      84
     102
     102
      93
     112
     139
     136
     129
     131
     152
     123
     143
     133
     166
     141
     163
     156
     165
     179
     175
     164
     191
     201
     211
     202
     207
     197
     208
     202
     197
     216
     234
     219
     236
     232
     246
     259
     255
     274
     241
     273
     282
     294
     250
     293
     282
     336
     313
     302
     318
     334
     347
     325
     335
     374
     328
     354
     343
     339
     354
     375
     412
     376
     347
     357
     371
     398
     408
     393
     398
     380
     400
     381
     372
     391
     451
     437
     426
     393
     371
     436
     425
     416
     416
     438
     432
     415
     374
     422
     396
     404
     451
     414
     411
     398
     391
     409
     389
     438
     368
     415
     392
     404
     389
     352
     360
     385
     371
     364
     374
     366
     369
     342
     356
     336
     348
     316
     332
     353
     314
     348
     302
     313
     312
     303
     286
     262
     273
     293
     260
     273
     254
     245
     213
     206
     225
     215
     225
     214
     231
     213
     200
     204
     176
     174
     183
     173
     161
     163
     160
     154
     158
     139
     151
     147
     131
     132
     115
     129
     133
      91
     108
     100
     105
     109
      90
      94
      94
      82
     101
      85
      78
      73
      81
      64
      53
      66
      56
      57
      55
      48
      49
      61
      54
      58
      46
      45
      42
      52
      40
      38
      43
      34
      34
      29
      24
      19
      23
      30
      23
      22
      29
      23
      20
      26
      22
      23
      23
      14
      22
      26
      17
      24
      16
      23
      10
      14
      15
      19
      17
      16
      12
      14
      10
      16
      17
      11
      20
      14
      12
       7
      11
      15
      11
       9
       7
       9
      10
      14
      12
       6
       9
      12
      10
       8
      14
       7
      12
      10
       7
      13
      10
       7
      10
       9
       9
      11
       6
       9
      12
      11
      11
      10
       4
       9
       4
      13
       9
      11
       8
      19
       8
      10
       9
       9
       7
       5
       5
      12
      10
       5
      12
      11
      13
      12
       9
       8
       6
       6
       9
       9
      17
      11
      13
      12
       8
       6
       7
       9
      13
      10
       9
      12
      12
       7
       5
      12
       8
      10
       8
       7
       9
      16
      12
       7
       5
       9
      12
       4
      10
      11
      10
      12
       9
      10
       4
       9
       8
       7
       8
       8
       7
       9
       7
       5
       9
       1
      11
       5
      12
       7
       5
      10
      12
      11
       5
       4
      10
       5
      13
       9
       9
       5
       8
      10
      12
      15
       8
      13
      15
       9
      13
       8
       9
      12
       9
      10
       7
       6
      10
       6
      10
      13
       8
       5
       6
       9
       8
       7
      10
       9
      13
      10
       6
       7
      12
       7
       7
       7
       9
      13
      14
      10
       9
      11
       9
      12
      12
       7
       3
       5
       7
      11
      11
      10
      11
       6
      12
       8
       3
       1
       6
       8
       9
      10
       9
       7
       8
      11
       4
       6
       9
      11
      11
       9
       5
       8
       9
      13
       9
       7
       9
       6
      12
       9
      12
       5
       5
      11
       8
      10
       7
       9
       4
      10
       9
      10
       5
       5
       4
       8
      14
       7
      14
       4
      13
      11
       4
      12
       2
       7
       7
       4
       8
       5
      12
       8
       6
      10
       7
      13
       7
       5
       6
       6
      10
       6
       8
       6
       9
       9
       6
       8
       7
      10
      12
       5
       9
      11
      10
       7
       8
       9
       4
      10
       6
       9
       8
       7
      11
      12
       7
       5
       5
       9
       7
       5
       8
       6
      10
       7
       6
       6
       7
       8
       4
       7
       4
       0
       0
       0
       0
       0
       0
       0
       0
       0
       0
       0
       0
       0
       0
       0
       0
       0
       0
       0
       0
       0
       0
       0
       0
       0
       0
       0
       0
       0
       0
       0
       0
       0
       0
       0
       0
       0
       0
       0
       0
       0
       0
       0
       0
       0
       0
$ROI:
0
$PRESETS:
Live Time
1036800
0
$ENER_FIT:
-37.406231 1.986979
$MCA_CAL:
3
-3.740623E+001 1.986979E+000 0.000000E+000 keV
$SHAPE_CAL:
3
0.000000E+000 0.000000E+000 0.000000E+000
