$SPEC_ID:
This is sample 047.
$SPEC_REM:
DET# 1
DETDESC# DIP1456 PCI-Trump SN 253
AP# Maestro Version 7.01
$DATE_MEA:
11/15/2024 17:24:18
$MEAS_TIM:
13 14
$DATA:
0 2047
       0
       0
       0
       0
       0
       0
       0
       0
       0
       0
       0
       0
       0
       0
       0
       0
       0
       0
       0
       0
       0
       0
       0
       0
       0
       0
       0
       0
       0
       0
       0
       0
       0
       0
       0
       0
       0
       0
       0
       0
       0
       0
       0
       0
       0
       0
       0
       0
       0
       3
      15
      16
      12
      14
      17
       8
      14
      10
      23
      12
       9
      10
      17
      16
      18
      13
      14
      18
       9
      12
      19
      11
      12
       8
      20
      10
      10
      18
      15
      14
      10
      25
      16
      20
      25
      15
      11
      21
      19
      15
      21
      16
      17
      18
      17
      22
      16
      19
      18
      14
      14
      16
      20
      12
      22
      19
      14
      19
      18
       8
      17
      15
      18
      16
      22
      18
      14
      15
       9
      12
      27
      14
      15
      16
      28
      11
      24
      20
      15
      14
      25
      17
      15
      21
      23
      17
      21
      12
      12
      28
      13
      14
      14
      17
      15
      18
      15
      15
      12
      19
      21
      17
      15
      15
      24
      16
      16
      18
      16
      14
      12
      19
      21
      17
      18
      17
      14
      21
      18
      15
      17
      16
      16
      19
      20
      20
      21
      23
      21
      18
      23
      17
      24
      17
      22
      19
      13
      20
      18
      17
      13
      20
      17
      17
      19
      22
      16
      19
      26
      27
      19
      24
      16
      21
      22
      19
      23
      22
      24
      19
      19
      19
      15
      16
      28
      20
      14
      14
      10
      14
      20
      23
      22
      23
      24
      23
      19
      19
      16
      11
      22
      18
      16
      11
      28
      22
      22
      29
      20
      23
      19
      22
      22
      21
      19
      10
      20
      25
      26
      14
      27
      24
      34
      19
      30
      22
      15
      19
      24
      30
      21
      20
      15
      29
      17
      21
      24
      32
      19
      16
      24
      21
      20
      21
      24
      25
      21
      19
      21
      21
      15
      27
      26
      31
      25
      18
      23
      21
      17
      33
      29
      29
      28
      23
      24
      21
      22
      27
      23
      24
      22
      35
      25
      25
      24
      38
      20
      17
      23
      32
      25
      25
      28
      19
      23
      27
      23
      28
      26
      15
      26
      27
      32
      33
      23
      37
      19
      20
      22
      33
      28
      18
      18
      26
      24
      19
      22
      18
      21
      30
      24
      22
      29
      27
      25
      26
      25
      20
      32
      25
      23
      31
      22
      27
      27
      22
      32
      34
      27
      33
      25
      33
      31
      16
      31
      23
      18
      24
      28
      25
      21
      23
      25
      28
      29
      22
      20
      21
      21
      25
      19
      27
      25
      26
      26
      24
      19
      26
      23
      20
      22
      25
      19
      26
      18
      37
      21
      20
      28
      28
      26
      31
      21
      35
      31
      28
      28
      28
      36
      26
      27
      27
      34
      24
      30
      21
      25
      21
      19
      22
      21
      27
      31
      25
      32
      35
      26
      28
      36
      31
      27
      23
      28
      24
      23
      19
      35
      31
      36
      25
      30
      13
      18
      30
      20
      44
      21
      24
      34
      25
      26
      30
      26
      33
      23
      23
      24
      26
      33
      22
      28
      24
      22
      23
      26
      30
      36
      34
      30
      32
      25
      44
      21
      24
      27
      30
      32
      24
      19
      31
      29
      23
      34
      25
      31
      25
      23
      23
      38
      21
      24
      33
      28
      25
      21
      29
      15
      24
      29
      27
      26
      22
      20
      22
      24
      34
      19
      21
      21
      22
      29
      25
      32
      33
      22
      34
      28
      30
      29
      27
      30
      23
      30
      36
      33
      25
      27
      25
      37
      20
      29
      24
      32
      25
      35
      25
      17
      23
      22
      41
      33
      36
      29
      24
      35
      23
      25
      29
      33
      22
      23
      41
      30
      37
      32
      35
      32
      27
      45
      26
      28
      21
      36
      45
      40
      32
      24
      42
      43
      32
      37
      33
      30
      21
      34
      34
      32
      39
      44
      26
      40
      39
      28
      39
      35
      34
      30
      38
      30
      41
      37
      37
      30
      39
      44
      32
      40
      43
      37
      39
      34
      42
      48
      31
      39
      39
      29
      33
      34
      34
      45
      39
      40
      52
      40
      32
      36
      23
      31
      33
      35
      36
      37
      24
      39
      40
      46
      31
      33
      47
      38
      36
      30
      38
      40
      34
      40
      34
      39
      40
      35
      34
      33
      47
      27
      37
      51
      27
      38
      30
      24
      45
      38
      37
      32
      51
      36
      33
      30
      33
      47
      35
      31
      27
      40
      41
      28
      32
      41
      28
      35
      34
      34
      29
      41
      18
      27
      34
      32
      34
      32
      33
      34
      30
      28
      33
      27
      30
      27
      33
      29
      35
      32
      24
      26
      34
      24
      30
      34
      36
      31
      40
      32
      33
      24
      37
      37
      35
      20
      27
      25
      25
      31
      27
      30
      29
      23
      29
      32
      37
      30
      29
      33
      38
      29
      32
      25
      19
      28
      26
      31
      35
      25
      31
      35
      29
      26
      21
      31
      37
      31
      32
      28
      27
      23
      37
      28
      30
      36
      28
      25
      25
      38
      31
      33
      36
      27
      23
      42
      30
      25
      23
      32
      23
      19
      28
      30
      30
      35
      26
      27
      27
      32
      29
      15
      29
      36
      25
      29
      19
      24
      26
      24
      21
      21
      25
      23
      30
      26
      21
      30
      31
      21
      26
      21
      28
      27
      24
      24
      25
      28
      26
      26
      25
      21
      19
      24
      37
      24
      25
      24
      22
      20
      28
      27
      24
      29
      22
      30
      26
      25
      18
      13
      21
      27
      23
      25
      17
      15
      16
      28
      23
      24
      26
      23
      23
      20
      12
      22
      27
      25
      26
      23
      17
      25
      18
      26
      25
      13
      17
      20
      23
      23
      18
      26
      30
      28
      24
      20
      23
      21
      24
      18
      28
      20
      21
      26
      24
      15
      18
      26
      31
      26
      24
      29
      16
      24
      28
      22
      20
      22
      17
      24
      20
      17
      11
      22
      23
      16
      19
      20
      18
      23
      23
      18
      17
      27
      24
      19
      18
      20
      22
      21
      21
      16
      23
      15
      22
      21
      18
      23
      26
      20
      23
      16
      23
      17
      22
      12
      20
      15
      26
      23
      21
      20
      24
      25
      10
      38
      20
      21
      20
      17
      24
      18
      17
      24
      19
      19
      23
      18
      27
      20
      20
      13
      17
      21
      21
      16
      19
      21
      17
      18
      27
      23
      24
      26
      19
      16
      23
      14
      19
      19
      25
      16
      16
      21
      28
      22
      24
      18
      17
      17
      15
      18
      19
      15
      19
      19
      21
      18
      21
      14
      26
      21
      14
      28
      30
      21
      16
      18
      19
      17
      20
      21
      15
      23
      18
      11
      21
      23
      13
      21
      19
      19
      21
      18
      18
      18
      20
      30
      16
      20
      16
      20
      21
       9
      21
      16
      21
      16
      19
      17
      21
      20
      18
      19
      17
      18
      21
      24
      23
      20
      24
      15
      13
      17
      16
      23
      18
      19
       9
      16
      20
      16
      20
      12
      19
      20
      20
      20
      19
      16
      13
      23
      14
      19
      19
      23
      17
      14
      11
      18
      12
      18
      21
      13
      17
      21
      16
      20
      11
      13
      18
       9
      13
      17
      15
      16
      21
      13
       9
      16
      14
      12
      14
      13
       4
      13
      14
      12
       8
      11
      10
      11
       8
      17
       6
      10
      12
       9
       9
      11
      17
      14
      10
      17
       8
      11
       9
       5
      15
       2
       9
      11
      13
       7
      10
      12
      14
      11
       7
      12
      10
      12
       8
       7
      13
      11
       6
       7
      10
       7
       7
      13
      14
       5
       6
      14
      12
      19
       9
       9
      14
       9
       9
       9
       7
      11
      12
       7
      12
      10
       7
       8
      13
       6
      10
       8
       5
      10
       8
       6
      10
      10
       9
       7
      13
       8
       7
       8
       9
      13
       8
       7
      10
       9
      16
       7
      11
       3
       6
       5
       7
       6
       5
       7
       8
      10
      13
      10
       6
       6
      10
       4
       6
      12
       8
       7
      12
       7
       6
       8
      11
      12
      13
       4
       5
       5
       9
      10
       4
       9
       8
       6
      11
       7
       6
       6
       4
       4
       6
      10
       7
       8
       6
       5
       6
       8
       7
       5
       3
       4
       5
       5
      12
       4
       8
       6
       4
       3
       5
       6
       2
       5
       5
       6
       2
       4
      11
       5
       8
       8
       6
       7
       3
       2
       4
       8
       9
       5
       8
       3
       7
       8
       6
      13
       5
      10
      11
       5
       7
       4
       8
       6
       6
       8
       8
       9
       3
       3
       4
       5
       3
       3
       3
       6
       6
       2
       6
       5
       4
      10
       7
       5
       8
       4
       1
       4
       7
       8
       5
       5
       7
       4
      10
       2
       6
       6
       6
       7
       4
       3
       5
       3
       3
      10
       2
       5
       6
       3
       8
       6
       9
       4
       7
       3
       5
       3
       5
       3
       3
       7
       9
       5
       8
       3
       7
       4
       3
       4
       7
       5
       7
       2
       7
       8
       9
       5
       4
       5
       3
       6
       4
       4
       5
       1
       8
      10
       4
       3
       2
       2
       3
       2
       4
       3
       7
       6
       3
       8
       3
       3
       3
       6
       4
       4
       5
       2
       3
       2
       3
       3
      11
       3
       5
       1
       7
       3
       6
       5
       3
       7
       5
       7
       6
       4
       3
       6
       1
       1
       9
       2
       9
       3
       1
       4
       2
       2
       2
       1
       5
       6
       6
       5
       4
       4
       7
       2
      10
       8
       5
       5
       3
       6
       6
       3
       3
       7
       4
       3
       5
      11
       1
       4
       2
       2
       2
       2
       7
       5
       5
       6
       3
       5
       3
       7
       5
       6
       7
       3
      13
       5
       3
       3
       2
       5
       2
       8
       5
       6
       5
       2
       6
       4
       2
       3
       2
      11
       6
       6
       4
       4
       7
       7
       8
       4
       7
       5
       7
       4
       8
       5
       4
       7
       7
       4
       5
       2
       6
       5
       4
       7
       6
       8
       4
       5
       3
       6
       4
       4
       5
       5
       6
       8
       3
       7
       3
      10
       6
       5
       9
       8
       9
      10
      10
       5
       6
       5
      11
       6
       9
       6
       8
       8
      12
      10
       6
      14
       8
       8
      14
       8
      12
      18
      15
      17
      12
      11
      13
      10
      20
      20
      13
      16
      27
      13
      20
      21
      24
      27
      22
      22
      26
      22
      38
      18
      21
      18
      34
      32
      29
      30
      37
      38
      28
      35
      35
      42
      41
      37
      57
      48
      36
      48
      51
      49
      56
      63
      46
      59
      51
      47
      57
      68
      56
      56
      59
      73
      66
      64
      80
      68
      60
      81
      66
      58
      68
      79
      89
      77
      71
      87
      80
      83
      83
      87
      88
      97
      87
      97
      82
      97
     109
     103
     100
      92
     126
      95
      93
      92
     101
     106
     111
     106
     124
     103
     119
     127
      97
     107
     131
     122
     116
     102
     113
     108
     120
     142
     116
     119
     117
     110
     118
     125
     106
     102
     117
     116
     117
     118
     105
     117
     133
     101
     101
     103
     120
     113
     110
     115
     116
     119
     110
     117
     104
     106
     114
     103
     103
     105
      97
      91
     128
      89
      96
      95
      97
      96
      87
      97
      97
      77
      92
      97
      96
      82
      92
      84
      89
      73
      72
      69
      77
      60
      57
      82
      62
      74
      70
      71
      68
      62
      61
      78
      60
      53
      55
      55
      50
      50
      73
      56
      53
      43
      51
      47
      49
      54
      49
      43
      40
      31
      33
      38
      41
      36
      33
      31
      17
      45
      28
      22
      25
      29
      29
      22
      22
      26
      25
      18
      12
      20
      19
      19
      16
      18
      16
      15
      11
      12
      11
      16
      17
       7
      15
      14
      11
      17
      14
      12
      13
      12
      11
      11
       7
      10
      10
       8
       8
       4
       5
       3
       6
       7
      12
       4
       4
       8
       4
       8
       6
       5
       0
       6
       2
       7
       5
       1
       6
       6
       2
       5
       2
       6
       5
       6
       2
       5
       3
       2
       4
       2
       6
       3
       6
       3
       5
       1
       6
       5
       2
       5
       2
       3
       1
       4
       1
       4
       6
       2
       4
       4
       6
       5
       1
       3
       5
       2
       2
       1
       5
       1
       4
       3
       1
       6
       1
       3
       3
       3
       4
       2
       2
       4
       4
       4
       3
       6
       2
       6
       5
       2
       6
       8
       5
       3
       3
       2
       6
       3
       1
       3
       6
       3
       3
       3
       4
       3
       5
       6
       1
       1
       6
       3
       3
       3
       3
       3
       2
       6
       4
       2
       9
       3
       2
       3
       3
       4
       1
       5
       1
       3
       2
       6
       3
       3
       1
       1
       1
       2
       1
       3
       3
       5
       1
       3
       2
       3
       2
       2
       4
       0
       4
       6
       3
       6
       2
       3
       3
       2
       2
       1
       2
       3
       3
       1
       1
       3
       3
       6
       1
       0
       7
       3
       6
       3
       5
       5
       0
       2
       0
       3
       2
       7
       2
       5
       5
       2
       4
       3
       1
       5
       5
       4
       1
       4
       2
       3
       1
       1
       1
       1
       2
       2
       1
       2
       6
       4
       2
       4
       2
       5
       0
       5
       0
       2
       3
       4
       3
       2
       3
       4
       1
       4
       3
       2
       2
       2
       5
       1
       0
       0
       0
       0
       0
       0
       1
       0
       0
       0
       0
       0
       0
       0
       0
       0
       0
       0
       0
       0
       0
       0
       0
       0
       0
       0
       0
       0
       0
       0
       0
       0
       0
       0
       0
       0
       0
       0
       0
       0
       0
       0
       0
       0
       0
       0
       0
       0
       0
       0
       0
       0
       0
       0
       0
       0
       0
$ROI:
1
1509 1787
$PRESETS:
Live Time
1036800
0
$ENER_FIT:
-37.406231 1.986979
$MCA_CAL:
3
-3.740623E+001 1.986979E+000 0.000000E+000 keV
$SHAPE_CAL:
3
0.000000E+000 0.000000E+000 0.000000E+000
