$SPEC_ID:
This is sample 000.
$SPEC_REM:
DET# 1
DETDESC# DIP1456 PCI-Trump SN 253
AP# Maestro Version 7.01
$DATE_MEA:
03/18/2025 18:10:31
$MEAS_TIM:
43000 43287
$DATA:
0 2047
       0
       0
       0
       0
       0
       0
       0
       0
       0
       0
       0
       0
       0
       0
       0
       0
       0
       0
       0
       1
       1
       0
       0
       0
       0
       1
       0
       0
       0
       0
       0
       0
       1
       0
       0
       1
       0
       2
       0
       2
       0
       0
       0
       1
       0
       0
       0
       1
       0
       1
       2
       0
       0
       1
       1
       0
       0
       1
       2
       2
       3
       1
       0
       3
       2
       1
       1
       1
       2
       0
       0
       1
       2
       2
       0
       2
       0
       2
       5
       2
       3
       3
       3
       3
       1
       3
       0
       0
       2
       2
       1
       5
       4
       3
       2
       1
       4
       9
       3
       2
       4
       5
       5
       1
       4
       2
       1
       5
       5
       1
       7
       3
       2
       5
       4
       3
       1
       2
       4
       4
       2
       1
       7
       1
       3
       2
       4
       2
       1
       1
       4
       6
       2
       3
       3
       3
       2
       0
       6
       3
       4
       3
       1
       2
       5
       2
       5
       4
       3
       3
       3
       1
      10
       3
       3
       1
       1
       6
       1
       2
       4
      10
       4
       3
       6
       0
       6
       2
       4
       3
       3
       4
       2
       3
       4
       4
       3
       6
       2
       3
       1
       0
       2
       8
       2
       3
       2
       6
       8
       5
       3
       3
       3
       3
       3
       1
       1
       5
       1
       3
       4
       2
       2
       5
       7
       3
       4
       4
       5
       6
       5
       5
       4
       8
       2
       4
       5
       5
       1
       3
       6
       9
       3
       5
       4
       4
       4
       6
       8
       3
      11
       5
       1
       8
       9
       8
       4
       4
       8
      10
       8
       2
       5
       7
       4
       6
      12
       7
       9
       4
       9
       7
       8
       8
       7
       6
       6
       7
      11
       7
       7
       7
      10
       6
       5
       7
       2
       6
       9
       6
       6
       6
      14
       5
       8
       9
       9
       5
       7
       5
      11
       7
      11
       5
       8
       9
      11
       7
       9
       5
      11
      14
       7
       8
      11
      11
       4
       6
       5
      11
       6
      12
       4
       3
      14
       5
       7
       9
       3
       9
       6
       7
       6
       7
       7
       6
       7
       1
       7
      13
      14
      10
      10
      14
      14
       7
       5
       7
      11
       9
      15
       7
       9
       7
      15
       8
       5
      13
      13
       8
      11
       6
      11
       8
       6
      10
      10
       9
      15
       9
      14
       8
      10
       8
      13
       2
       9
       4
       6
       9
      11
      12
       9
       9
      11
      18
      11
      12
      12
       6
      12
       8
       9
       7
       5
      11
      11
      12
      11
      13
      12
       5
      10
      14
       8
       6
       8
      10
      15
      10
       4
       9
      12
       9
      12
      13
      18
      11
       5
      16
      12
       4
       9
       9
      18
      11
      13
       8
      14
       9
      14
      10
       7
      10
      11
       9
      10
       9
      15
      12
       7
      10
       8
      12
       9
      11
      12
      13
       7
       9
       6
      15
       8
      13
      13
       8
       8
      11
      15
       7
       8
       8
      10
       5
      10
       7
       9
      14
      10
      13
      12
      10
      10
      19
       9
       7
      13
      14
      15
      10
      11
      12
      12
       5
      10
      11
      10
       6
      15
       6
      10
       6
      17
       6
      11
      12
      16
      12
      14
      11
       5
      16
       5
      12
       7
       6
       6
       7
      10
      16
      11
       7
      10
       8
      16
       8
      10
       9
       7
      11
       9
       7
       8
      12
      14
       8
      14
       5
      13
       7
      16
       8
       6
      10
       9
      10
      10
      15
      11
      10
       9
      20
       6
       7
      14
      10
      12
       9
      16
      12
      11
       9
       6
      17
      18
      17
       8
      18
      10
      11
      11
      10
      16
      14
       9
      10
      12
       9
      10
      11
      12
      13
      11
       8
      12
       8
       9
      15
       6
      13
       5
      12
      10
       6
       6
      10
      14
      12
      16
       6
       2
       7
      12
       8
      10
       8
       7
       8
       8
       8
      10
       6
       8
       8
      12
       6
       9
      11
       6
       9
       8
      12
       9
       6
      10
       5
       8
       5
      13
      13
       9
       4
       7
      12
       3
       5
       9
       7
       6
       8
      11
      10
       3
       9
       6
       7
       7
       7
       8
       3
      10
       3
       5
       9
       6
       7
       8
       7
       6
      11
       9
       4
      10
       2
       6
       5
       7
       4
       2
       9
       6
       8
       5
       9
       3
      11
       7
      10
       7
      11
       7
       7
       8
      10
      10
       4
       3
       7
      12
       7
       8
      10
      10
      10
       4
      17
      10
       4
       8
       5
       6
       4
      11
       5
      10
       7
      11
       8
      10
       9
       5
       4
      10
      10
       7
       4
       7
      11
      11
      12
       5
       7
       8
       6
      11
       9
       9
       8
       9
       8
       9
      11
      13
      14
      12
      14
       8
      16
      10
      14
       8
      19
      10
       9
      18
      13
      16
      13
      12
      12
       5
      10
      15
      13
       9
      17
      16
      15
      10
      13
      12
      10
      15
      24
      12
      12
      12
      17
      14
      26
      18
      21
      15
      16
      19
      14
      15
      19
      11
       9
      23
      19
      21
      18
      10
      18
      33
      15
      12
      23
      18
      16
      13
      10
      22
      26
      16
      17
      31
      16
      18
      18
      18
      14
      20
      16
      22
      14
      19
      12
      23
      11
      20
      18
       9
      11
      16
      20
      33
      13
      15
      23
      20
      16
      25
      28
      18
      14
      14
      20
      18
       7
      19
      14
      16
      10
       9
      16
      11
      22
      15
      18
      20
      12
      15
      11
      10
       9
      17
      11
      20
      11
      11
      12
      10
       7
      10
      10
       8
      12
       9
      11
       9
      10
      14
      11
       9
      12
      14
      13
      10
       9
       4
       7
       9
      10
       6
       4
      11
      10
      11
      14
       7
       8
       5
      10
      10
      10
       2
       3
       5
       3
       5
       5
       7
       6
       3
       3
       7
       8
       5
       5
       4
       3
       6
       6
       4
       7
       1
       4
       6
       9
      10
       6
       5
       1
       1
       7
       5
       2
       1
       6
       7
       5
       3
       2
       5
       4
       7
       3
       9
       7
       3
       2
       3
       1
       7
       0
       5
       4
       4
       2
       3
       4
       5
       3
       5
       2
       2
       3
       4
       3
       6
       3
       2
       3
       2
       0
       4
       1
       3
       5
       5
       5
       0
       4
       3
       5
       0
       3
       5
       1
       1
       5
       3
       2
       4
       4
       3
       3
       4
       6
       3
       3
       3
       4
       4
       6
       4
       2
       2
       3
       1
       2
       3
       5
       0
       5
       3
       3
       3
       1
       3
       1
       2
       2
       2
       1
       1
       2
       2
       0
       1
       1
       3
       2
       2
       0
       3
       1
       1
       4
       1
       1
       3
       2
       0
       0
       2
       1
       0
       1
       4
       0
       1
       2
       2
       1
       0
       1
       3
       5
       0
       4
       3
       1
       3
       0
       2
       1
       2
       0
       3
       1
       0
       1
       2
       2
       0
       1
       2
       2
       2
       2
       2
       1
       0
       0
       3
       1
       0
       2
       1
       3
       0
       2
       1
       3
       3
       1
       1
       0
       1
       1
       1
       1
       2
       0
       0
       1
       2
       0
       1
       0
       3
       0
       0
       0
       2
       0
       1
       1
       0
       0
       2
       2
       3
       2
       0
       2
       0
       1
       2
       2
       0
       2
       0
       2
       1
       0
       0
       1
       0
       1
       1
       0
       1
       0
       1
       0
       1
       1
       0
       1
       0
       0
       0
       4
       1
       2
       1
       0
       0
       1
       0
       2
       2
       3
       1
       0
       0
       2
       0
       0
       0
       0
       2
       1
       1
       1
       1
       0
       1
       1
       0
       1
       3
       2
       2
       1
       2
       1
       0
       0
       0
       2
       1
       0
       0
       0
       1
       1
       0
       1
       0
       0
       0
       0
       1
       0
       1
       2
       1
       0
       0
       0
       0
       0
       0
       2
       0
       0
       0
       1
       0
       0
       1
       0
       0
       0
       0
       0
       0
       1
       0
       0
       0
       1
       2
       1
       0
       0
       0
       1
       1
       0
       0
       1
       1
       0
       0
       1
       1
       0
       1
       1
       0
       0
       1
       0
       0
       0
       0
       0
       0
       0
       2
       1
       0
       0
       1
       0
       0
       0
       2
       1
       0
       0
       1
       0
       0
       0
       2
       0
       0
       0
       0
       0
       0
       0
       1
       0
       1
       3
       0
       1
       1
       1
       1
       1
       0
       0
       0
       0
       1
       1
       1
       1
       0
       1
       0
       1
       0
       0
       0
       0
       0
       0
       0
       0
       1
       0
       2
       0
       0
       1
       0
       0
       0
       0
       0
       0
       2
       0
       1
       1
       0
       0
       0
       0
       1
       0
       1
       0
       0
       0
       1
       1
       0
       0
       0
       2
       2
       0
       0
       0
       0
       0
       3
       1
       0
       1
       0
       1
       0
       0
       0
       0
       0
       0
       0
       0
       1
       0
       1
       0
       0
       1
       0
       0
       0
       0
       0
       0
       0
       0
       1
       1
       0
       1
       0
       0
       0
       0
       1
       1
       0
       0
       1
       1
       0
       1
       1
       0
       1
       0
       0
       0
       2
       0
       1
       0
       0
       2
       1
       0
       1
       0
       2
       0
       0
       0
       0
       0
       0
       0
       0
       0
       0
       1
       0
       1
       0
       1
       0
       2
       0
       0
       1
       1
       0
       0
       1
       1
       0
       0
       0
       0
       1
       0
       0
       0
       0
       1
       0
       1
       0
       1
       2
       0
       1
       0
       0
       2
       0
       0
       1
       1
       0
       0
       0
       1
       0
       1
       0
       1
       0
       0
       0
       0
       2
       1
       0
       0
       0
       3
       1
       2
       0
       0
       0
       0
       0
       1
       1
       0
       1
       1
       0
       0
       0
       1
       2
       1
       1
       1
       2
       1
       2
       1
       0
       1
       3
       4
       0
       0
       1
       2
       7
       2
       1
       2
       2
       1
       1
       0
       0
       1
       3
       3
       0
       0
       3
       2
       0
       0
       5
       4
       1
       3
       3
       1
       1
       2
       1
       2
       2
       1
       2
       2
       2
       0
       3
       2
       5
       1
       2
       0
       2
       2
       1
       3
       2
       0
       2
       3
       2
       2
       1
       1
       0
       0
       0
       1
       5
       0
       2
       1
       1
       2
       1
       1
       2
       3
       1
       0
       0
       3
       2
       1
       0
       3
       2
       0
       4
       3
       1
       3
       0
       0
       0
       1
       2
       1
       2
       1
       0
       0
       2
       1
       0
       0
       0
       0
       0
       2
       0
       1
       3
       0
       1
       1
       0
       0
       2
       0
       2
       0
       1
       0
       0
       0
       2
       2
       0
       0
       0
       1
       0
       0
       3
       0
       0
       1
       1
       0
       2
       0
       1
       1
       0
       1
       0
       0
       0
       0
       0
       0
       1
       1
       0
       0
       1
       0
       0
       0
       0
       1
       0
       2
       0
       1
       0
       0
       0
       0
       0
       0
       0
       0
       0
       0
       2
       0
       0
       0
       0
       0
       1
       1
       1
       1
       1
       0
       0
       0
       1
       1
       1
       1
       1
       0
       0
       0
       1
       0
       1
       3
       0
       0
       0
       0
       0
       0
       1
       0
       0
       0
       0
       0
       0
       1
       0
       0
       0
       0
       1
       0
       0
       0
       0
       1
       0
       0
       0
       0
       0
       0
       0
       0
       0
       0
       0
       1
       0
       2
       0
       1
       0
       2
       0
       0
       0
       0
       1
       2
       0
       0
       0
       0
       0
       0
       1
       0
       0
       1
       0
       0
       0
       1
       0
       0
       1
       0
       0
       1
       0
       0
       1
       1
       0
       0
       0
       0
       0
       2
       0
       1
       0
       0
       0
       0
       2
       0
       0
       1
       0
       0
       0
       0
       0
       1
       1
       0
       2
       2
       0
       0
       0
       0
       0
       0
       1
       0
       1
       0
       0
       0
       0
       0
       0
       0
       0
       0
       0
       0
       0
       0
       1
       1
       0
       0
       0
       0
       0
       0
       1
       0
       0
       1
       0
       0
       0
       0
       0
       0
       0
       1
       0
       0
       0
       0
       0
       1
       0
       0
       0
       2
       0
       0
       0
       1
       1
       2
       1
       1
       0
       0
       0
       0
       0
       0
       0
       0
       0
       0
       0
       0
       0
       0
       1
       0
       0
       1
       0
       0
       1
       0
       0
       1
       0
       0
       0
       0
       0
       0
       0
       1
       0
       0
       0
       0
       1
       1
       0
       1
       0
       1
       0
       1
       1
       1
       0
       0
       0
       0
       0
       0
       0
       0
       0
       0
       1
       0
       1
       0
       0
       0
       0
       0
       0
       0
       0
       1
       0
       2
       0
       0
       0
       1
       0
       1
       0
       0
       2
       0
       0
       0
       0
       0
       0
       0
       0
       1
       0
       0
       0
       0
       1
       0
       1
       0
       0
       0
       0
       1
       0
       0
       0
       0
       0
       0
       0
       1
       0
       1
       0
       0
       0
       0
       0
       0
       0
       0
       0
       0
       1
       0
       1
       0
       0
       0
       0
       1
       0
       0
       0
       0
       0
       0
       2
       0
       0
       0
       0
       1
       0
       0
       0
       1
       0
       1
       0
       0
       0
       0
       0
       0
       0
       1
       0
       0
       1
       1
       0
       0
       1
       0
       0
       0
       0
       1
       0
       0
       0
       1
       0
       0
       0
       0
       0
       0
       1
       1
       0
       0
       0
       0
       0
       0
       1
       0
       1
       0
       0
       0
       0
       0
       0
       0
       0
       1
       0
       0
       0
       0
       0
       0
       2
       1
       1
       0
       0
       1
       0
       0
       0
       0
       0
       0
       0
       0
       0
       0
       0
       0
       0
       0
       0
       0
       0
       0
       0
       0
       0
       0
       0
       0
$ROI:
0
$PRESETS:
Live Time
43000
0
$ENER_FIT:
-11.011522 0.363344
$MCA_CAL:
3
-1.101152E+001 3.633436E-001 3.226449E-006 keV
$SHAPE_CAL:
3
0.000000E+000 0.000000E+000 0.000000E+000
