Number of photons that left the target: 824836
Number of photons that interacted with the target: 635694
Number of photons that interacted with the target (2nd): 327008
Number of photons that interacted with the target (3rd): 159113
Number of photons that interacted with the target (4th): 67642
Number of photoelectric interactions: 29274
Number of photoelectric interactions (2nd): 57059
Number of photoelectric interactions (3rd): 55161
Number of photoelectric interactions (4th): 33670
Number of Compton interactions: 606420
Number of Compton interactions (2nd): 269949
Number of Compton interactions (3rd): 103952
Number of Compton interactions (4th): 33972
Number of photons that reached the detector: 437
Detected Energies:
249.81648362107836
255.1197725493792
264.80820966222103
253.63922780533608
253.98966719580574
259.49935812259673
249.39267530671722
247.93330061598002
251.7305096311458
262.5378054228641
251.25287055878064
259.23132412757775
189.19265159082548
261.6015105120039
249.9234960980074
261.2652233560901
265.0330574938048
170.86403231470726
257.1412559777765
257.8669648074206
204.24400363503264
247.1914310349936
261.15776563855115
250.0205428037817
255.11627716840908
247.86831545148164
248.85181046504619
263.20153209408676
253.54676019085485
252.82451046937248
251.9823827842286
247.57004379089753
266.9939795452692
252.56590779263888
248.9133160721095
248.86748088874026
253.4489967275036
262.2929435600827
254.95239161465094
196.7401956002331
243.7477633434592
266.45898856259754
257.42728307748104
133.48914749520918
260.22675153495766
207.2594154292216
251.19002892517776
250.1224347747382
253.34682494211003
246.93116914095802
225.97691716961376
255.51710630844585
259.30291596330613
135.56917842184055
265.29538985042853
260.815263841659
248.52189789543186
235.54586379957206
259.84957501509143
258.1951379244168
251.19948458229442
194.86520751775262
253.03474650087247
250.86215719029317
263.4292201766789
247.7525592871601
254.79298238994156
248.4729102320274
139.12580386489995
252.92712238618307
262.8049297049488
248.2965237588825
258.59214353111554
217.6063629900722
216.06171223138546
127.11606217533681
250.607192250018
238.82006313144117
266.82083236044485
251.06512970721715
133.87998895845956
255.68669386469114
259.2760994924355
218.03861772221904
194.34098201103387
226.20599932304168
233.78876688496263
260.64684690757275
247.21028702029798
248.1382150223285
253.14188411802337
264.68820495193455
254.48714239656266
249.7051672854408
148.21475261085098
226.91191285561064
262.7097450419319
251.62086540153655
247.52526046150686
257.8422327659269
151.13548325175262
213.1136854379136
258.78028564174025
248.27774612342114
263.34669590007246
254.76107429583485
248.37001326490133
261.37255535707044
256.25056314665784
127.04134554197137
245.18335267050782
125.88610438237671
253.6538499919849
141.9661850049962
247.52649009666675
247.92584922372131
247.48073971121957
141.67708275823136
133.1472137506664
261.9331836523913
259.5553982421204
248.4295927612261
262.0511660651379
136.62984919156955
260.2905332885234
253.4039365364393
263.76390934565006
263.72529796975294
268.3032107898216
250.10716542928216
150.32265449156773
242.23277358920302
254.63206840536438
105.40071965182909
248.71762471170157
237.22556132745876
259.8178975438937
256.02625578249024
128.47875722798614
259.6217152901481
154.9745786483857
255.78789762945829
248.3984811034732
251.76533685760927
260.67062007743385
252.15061801048378
261.47939338857395
250.02962449239658
187.0077049111839
150.5622658692779
260.04051282243404
137.76902159118686
263.78109760846195
220.56697920429733
261.7551478137129
259.458711434878
264.14416077757454
263.5748587780543
248.7026649998196
246.63858309184207
261.5466372592396
261.93361306683164
261.59158294960037
210.05521689900007
210.1597970159042
257.33171292147915
258.0334777000804
256.7451791327009
245.15719935921157
158.2219554422602
257.4352772506644
237.28267648447627
265.26970774330647
202.4392886108645
246.1195398439536
248.93221570212984
187.77314940885267
247.2161882685516
267.65456762516226
248.43406255253544
250.06709906890572
137.7159785564661
263.8185354648666
246.25166512467615
260.63713259521177
130.89467257920137
234.3109908305456
213.0682469711814
140.1069729966401
264.33393049589563
247.59165358261316
241.0187377287263
257.72001656902233
255.8576238062049
254.93786992915437
259.3062207191463
246.4469648968962
254.1859018420273
264.6856941532288
262.6782536383152
249.88352291001127
188.67571854855535
245.41524639204175
265.95601925592416
128.94518617525287
230.8267118870825
153.06998164089563
249.37605043558773
256.2805527268529
250.60920272497833
249.26662630133538
265.0740517524646
249.94671696719664
266.3098366309945
105.24079171152829
165.69154741608315
265.35873715163353
255.06336419147522
264.1798074385175
258.02905435024354
253.22868434392842
265.23164969286233
169.3975341212965
253.51263080185947
255.48698099091152
249.73440367618875
188.28496880050645
192.38017547612998
258.58264886327
257.5072919339014
263.9021461200308
139.11498825306222
256.37010651800574
229.0813520806195
235.34580454572549
246.46204325246407
253.547043411766
127.81066921496043
248.89949824608024
260.852066447823
247.76345229439198
259.890716097931
247.42606639834733
253.8438524466727
215.72167821208876
253.86282462248653
166.69398640659125
242.2743295280818
240.0538511109679
119.05589957668705
216.9286631912209
265.95174818375597
172.77639424547888
196.6369970538118
246.83732213415357
254.38443025036935
252.85261047004778
251.61658043295844
257.5573098243865
258.1302122041856
153.42715364462723
154.361952803895
140.93381428969528
257.89313464930495
252.79377447413523
262.5060417410012
261.32679294611626
254.61724611530414
257.36751786465294
251.09600230942223
141.46433112350067
251.51184413470614
250.61893585037728
258.71441090280103
257.2781582211468
260.48194868554555
253.99220684019298
255.9857743861781
257.3714876111415
200.64587209922354
253.2995171508125
256.02480565505704
252.71936523622537
248.3222063370857
257.251212317655
251.1829436839235
246.28034367596305
259.9994924487187
252.72980685254416
129.45792247505452
235.8232159187581
200.8649976684212
263.08951260379393
261.1502142166438
175.02257289548717
137.2554689562316
249.46883899329478
255.97976728026728
263.63482154115815
132.30927660199183
251.41816661047235
197.05548772501612
248.05818559860037
260.713764539296
239.6923976360692
254.2305797363003
262.99095023123374
254.70778259207296
253.7360889588023
253.62628985729464
99.05864120664285
260.9644985319795
262.98610231616175
217.4142624902205
251.15247827783134
256.215397895792
212.56114297172263
261.1507094972804
262.6482330963009
191.52971907963612
252.89295294282238
247.69658983680634
205.19200800867043
126.49562451072262
254.81848448799477
233.71469596820722
261.40128563985337
249.89259568434335
167.35322550970494
264.2691085830147
248.3017073434088
259.7074972632381
166.06579459442153
252.20951270958903
100.37840131196495
259.6402512726183
251.49867576784354
257.1468146656361
248.7957200644229
246.15471611678961
145.96032373982783
259.61402705407124
248.03171053482308
103.59655185007949
247.3528091566417
253.16737374290716
191.00153801558545
262.7606560484148
257.13365509794016
255.39288903119916
238.95721070057186
261.09765048734806
248.62073641683733
141.36969430523467
257.06282263526526
254.72555774816212
258.53683078043525
250.4197854895791
183.26504509601654
177.72050370588425
263.008249058357
165.80117656260344
248.12681049793343
233.7865994058312
265.85578146014296
257.325622817422
192.6736374282122
245.7962892136392
267.88991947630353
259.603379295783
211.8839828337718
254.91554852153166
260.4882039589633
252.04064936362644
167.768230988627
253.1092173765223
123.54641392771862
256.4570606869795
267.0518668890298
252.40722090826776
249.08100159764126
252.80508873574271
139.10703747451907
