Number of photons that left the target: 824892
Number of photons that interacted with the target: 635719
Number of photons that interacted with the target (2nd): 326952
Number of photons that interacted with the target (3rd): 158521
Number of photons that interacted with the target (4th): 67609
Number of photoelectric interactions: 29450
Number of photoelectric interactions (2nd): 57259
Number of photoelectric interactions (3rd): 54777
Number of photoelectric interactions (4th): 33622
Number of Compton interactions: 606269
Number of Compton interactions (2nd): 269693
Number of Compton interactions (3rd): 103744
Number of Compton interactions (4th): 33987
Number of photons that reached the detector: 451
Detected Energies:
256.14228902594476
252.355483836298
260.8736254549905
244.10420108620502
250.28944429688883
187.82775887572163
123.79069779054169
249.20088160668666
265.5314209759155
252.35005628318157
254.37040286393272
264.6904119856586
253.39013431178358
247.60293321995053
218.18657156276214
253.53586492286576
253.64087808139718
250.3290845939948
205.65284627510408
239.22809308414566
229.5660252407381
217.07119722597116
262.19521478176125
255.16490130850238
214.2989068982948
255.607976255657
257.3177523960018
164.34027461904867
250.50385095494505
251.1762028026502
258.9460425455458
261.5917998082566
258.77721001229355
255.53120252084094
264.3073975428128
215.25141915926184
251.3880407962196
245.0668939690909
245.10230512320086
260.7080019217884
256.5621775656466
264.38151356643306
91.10282794352547
250.22555763257384
265.32534582123714
190.9543983892223
268.18506628991474
196.36810096865506
248.27607546032806
131.95341091111433
256.71525423527504
257.3103526348248
265.3365522784292
254.13360032045802
257.8862876979988
243.97924681713064
253.58395381911504
255.46560363872825
114.56663311765251
257.07347206078225
246.11187594120187
244.5928319831984
132.41049565126193
267.0671108675757
253.1492572953232
263.0711209333504
191.2900336795143
247.28833183570305
228.79900228716116
252.90516053619197
207.98734666296338
250.67690913740807
265.08318375286404
261.7137092584688
265.6061451411417
221.0091049416559
244.52027058601408
255.55081786003296
247.59705660722489
255.1336083219775
265.4525649851766
260.41003839490816
265.01192611723525
246.88094009645803
264.9790103944663
252.15043167715018
259.6014745886833
252.94436292075437
258.8421621360642
262.4179474329071
265.9237417554181
251.81558812292994
265.8752335965094
250.83174322079932
261.576896647151
245.04098182793334
252.24264371403268
252.31988913126358
249.28245104063782
161.43438368883503
251.365162709399
262.74756426981116
264.973868161914
206.39891852001546
260.21946606605485
261.5324945499011
260.5207040264648
246.00306268329894
247.18590411288778
249.55677751116477
266.82688243220235
111.1023469231972
263.30517060311684
261.5798689490933
259.50205220685046
262.2828369647841
255.50989652992206
265.34822841751844
158.69824283011366
253.1673791571897
253.49961391770483
255.75096426440123
254.9511378659279
265.2376302660399
254.77155837765045
256.7764946168906
249.80412076292484
259.11092280122176
250.75958304944655
262.56345641256166
259.7685540872707
202.1105428598394
259.13042210524554
212.27120195359117
268.30381182478953
246.97451154000356
221.59705746093368
220.27341565264823
259.7410995933513
248.79126326461568
254.53402881005192
256.42388525587336
246.96147853761823
120.30148019913128
249.58341705551388
243.1781291991523
250.68563271182265
263.0830588304001
264.04359720664706
164.52903881308634
264.8185037969705
200.4232031741945
252.95178695022807
264.4062987574182
246.7992770372373
249.08037430257622
267.64120902278324
255.38480459297975
246.42291006326502
125.42265744054542
255.73222351104383
250.37631538609165
247.97185474077418
256.5848911259387
259.10942378673985
190.8925121388935
245.80251366983103
263.0588263715395
108.35139998838133
143.00809985640578
231.55847967832312
171.1841824621622
267.370283190523
256.6912449483146
147.86803304087985
196.16788556218884
174.726178325991
256.6470887542909
264.28961880715696
260.06961515483596
253.83667914853518
259.1190654837019
233.73463522030713
248.95620482737817
248.44272830092
253.8821271143657
264.92447332243125
256.3620928413882
123.14866809532386
257.77356190121026
243.810745963239
252.4476916570155
255.57753589965733
225.19278751666553
253.6956195015216
213.10956031073871
155.48020002453052
186.58781165682134
263.8309346316355
265.2588702912582
254.67939529426653
249.8277788203529
248.8473209170771
254.30511652322548
251.34321843298068
252.68071597788997
192.9979782675833
256.34855798682315
263.7259904072223
250.4551503993439
264.4170187160743
171.54329278542747
266.87691318123046
185.67011354752245
137.56628159274644
248.95450122941088
136.79910542294283
260.43132379017356
116.75435953217169
232.29603727325187
246.82612421566307
248.80017735951307
255.04191822823068
189.98312226971206
252.48062797946244
264.0634728900205
265.64120382166686
110.3054307340948
264.0822811169734
245.10252586511731
260.756686049723
266.8169910761496
246.7975687410378
248.9754873675824
259.55015329125297
263.2643866098635
267.03824036310857
136.3659149088111
119.5371032309571
185.53985649782692
254.55378688780948
267.00276168425535
257.34624814940224
246.61326211157063
268.1052630354286
253.0889261546601
114.91073332465595
264.16139694163877
250.50116831914903
253.60228035641038
249.21179318375678
256.9510434390377
184.79017077027464
254.56080019939702
249.2507284422845
260.1107650646046
247.7052256566445
113.75249410750841
264.1603017030996
252.1169699077949
256.41783240696077
252.344360685015
249.13413288757326
205.20350959349693
244.56921410023202
262.1506512903505
251.4414955939409
246.31712288368914
178.59098339152277
254.87128237063578
210.5619234415627
257.460647745036
259.79455940287374
147.11046686913673
213.68615106856916
225.1359180940347
247.76729696309977
264.49953255633466
252.55023652679242
251.62289939444125
166.8711108745854
249.91292966604357
252.680270325447
266.0846526667988
247.71832906138326
258.51442554692414
253.81710251853957
256.6873325834459
260.56733452704776
229.71256355062084
249.61499645739465
259.0275630679195
255.79747300356954
246.39141630174274
245.764220711714
251.05346101986257
246.21018366774544
265.4485549300592
260.15736919477854
252.88603010530304
250.93243177756193
256.3366033713078
206.36058641362396
250.92389760502624
253.1643635760353
144.59677922139022
267.1245664428626
167.43583175916413
138.64045671658644
189.53517048182346
148.5057335002319
250.103866627853
264.32943297857673
197.1316636392213
253.27869524687853
253.76956103741563
251.61520615610365
248.69429246258622
267.8064329521399
254.19126221786436
251.98385558847207
254.32180873894632
101.0052152047078
261.9777072248334
258.9191796614003
262.73576339423954
249.7954947317762
246.43439229191216
262.86264295640973
250.78836612506868
257.370175885206
251.27314994898066
258.82681917279257
256.90479850319275
261.4289073377863
126.82795613305734
268.5844251848463
249.952439808525
170.7699053139991
146.56559854299803
250.55351189543873
251.96175319488907
205.47558863396992
256.75912633420285
252.98392961457552
248.95657562125552
251.5404920893953
255.87500031691184
258.64288362397235
202.03031967948712
138.6015719922859
263.5354419235545
260.4759255147658
264.37344347431036
251.11785540545503
255.90915037236755
261.26896627970825
261.9480325102979
130.74500799221533
263.8543479594511
264.5256945629367
212.487220951192
249.76402686331366
254.5136999596752
170.3049449287421
251.7034723319057
252.0306476317949
258.10830826113136
265.50925599408873
254.66284080036482
208.81569471660382
261.2419331715097
266.0049257969315
225.4163153049969
258.834032052571
265.819415285185
231.79767373859073
258.9677259991314
249.31021411524605
246.88995646335437
262.10791800300456
239.94400940700774
216.83751274020673
250.47592669535706
255.81710843372275
265.70848161308373
247.14742838861827
261.5107401841937
90.88899432824063
254.43493810248944
241.62946056421512
249.73227886605454
249.17433823703638
227.69539831558208
254.8377056522221
244.36302649080827
250.17552469341032
247.92412529041206
183.17939102157973
266.33187082322985
241.33230803419832
263.2692495267054
254.53954626169536
244.67665468912833
246.15437929598653
194.75853968081756
258.30860393473534
131.37249268950544
265.04061886961466
