Number of photons that left the target: 717585
Number of photons that interacted with the target: 879490
Number of photons that interacted with the target (2nd): 549725
Number of photons that interacted with the target (3rd): 317103
Number of photons that interacted with the target (4th): 160755
Number of photoelectric interactions: 40485
Number of photoelectric interactions (2nd): 85688
Number of photoelectric interactions (3rd): 91256
Number of photoelectric interactions (4th): 64986
Number of Compton interactions: 839005
Number of Compton interactions (2nd): 464037
Number of Compton interactions (3rd): 225847
Number of Compton interactions (4th): 95769
Number of photons that reached the detector: 2934
Detected Energies:
421.8818229666746
413.67260446618826
409.18541042449795
434.47733614689616
430.4315655629282
417.2643819115533
434.9021473449408
433.90009939950176
420.22391820969887
420.37713990196033
358.637518695048
333.32580374552845
427.5753009269677
277.4508994049024
202.19193541728828
159.9680951772454
416.0642481690191
411.51626029011794
427.00307463755723
403.4606574916966
383.1552036246042
420.4359966596986
148.64889665190395
373.61119925589725
248.34022263950314
428.8525952675011
160.74961245582688
429.5541549801828
421.3900041554432
155.6451507517332
160.27262095427403
180.8091633810222
421.0979402270112
336.16217802252885
416.80010855742546
400.1444083239066
299.378817678963
180.01673277963573
422.72727271924737
297.35535085439926
404.73267053585596
416.5367191077366
326.27593680163767
408.5523517416276
414.8314283648136
409.353113940978
414.11148996284135
411.146328361442
424.73964810512535
133.98344759493713
393.9396597318888
420.1259201621599
351.29651655663736
178.94656322415656
332.81176410006674
408.2763420613824
421.8366236583018
418.69204755440273
417.4751422160902
401.6498672641535
396.8283969863199
416.914806230366
389.3304899369819
405.0271240614364
418.320313302022
278.0691749891099
422.41505202535194
403.47499277558813
420.63895956649884
407.3130858375739
433.54188293252514
378.34584123485496
214.28990482678984
405.23565832114883
410.29052505968053
408.434850014167
411.5497309303023
165.6140507757919
409.53640084091586
431.49441613352803
318.9388327296754
418.9599569548396
421.36684506422284
389.3450176622981
434.3568476274538
412.53190115211095
419.93356383339267
416.93975346832605
408.7967201748296
339.2949025993548
419.88595616730845
407.7043433647612
384.4299426180607
419.6211234459251
414.68790903860156
408.9055612824489
420.4270673739234
395.87600081031235
425.2661622352621
410.898744145651
410.64388842855124
403.3585324276374
396.50996559781595
201.89109563734291
418.4874668684393
377.0480365598601
286.1570313817316
407.09423870572124
415.2305700000161
411.4835393624235
426.2733757780518
395.7783100143747
402.6357247109018
411.78226427181283
345.5708883890674
204.221938105379
364.93759542030244
384.702335846683
126.59991159882875
403.7399804120591
412.1067177370381
355.4612507969929
426.680559061181
369.98155477612744
412.9790816135123
431.72638858790725
402.64474379290203
409.71159594306994
415.70960376726674
402.0018609448251
412.29578032652626
183.94862319959918
331.5094935981922
258.39166331312055
408.90424395023166
354.1546801206238
409.75112647305554
410.6934419119755
292.63185784406846
424.86563452614797
415.75288911025774
131.75830417066902
255.98411035277238
389.45394075026576
166.04412354328355
216.515880271826
424.08929598544205
407.15426693016656
322.6611706446247
176.13351982712334
247.45184447372745
406.8646663794114
406.07502134019984
119.82112778731924
402.9965509671092
419.31632828655546
428.836918479906
421.4276304491244
432.46432180553177
397.9634737395893
418.01885202332454
422.8766262267292
418.3337139354705
401.5097027333298
411.1360874001485
430.9516210930435
408.1342021104822
410.6562145713623
404.96119956835645
294.93711772190295
394.1920640085763
160.87756385029306
420.49965107818
333.65018788898976
320.0652401074183
165.91410387880885
241.48098735790066
422.0490633904375
425.6507578999897
411.53118517121817
412.0924526861544
376.1681398313131
412.5666304332164
411.7926855011724
418.3827161226065
334.821436022047
169.1490215796353
429.9306756969574
411.20841299497283
337.7969018334138
418.57930462764733
343.0486086972669
429.15099578284264
413.0711191404035
434.66302080198074
412.5569636207716
396.84223691459215
395.438993948739
225.8419434466045
413.4557441746574
420.38382970172347
431.07652685239407
429.28301598390345
147.70688525882136
417.63131930172125
337.65393434381775
150.841245954034
334.5167749375198
375.2862140901012
334.1120127467688
343.6367972993419
423.58459296143394
387.5679835562471
423.1321534011197
411.9430234848438
419.8920019688791
430.64146205601725
416.21498774253973
431.0738993869577
315.1463593578483
229.1794925953456
421.85631128671827
149.0455980876633
423.8875057834777
433.84381304868236
421.1307625117151
162.29176891325284
148.69381260805042
402.9297556228954
376.25627907357926
400.3132154152338
381.17139559877603
406.99496152063915
160.46546916911478
421.085988587435
426.02414043965734
169.5707061939075
411.19515040623713
271.1640419062429
432.7189687960069
159.1276552891902
413.80640383747755
412.07373880233854
423.1184669023637
401.5382130207927
412.29457735791703
418.47381949312893
185.1885635804176
408.2926804854493
314.61954109355344
418.5185567320075
410.95819412833725
394.6418653925385
423.26989109518905
418.38982952938085
184.3985598462292
409.7778468066633
410.5158715782203
355.6951188701388
151.32899740945064
420.58960329180894
196.65578034776863
401.2166519641484
424.99050502158525
421.7253822244243
411.05978667787133
425.410879877071
419.05190030129376
322.82460403620144
395.1842709680058
158.591722084782
182.97713181599275
405.08341232204106
269.73720121850175
243.4773201001942
378.9796188297736
151.15383758023083
431.94699119936894
400.6419732624033
410.5767205240572
432.6190092546189
421.4562406518192
108.11718645744287
274.60410213323365
375.8431121561187
164.2889284029721
372.38928075027354
335.2747868936339
405.97246966292863
416.5981130708929
414.5425662655551
379.1106246746681
423.949749938541
150.96776583173346
196.84968794957692
365.88179778909256
372.12508267011697
426.6239274998659
414.3125159643208
235.3715996552664
312.62014405880166
431.2019654771
255.93725648602987
412.75089459126804
423.9126126137274
402.76064757126505
223.2534113574734
410.8006424220903
415.95272393978996
405.54603901540617
413.51001927967565
342.24998348256776
418.1876056955308
159.17971147187663
410.10276220414704
404.49030202852066
397.00642935138137
404.09841191706215
394.69285512278435
150.56692009918348
431.6314781065563
406.4010950889055
397.343523301899
401.3666732258605
432.49738097928434
429.71712853192906
416.43657148947307
380.5899566501388
375.23455298493565
372.24647777227375
364.4247296944713
398.41812371088673
417.06473923418787
412.0450661301651
422.05675827321056
425.8381282692595
403.877231222657
107.7072560823369
178.99180292734493
294.3657521928281
415.9636788235281
344.6576246637806
422.33191383651723
433.9654199243041
415.21297408247574
430.76251021689956
414.6714075814667
400.89291791853134
426.80916199652
410.21855854115285
422.6362790865822
422.8929398924634
420.2103749152013
386.2609103269565
378.9247838907387
367.3964118440279
401.66062842972457
428.01296987064893
311.3935325090278
380.4056436422848
237.62382294622344
218.94146223621905
432.6357477154251
282.641274616929
432.35521922569063
423.27901742382596
420.24867700625634
404.04081690386386
347.46050322940886
383.80265039100175
192.3214508362419
155.69904610076867
405.314930067079
415.7691734355592
311.795724003777
433.95359609894706
414.2470424589212
387.7937061588161
414.26946735161516
237.80546053434472
421.95319447290416
406.6875864636037
418.63238381432785
372.5372739640957
274.47528800689037
408.1552249845022
416.1277528003837
430.25864409093595
315.95498902141156
430.0540997053763
411.87563569541686
206.44993198786847
175.46811587780053
401.70069563332135
408.6491386717469
196.58546069334838
396.7267400937498
408.02576988210706
160.15828989684317
421.0149828063198
425.278906627734
427.2687751689166
406.5339252328423
410.83750829663006
427.8003854759413
367.4430219319839
424.5653475479455
426.45047815061844
421.066745442694
426.29561851234115
403.48416676673355
418.11310252934385
424.4214149870369
432.1494122666942
416.8235131279863
424.4478485193979
421.4969397542432
400.94347411546215
418.20231804365875
263.6234124439618
414.5832389540023
423.3922479816175
353.73653771155324
409.00493920339585
187.62551518937818
387.13605958540035
427.6800922895726
427.05707531826243
160.6100174771179
409.58452686171887
401.9504378444812
255.86582347626913
419.9395909534766
422.7374063906072
417.99517851124784
266.843666171712
317.3392534287012
429.04199424248293
401.915699087513
418.4033093485968
284.26324982852816
420.23579658194615
361.84270955040336
426.29240626078536
409.3673870149474
130.56725332281985
406.8803886136626
362.9081668582705
421.8752125357227
423.01126996124134
418.5105573691976
431.50319516830126
401.54652792133885
332.42304363342305
393.9282332552159
408.77636761379085
216.85356153266497
398.82457654441663
235.5402579854625
184.1629835238484
418.2724389573859
417.60171512640875
423.29300402107606
416.4669201549763
404.66674562895895
94.55874617097611
417.04962731583055
134.68251897488182
272.78054732394975
411.96643475735755
169.85872517954766
404.6262970602437
233.26885928771338
423.1500776113734
413.51826422468645
343.02674195235267
430.1404399283969
398.40495220616754
413.7483020684102
346.59601252523896
416.32229726309754
340.79941530729326
414.6895460288346
398.74572692077425
422.21003278977327
397.7945373351569
401.91410119145723
159.24337624247485
183.3885897310891
425.95531011596796
392.6624701830428
166.48225670508677
393.959577649297
395.52430690769285
129.895210491124
366.8518263176039
426.26561797132
176.02322286522133
408.9557263819342
413.8564355211883
412.3728553312649
157.43492675832138
411.9554731533259
428.29220868297284
421.4333998201439
407.0261895030047
408.8754224275624
431.8557270385665
399.6399337687149
423.3260057131628
379.630537933502
422.30987547631696
402.62323247921086
426.6804164516118
191.9404781046355
429.0811131863971
422.60398685384916
414.6005274663774
433.23669022215887
410.5135741552524
168.46399575790502
415.7166123334248
340.39701106948417
409.70732140962065
431.1085639631403
401.20142127636785
347.9532975875628
434.36914299487813
415.35629315258404
421.53906837858847
395.98938663631316
416.8137455168287
412.01422254442616
408.06192193625316
418.7548313498419
405.70717590143613
239.00906007597806
411.19251125126294
414.9942745550275
423.3453925484467
399.83571749180396
425.2235079729322
429.32052195036135
417.4083813564663
428.06502511712006
412.3823340769743
412.558335853603
407.8353754844084
416.56241106626373
406.20883293939835
163.44218645673593
126.27850460249512
316.7126692462106
403.88360697508807
420.465604778909
411.9517765502482
242.2974126224945
419.59848634246543
187.45775504675427
321.5745202512277
356.596710899923
342.01096376247045
433.79595055549817
417.6113122339924
433.7268819584787
411.39434691233305
407.76587529242113
355.81015061019025
405.4998276414469
422.4458845841929
415.16464910823055
358.36097376148064
417.2159783884762
402.86875319792176
397.74129144166324
401.6450375700576
432.5211197245354
402.93006409326523
430.26585438244854
433.68448233635974
400.4566078782796
318.6700570653278
413.6192158019277
385.70220472267465
354.5979698217454
396.32005598127813
429.615333022206
400.14067876511916
412.57312015062854
150.1308331619287
415.45030615371337
433.79001688058463
423.85743158023627
416.49688434793
423.2354817714636
414.9441913750278
430.3680545431987
404.03535359956584
405.95978861294407
257.02501125992745
159.15470898602868
405.30578924666037
400.8158680197411
423.4581811549069
428.752755284664
404.88231909719747
159.65177260127706
411.02486488288434
419.11826005983687
416.53036639550527
415.85482258725165
430.02220600095984
403.17687622079524
228.1944707488953
405.76690788906546
430.2526870354785
403.37238400667786
172.51969149875498
387.6088118617897
422.28962507273536
422.36032328254487
341.89200045069845
417.8683875202996
247.8408038232279
417.6897140419082
389.522016572802
412.8780884449121
397.3314522474695
431.1098274511066
168.19400583902498
305.3017776258472
433.6850386333483
321.74241616449524
426.2104875152725
406.8154805933681
419.33828941509495
414.69333545664483
393.5429913706325
394.1021183979859
408.5396749049461
419.2431217918613
414.9950945844739
402.6290142414527
262.1152508414678
167.45670775918646
418.25715597723297
415.3520142512287
416.6211765550276
419.18875926496554
409.10358118147406
411.7697779456742
386.99255827496023
429.40837208992355
404.82928181083133
416.3271443503145
423.8663969283968
204.19994061569585
406.9939477024608
359.25587033374205
421.4161049794358
168.77713159042048
402.2699650725315
405.22144954583524
399.64638091478173
399.76806100374415
428.5439120491624
400.7050892240216
419.3048535374202
115.60793815820617
213.53980830722838
404.9061440441353
119.79182737680111
403.3625590165189
422.3003935652839
316.3247284882199
299.85732065075234
386.52684483978385
414.14528493220206
414.93462269935924
413.98752483709956
414.30728481055036
413.5236242614142
411.19854164274875
344.5131607852679
412.72993870542854
397.05512376860713
413.9310795274544
287.784250594149
423.5436637752362
430.1360549145585
408.80084835913306
385.30359771928516
408.7728323778201
182.85920807661543
402.96634655995524
170.37755102929256
370.16021316455743
414.22834823881254
410.7228824989491
404.90870903577445
402.95207079152385
323.8752849393566
421.23121285205934
401.98328857681645
350.15508253016054
433.20236259754284
157.59276619629523
411.24250729457736
423.58359785397175
106.91406908428978
378.32890325099333
271.8175278140051
425.04257329741006
383.5707431287592
248.65467615258228
407.7708505038888
161.3105901293687
423.8572745574505
428.250761685408
432.55666299318074
414.5018645430892
286.25850693880614
404.85920428826904
189.97711328011152
408.3739186176089
307.33633884278686
414.2399067795018
433.77979652644956
379.256996654427
404.76813759369816
421.98228532091593
407.7374075814226
148.91346001929065
431.4123858235524
407.1654477065057
146.53033572858766
357.4477444215513
426.74106565932294
428.8748041233695
412.63887798499997
415.3784220141957
361.3802773006198
402.1493502410298
280.32437142607625
419.16427734654854
358.4319815181863
406.1577864661412
416.50182337727085
430.28185635853237
420.71488541323646
312.7147780070628
417.6031744776119
197.6441337168675
405.45285158609386
412.7884371948835
403.03123737761985
413.9026844703577
134.41792934626375
428.3482927513147
432.8842943136502
424.8607286171641
407.64027011618936
431.5721615694426
426.6470758734156
423.4685333915321
422.44694968802867
406.2232507782703
430.42546741231365
354.65168842951977
298.43921116351066
418.2910048480009
400.75344092673254
426.5258728177604
432.95127887880767
411.52423687813376
399.4508099399626
413.00463008451686
400.48701891262976
155.7371089255737
162.48857620341104
322.6277497963205
401.22387507827233
410.6509378816552
426.3318281343184
123.1923061639864
399.66733258197263
158.47366219177866
403.0732370364272
423.3545166591838
406.13303636605536
402.4657889318377
429.3600337538018
407.9222973746783
425.97169622738215
429.9797079524172
347.68973472002494
394.7174078434737
412.5754757157539
410.80597259031316
412.8138406118515
405.03382175303653
358.1831139453095
414.0969502016309
343.6317964409535
386.19084239200157
416.5576550384452
303.055694132474
308.2994771399134
401.6871059420527
349.18668669258756
418.3602484779636
417.0076083246306
155.69344609573153
217.86797644992296
415.86479570958596
334.1563660637609
410.69752565572554
416.7066818654661
411.7056706903545
261.53578373380793
420.27867310923824
406.377271268633
369.276803748754
405.2183953490622
391.3731339307748
160.1591357895052
411.8171544316336
415.65101887199233
158.65588284310095
417.1490077966577
429.1010380621639
424.7409995482287
419.9663638310231
423.705540987993
262.86234761757515
386.40049325528594
296.45241934232246
417.0212776364112
259.5957589554774
417.7369169708891
223.68510028487637
131.9471712188543
425.5493627143988
401.8630711941207
400.4867539323423
414.74836592403983
416.5058973485913
414.1752187206111
417.2233615131866
423.2774695761254
304.73339188025665
333.8949675123252
407.7526018510281
412.01961453415794
409.7448990591949
389.6851223904319
411.31145487351364
426.50004349966775
428.39504855691587
165.54653746517783
173.03264143541077
412.6611959425604
417.3158377506359
405.8953816613276
428.0305271799443
406.88672578972904
429.6172177479653
411.58109063289817
163.30722458306067
423.5313375767019
428.0486098620113
155.75621726570319
290.32154290764976
381.86729424844094
413.3409986072069
392.1880180671498
412.3114885530856
411.92094566280775
227.2928797476992
416.6720006914515
375.98071271932935
342.07630876412884
268.3601179710017
342.12591014566635
393.5665314907796
301.7644474924267
413.10130080150014
158.02210967529243
417.7326480311772
186.16538958736575
246.83735413206958
326.4470625210871
428.86176752465553
414.04674312744226
401.8176631478051
398.04786919023866
332.18792412687145
253.70581784822943
423.1264744157954
433.665522016949
414.83698546426774
315.1783953791935
151.38777741904875
89.50824842266861
384.1427043712951
401.12077170898664
428.02512509631697
409.1317907299157
291.7065167916795
405.2162489835663
415.1239297912739
348.1390409938681
421.9711952321041
417.43621844422944
405.17705271858887
276.2789419777477
232.51756644930174
419.5866435030761
396.82395173142487
411.8974697175108
165.90367792575435
420.139671210087
419.29578473744954
417.19643678049107
390.856361694463
414.07039319571646
425.28169832803724
368.9645389749927
412.24782759698644
407.37462495057594
425.4912347092731
370.43918957837207
158.38842264476722
415.59580635470144
426.5807240395064
422.56890336126025
429.3592432913147
425.9883874800159
427.76337017295185
428.4964945809268
400.1275059943807
304.60134687603227
429.5430103642336
379.0662267436774
415.8419495759443
346.2018168214219
431.6397201610983
222.3815685155436
425.4495951608127
407.5600659000827
396.3384423973409
378.7855952168486
387.89696416847505
401.29935971323624
423.24274310532337
315.271275806169
392.72510942389835
390.14694616246925
397.34507407623124
419.7287643221914
411.9355189181485
434.4856654204198
420.74196228856135
431.8922864420349
408.20401767192845
341.9081385483821
426.6862467303294
186.9269789158497
414.92368581789196
410.3988162440355
183.32540555307077
420.43274214353704
428.48108332580796
400.4275377337356
426.1695598227291
135.77831184769548
277.04844414714694
418.7489348258787
374.1575790852709
159.28642101196456
405.0810800556698
425.883293550437
404.0141102032738
158.69433936373858
119.8017542281705
423.9169424758584
404.9564372452428
411.6929841368124
406.34756790128154
417.23712100949245
307.3291299652675
181.4123934585233
425.2334885204948
368.7997221460514
200.70332753705046
402.36048700008485
181.85512354608153
360.21416389595106
425.77426934276883
398.6087908942069
412.01283582592725
407.0802052456956
189.34147520919583
401.0936200746519
419.06298492440766
402.6794457746329
411.8267730243979
409.46502432260826
418.06771090746435
419.97717109400054
252.39963380781552
404.2852248179246
401.277736179596
346.96897722149254
413.62506270748946
408.4965864417023
393.4684252646617
411.07993835553475
183.98735617787636
401.4126908663594
413.04172771804434
417.67469400789935
331.1965210985303
412.05964440483984
419.4700860879417
405.2523911938595
113.61355829103452
414.917026028575
415.8406429684674
409.38834623188944
417.12433934327436
416.77503365049887
411.4416489052957
404.7214787325975
171.79708190113084
412.53262158836
426.69171311455455
369.6196843238088
268.4866812797628
283.06903603232024
405.3757596423797
362.7162929992079
399.7976718984615
413.7479669140516
403.8720500037002
269.5464642579331
431.3928022680678
408.8191394667167
396.78542789442946
186.73114355567577
422.2970987705089
385.7827545492144
417.6985037470297
403.47686730613844
428.4139018114446
388.62938892924825
416.51438220711606
420.65035797280444
426.9529654344926
405.19822546120116
415.1346444555698
389.10801188866014
413.00862726072427
423.9645180536577
406.9786933672554
420.5672498825344
413.28155004299134
413.59746776858253
377.84017867046003
412.06454405296995
413.4368407516326
423.4445024771549
413.4172484551947
421.3649197932177
420.83110273850696
420.9584110594475
290.36537608576964
417.68842899420343
414.41638857389995
401.85981235446377
421.0069118428001
401.0699167227951
430.1463521871142
161.5504460969242
408.49416346893497
400.5405316580501
419.5661994374891
358.82559007010246
418.0817664884699
324.9564066066187
403.3837166845989
359.34298876560734
432.60099278538013
409.89269156094434
163.91232922676906
416.35592899777765
406.0758017194711
366.89690308701404
396.867740489457
385.0625290700567
163.15544383267166
412.4768231068697
428.41607012605346
427.4710520095379
404.7505322072025
417.9361494073385
262.6677902545078
304.13155689621954
278.7370793585251
418.4505007706353
412.5695078853581
430.06715304465683
415.23039905598506
408.63323832527084
404.1222420780711
414.91650430938216
132.46871089029779
174.70045961887044
428.046476975392
127.56497526339413
403.54948385889315
244.73168959165247
413.5275960794876
292.320562066792
409.0798373948899
424.1193083867639
419.0678260101217
269.38879811019444
311.67959115999224
393.40158015897447
420.80873948947817
422.65830765326695
422.69919029525926
129.61758082362542
396.5268307070541
162.50513072804404
424.91559028162374
418.6519886351292
414.2667680457306
408.6621572583484
294.24689847145663
356.3197564771577
141.60225541206887
371.7571345261756
407.4905945085465
178.2989276061031
433.0518778378674
393.4527070819182
312.74926264245084
367.3456956488992
428.5469770016826
401.69251593919
428.3626268643887
414.41274804986523
408.1869995415576
418.41984703464686
190.12887174291748
418.98898318597105
401.05027424230514
411.29692828223494
425.44881968442974
427.262177542851
395.86416539074617
412.9975402500553
423.7525688247905
414.5939781471468
411.54777101110545
149.5192833479806
407.4484580777771
417.0239279206574
406.6084771152666
422.4088569511857
269.4192378801165
427.65981921908076
414.2956930898065
400.0906224659524
431.93674420534126
426.39217636014
175.8988856310863
407.48610734849365
391.5792107648151
430.9000720928965
346.3741936169335
419.18221776205286
415.71062917282427
415.87685206580966
408.12605132971726
264.2733279825397
420.79203980184906
403.71596009311344
325.6996219070861
431.4789461627618
431.6726109402171
417.5956520886557
421.12537016553574
397.22974156334146
307.7044546983108
351.9766805176843
214.15854762780674
159.72037676571506
368.03647135786235
430.68649542204
389.71006012050157
417.8354660657355
409.17792980723846
415.0062010657391
423.07457117040167
416.33942207574484
180.50269737308412
384.45326299900233
394.4369098270433
420.71884957723904
416.2873591479944
403.3686155663681
409.7810821227212
145.20488141637466
430.14867951290654
423.49302426746004
111.3437929768752
409.19177816184265
410.9417012003602
411.745375604676
383.4152618208267
324.31266807440124
419.569359267462
406.1653857773994
417.54399441547037
434.9786281211502
131.8381488957436
434.8189622893514
295.59247547364157
429.5246161518865
313.0808731168636
395.59256555253006
241.4482883772668
420.9817011818426
404.29557429823365
404.30331126218584
424.8493762060337
353.4388360739934
300.41244322860666
346.5295199827779
407.361159946505
410.76802618043763
419.98248369097394
433.1167341353307
410.9696808773795
413.34609527147813
163.9912407299942
405.94677708989474
422.6063635800494
311.0692403581474
308.2966657280896
415.7897402017223
413.2044258337401
423.5764519145375
433.7873519580894
412.5309444086953
429.2998367422113
150.11521559668228
138.2178663970581
350.31087190989
293.66488635936753
415.48150334059915
410.9951379267448
415.6927087612321
407.6225769548076
163.1223558417298
415.38028811441694
420.99011137150563
408.5685623980695
422.89392868931293
393.5758474659721
254.7163027201869
157.1866339450996
365.6627062382529
423.48697159137595
431.278434471705
288.3860593716288
265.1193793487439
428.6310859408688
419.48560141258923
417.5741161124859
413.8997816650055
325.83619585174944
434.3920581430056
411.46850754749886
418.63365436417655
348.16638775737545
398.1942337903058
416.62002826561263
401.624412625225
158.4556727957991
417.92237161845355
415.0878173698719
406.4541231531579
267.0565313164174
409.91504287172273
402.7372570221593
410.5242826220265
399.5495513304373
412.4923609638651
418.78286004690534
412.3807209131047
394.9802710726141
429.68740999856755
409.26099450513294
409.93826965988757
415.23070372316687
158.2296301084351
171.6354820941412
411.13676459676697
424.10635693487126
416.514883777436
160.30257249356615
411.0989554178894
399.9106775265574
417.48501090456875
421.7343991026746
426.8709770992109
415.25164190623775
405.75840199066124
412.59725718859477
427.2868314602049
157.10779392768785
422.0388055084124
410.189267333084
425.4141251612878
422.5907632532529
393.5848421006702
414.53467699500794
400.2727088323149
420.08330557488455
413.00630574031555
417.8426648226318
407.39511433498717
407.1338230368333
424.14662813738875
166.12876313012
432.97864040747686
429.3007405710935
262.4626571597954
413.8267997693606
405.3915405728368
383.5623771703417
412.8725020793786
168.1814722790633
160.18076154464964
210.31201352990445
409.3644181484518
429.5347014095059
416.40907916432974
409.1431139459016
209.36067576810046
405.7176834996622
427.39717218213497
187.66295774909833
408.5755452538499
148.32627946459715
270.8243402702711
429.8075489155055
170.82135884458077
415.5027218416474
413.4698854932841
420.8255036620771
385.99483979394154
407.29678328491303
426.6606206735267
408.2265475084845
397.2023736805801
399.4382052793598
378.53389782029757
302.8637493953762
424.7895017241433
212.74842729010408
425.14652924287793
414.9054745292284
383.3849426477858
410.9367572237331
416.3767330021658
425.4644678587864
416.42741951159763
422.31581937266026
429.7734778111722
425.24569491582
414.25083356973107
280.8050671423942
189.96461016992546
420.6928909906429
427.8992605035331
389.1820343195891
412.419424708016
377.94281452217484
429.23972508612803
405.33834797868246
427.4177273760114
426.4532032599213
405.3935078767018
283.3294232759523
396.934803989937
433.94626027654493
420.5014004418499
349.60837992761884
420.62837619963017
294.78529038916486
159.2829226501512
417.0847608356915
405.636413387272
429.0421711502482
409.16347087035905
435.37924728802153
406.7931117430517
355.2453647106359
407.0459744421917
404.4720564703114
420.5534370370687
406.21242602258565
413.48254523332946
275.57502377045756
356.87607052574856
319.8402279912645
395.10739257866265
412.7598499355662
431.6216970526389
387.1076136945602
353.59166192606375
422.403333371626
138.9712669208381
306.5551316564798
399.77060891438344
406.61191062094247
361.21947242126
424.0386103560714
132.90893240734982
403.5483541371589
398.3222268849525
415.8933572636108
409.0660958536405
418.16772793446677
425.43032193483594
409.72680535062483
422.5811270239774
400.6349479692242
430.9022787045053
403.3539092467653
421.9238112841813
399.44074992983144
406.4170435107227
148.9236030744498
430.03135333322274
404.5630803619191
330.6294570897238
414.8444937544412
417.86796001876337
432.5003044181859
404.16149999567364
409.32400663070945
401.58710083324405
409.8186679857836
196.59811906135718
418.95129659859384
422.5236905698104
418.9717898089948
424.9060734654113
410.1220964077741
416.455831432777
166.19985254243304
405.7454180240488
391.6891548943992
421.8717707693656
412.0444527500598
426.15971041083645
427.50288618747265
429.7013896954495
185.3518388935698
425.4985333948271
422.0473330231981
410.0009703897196
389.43037069620954
336.77121643982326
165.83784265586291
423.57691522331214
408.8735866497622
410.5568166514293
178.00221768006458
422.786569734811
418.1219158669872
418.5600867204947
404.7686715532727
385.9915662117872
406.32280640822074
399.59328174280773
381.16008862633777
139.07851772006046
424.70104380067204
402.85256885779006
408.03686343911556
427.053451608063
398.7830676247677
416.17751209919413
426.78656136317124
396.3274281111806
414.3582498240022
314.42309121004246
279.4948811274888
408.12026618715896
434.286355984192
289.6448919890311
412.9074160583322
427.1688220199718
200.6019098173031
404.908297782505
405.42967274220166
408.0172622239462
414.67427735076654
349.85736875924255
398.0496184631389
381.2008853282788
259.34056918804043
435.1592400058336
425.2986275645212
419.8260789279253
413.5077420408181
422.7070718895733
388.7166782585156
415.5105544799539
369.3733760327169
285.67608895514064
245.500686812687
371.8516330492616
236.35005423889896
410.43549115206014
377.2077716522384
406.7140103844506
406.2375640276066
425.18185555101473
158.3144098496511
423.52423211943295
432.81329453048954
101.8300588077661
404.13301592653664
418.90724244035243
413.0711086005661
430.64234227736483
415.34915690163797
284.67243792156836
413.1793971560063
382.937473558043
406.68387913316445
407.7893809090891
409.8536796448134
424.20462051166163
414.64442259286915
413.56860851327997
418.9435579601987
401.3585159501376
157.6609970765813
80.80384602900943
177.29358681966048
159.01454140345487
396.89593772681263
399.6167648393151
423.24092207285867
243.30643785947572
255.67953055291153
266.0303782290625
407.52236823978376
423.07515231407564
415.03111769184534
151.087384450539
386.42518669393615
409.66657883965297
396.6740627449912
417.51329191105464
418.1311454715557
384.6871037826409
307.81307685179786
426.23401456303213
241.42473771024459
389.46545492715813
339.9084737424927
434.36237431494015
333.32800943428066
424.95425232777177
414.77110635107647
365.0802790886172
158.6804609174543
413.65556218606764
404.015069805478
425.7359716238318
405.0973152285572
421.8108763941857
177.1481228849461
391.4023789399662
411.9510015192038
175.204969669724
420.2577326080839
407.82795320152945
411.0166337040819
285.37072719337147
260.98786618312755
399.94468727242406
418.78776294349314
103.52857789874344
204.98440563447843
423.4361756897238
398.4265524625524
412.8452094663842
291.233411562533
413.13114717535876
415.8095389652991
299.83691293481144
416.78675813808246
416.880359953437
407.8139434892857
407.55045702177915
83.96107122695342
420.6637359799725
387.4604850896706
413.8252389340182
381.32928061994664
421.9652601858372
418.7956263440235
429.045837238825
405.52288016885217
362.25622323277116
399.77079041106407
217.2911019016646
363.47303270015817
429.543790659133
409.96543266674036
402.68153313555507
264.139083053082
422.9304279918477
304.57626236052755
431.40485796421837
301.6776446019596
434.2697549592805
408.2908117522588
414.90061559653844
413.81297086430027
418.0106402919203
404.23321014964813
417.98012181605685
374.6199367899844
414.8962779447164
189.85219750170148
421.9029123860057
376.08520570415374
406.24486179442016
390.20038882688493
407.0226877818977
158.49242009829936
411.8685322267114
405.92891930104366
404.82481791680533
238.91129249255158
415.68943674807593
167.30973467350594
378.9095277496904
420.34054738749006
332.8994434256989
424.9637144687469
420.2763320207777
422.10390484664924
197.53210224509476
428.3163526805321
277.01418888057333
419.19647681205265
407.49922429445684
328.0637362557121
413.7476972495189
198.2133433350501
414.8272146003588
400.5905237033503
419.8113396789381
413.3528173204738
237.29419589978943
407.2641170938429
420.909232635073
377.1687144470289
416.44036638190323
409.6987022820872
414.8754403497397
402.6102776974535
296.79416399809065
220.94963976824954
356.30481731976977
144.01367000167556
432.13395268224906
414.05791846907204
418.86375300172
292.1706962904682
404.3795722874722
389.64698151033394
430.78429760899564
251.00241681758425
411.62512622639787
419.49460072686213
418.85151608173373
397.3480799446526
420.12824216971404
412.0257026628157
408.04055524217705
404.10141127033165
421.99600712167154
138.91552117089094
399.49022482572076
431.78549059290475
417.3534784542986
404.79718941168244
147.46914012628758
419.0300609942374
425.8699706310536
267.6853509197605
428.1492285491613
278.5222054695207
260.8524536762847
396.78573648390653
269.88924509522246
374.84045856177
358.170970495376
411.1181297799496
339.8037585351888
429.8883043181169
375.1215017941422
131.49966697510044
305.49853648165004
385.29919333811944
254.9340367565398
416.21279035018597
188.38868853674154
318.88593165493137
418.9443644198928
421.13602606423416
415.6881582656111
318.1023017382203
416.41615577499033
428.99390211525537
216.2734721238919
351.55173429006317
382.6653441973332
405.93238448847876
426.1426579910223
392.0670491774812
413.0572910420829
422.9492491916782
222.9033900654162
425.59926962195016
419.27326576589763
420.98728637162066
432.569050714151
407.9710908441943
432.1366937424318
407.94438314751864
164.09229783907847
428.3533601091296
318.7130765128696
432.4302737122344
419.5983085683819
426.7559802610869
417.31048778170975
400.2448399404249
426.8754011988991
421.7484717965855
414.9245384073115
417.13816382096564
410.910753152467
411.7311293102409
401.0382095866391
398.6122926442975
315.9117541421113
272.29003433117487
431.9304267554071
425.4845363675181
415.282192851878
426.5293939206548
429.18295316564064
428.31159648080586
426.1749870878169
203.4614376566947
423.400866897757
382.1989549977267
428.64217935257363
276.8996805201111
424.62153675546983
425.57629960276915
427.83895072797463
249.8383711746049
419.0651641863956
405.3567052386284
422.3620337079196
422.8384912976432
189.94681804579412
425.1410526993404
415.3451287597251
284.7842976136438
409.6012062289241
156.02613802355143
409.3066176265686
411.40203411619666
355.65859246057784
427.7071807050592
141.85277700089165
394.54585073014204
413.4455311179053
362.55993357560476
407.3163563531541
422.3501813239855
420.2773832645357
407.8411144608113
378.7509654413892
434.7682344548495
174.30836161643316
421.07537498051107
404.87864967559807
426.9657632730135
431.08751169275206
418.63081766575164
412.9757138797349
420.2328964931617
420.7729304153649
416.2374111145982
424.56367648534604
399.00478403947784
257.9079250697794
402.76640291033004
423.3095058501445
402.6306237182366
239.97531929850967
405.69845856158867
426.80731023071996
403.2510156809967
415.96522641797463
262.66234232060674
385.66296506083955
320.1599845759648
413.47264043890885
408.0414783313465
414.0809635562834
422.37788586718904
299.0978621035524
411.237856079414
426.96957198486183
210.8712037232252
320.0065540246182
427.90827254140527
424.33328021452803
399.99269167936615
408.81055239945016
395.22976960677823
433.272489070352
213.2328847626531
407.01442193973895
412.0244943151649
373.7614652940935
421.0443472066505
403.9596378242098
414.9936955588934
411.9567927747437
162.0832734347193
427.91509685567075
431.2928805244386
326.5422328339209
368.73045461057745
184.7345829736917
188.507106333078
428.3857003495641
139.7053343970774
394.8040570976409
394.6891093202171
405.8715781387693
422.549456299121
205.18732196812607
402.48097969849925
182.7988816285312
410.4219337037193
425.09249142744625
429.5585490279326
108.93722246570556
401.55644841139554
424.5063288457883
426.36563231894746
406.1628797389813
360.60735234910993
407.07177626514016
420.20998491824696
398.9599542673297
399.9332301118726
346.0930300612053
407.1173755945146
423.1424309253345
414.1232734121283
178.35648482551662
408.0844595149299
402.45969614224435
334.3070454234893
411.94319839706463
430.28470828968335
193.47217670818267
353.7828457541937
263.8916899432869
421.1500921558056
368.5119489536053
424.58599052590824
409.0127226029958
427.30134882855236
424.2489938956732
256.91640990061063
413.35757153180333
398.97879053201814
124.75865558660685
154.72654105860795
360.97081519832034
429.5279638605762
426.76729384264195
153.51355720891635
420.1625943049171
423.8816368915413
381.527678362879
414.78619520831444
399.9853844732926
422.8241673920213
430.7840771476108
422.9443949695042
405.1712184023667
403.7141209309508
369.478911285201
405.3238707581719
164.6206413356403
424.52827169298547
408.6231719049023
400.31907051835844
345.70221328264677
343.8776805120162
398.4217982986704
412.4869291177181
224.11958197248896
361.50401218551576
415.8616560832284
433.1932283164258
413.8291433381228
405.538791085341
152.08946995441843
398.4934847128031
402.4212055072897
410.85895041176144
410.52098795431186
420.8805958448262
419.3473109540047
403.42297930499626
365.6110054463999
431.73165957651696
331.8428588017217
419.0909479108337
352.1257855714243
294.4741483515826
429.14231266316125
193.72715811842235
406.852934999417
348.33496702178763
417.5254380127995
420.65030581784765
413.42439769571763
426.84750491047254
373.0989354316203
415.7093583988692
176.15557975356293
216.1330502145551
416.4268691624648
414.3522698854567
275.5723024675763
410.0290691471879
401.57816697712957
402.2775769451438
204.66987237525916
329.07927344611517
401.4933149929296
155.739334130781
289.9171099107594
271.12363676303573
408.17623293316336
427.9292863249564
371.13383653123805
414.2942803508095
221.15011429541482
416.9915201069681
410.16369744097636
429.185076875522
415.4218013240289
428.59359783810424
182.32106105452766
431.40894196623253
253.77338760835414
412.57071228820695
184.3400949736168
332.5253077262311
407.86035870456163
391.8945509573828
420.04276318366476
341.27690847526344
362.1609988840631
378.0731141862839
398.28146120011485
401.78157260546163
327.0874075094866
410.92187817543834
318.9748534898734
155.24834785561535
415.19404995333696
434.3737292402276
427.3684235045073
124.05839177116316
410.9064876218018
399.28615784511277
410.43312919231477
397.86703801538664
296.59541104736377
396.0462220184235
380.2902427774404
379.5501048529719
423.858553513576
392.5071204680399
414.80156184521604
431.87389466629696
402.81219544190515
399.6082464067686
422.3117523254619
407.62844069611896
401.4115469045366
400.2883290341943
184.09781251221645
434.31133745886535
407.550700718995
429.83344114468025
412.80635270981185
377.0445001583971
435.09819362104446
421.47167674632925
413.3835311613616
399.8245790299452
419.1557412813621
207.224950168354
274.7749338424172
428.9895645733295
425.68325779134176
397.7201602531707
162.10268562422607
422.65997238668893
413.579895286633
379.44502352513007
421.67208976737584
413.9796945753775
418.4681671279214
184.28038880527552
330.3481010826133
410.82203536862994
410.9692925255592
405.4102311255126
409.4600728971746
418.73243479793877
149.25134217402808
413.0325608477989
416.1602930780971
419.1718885362852
229.57272777303302
412.6177023978512
427.5988380651895
420.3263991593085
194.90020819475174
395.28335427513184
189.11350758787663
425.54699157727373
385.3724588820046
404.2133252290183
363.14317490086677
290.4940923550279
371.2706704634047
406.2069073040667
425.50233164923986
250.9080900205422
418.37669625146265
412.3958634038681
346.99575304996273
421.4418180052915
429.626133070913
433.9234427187438
303.0596223775238
215.44839383960777
399.76498615623916
401.61147636829014
419.68106821573093
421.4895841335158
430.8328797554777
398.1223305529768
410.6227750721665
406.15159312549514
386.2278924676347
272.30178585790406
136.25891560870375
183.5884169989577
331.57389326393564
406.97204359230545
224.76486035007028
426.05059308090216
398.3522060873221
157.99689678983646
418.00623045568267
402.59253082312966
354.8423394371208
306.08521162171564
191.9713207213842
412.66773160516846
241.28346279311106
176.46927377380047
411.57013088339545
423.18019337280174
416.3532531675235
416.1402503717628
415.9068893538628
404.7050346913727
399.1347343964225
400.42454459835443
418.5079270648528
408.57694900464236
404.4285128129852
428.1187984330493
357.26649667502653
250.88394902145004
425.2569452438153
417.7747355352686
350.99492219828295
148.19793151599495
359.200562498532
409.6094958732609
416.12920308366586
422.6734857593378
418.41418335294827
362.3853186848082
406.9966876700748
371.4868951956598
419.4298180842008
422.3832473055243
201.83917987005844
403.08563789863376
377.49913325925786
427.5672421664336
423.5300503419499
241.2240882990094
406.07793036005455
433.87796339019854
411.96051894816486
288.6031837725455
416.77067179719904
403.7742797818283
361.9917486497686
432.04297648895994
125.98880982315404
408.30198842843515
388.0984999909692
327.08606578503236
403.1293630022088
342.68114243819315
354.33665175943474
363.383597282143
152.76317734898666
427.2680046052592
410.3053393573073
159.74375706493484
426.18037481377223
368.01138521165484
416.3529332008806
394.671968414667
373.6506010834885
159.8022066372636
421.75465642056173
163.06754988422398
421.01347394646535
403.4504015053607
290.49195767660274
422.5266989885631
383.28831714576677
413.44758811751626
402.63825829355875
397.3878151226847
243.97751234548394
430.1059051490402
431.43414405538516
344.80257065150766
318.2946280943659
373.6127836936078
142.10015636146005
232.3416628093325
433.03247803291254
412.768875140178
371.54997328880535
407.39633544520956
403.5464040081828
411.44970467154917
176.85068549907263
416.5649324725031
434.29285453341
397.16391962549244
427.243896078389
259.9785081881915
422.5950938424829
406.65345003336097
353.41429465917446
404.3267018393738
412.9151175224371
400.5301745464388
401.0497506949496
398.94632247703987
416.5064546492386
235.73967973002473
422.2086168373526
426.7895662604689
416.51028792621827
408.9739144378566
427.6940214324256
300.0614878127737
433.19364912342934
418.04845006640073
418.66924635289496
424.37610593694285
238.89402655123263
423.7886598568228
307.2738338769961
409.31818058865565
419.8287529867301
397.68002544816954
341.8395397097276
409.60437389729196
425.6745924465463
159.93748725730248
375.79836093543054
284.82363824220744
278.3031009813803
399.0024507176707
429.2714903933218
407.7492476172991
429.2540778399382
428.08593785708484
163.51027199209366
419.46457978795604
155.79132865330712
412.65336565301345
430.8612386994523
346.15320116588333
378.26534500771317
413.886011743966
419.46794457702805
404.1503041238327
146.44656387529986
409.868393237799
396.7598565607643
353.85038221272714
390.8716097567544
357.9809917673577
419.1007116630451
429.43560657833416
422.85225097459653
174.28039088070537
415.612858509217
426.03567130890946
428.3882885430863
145.24016423642166
220.54291196015953
307.74141746982866
398.64314238565714
351.02267466308825
431.2844349304742
334.8338207063036
430.420663195655
396.57947294256854
403.6153500926198
302.3589571738206
242.1310878527174
396.052719876517
410.02135896247495
415.97617366294173
416.1432718411708
418.0610500119068
409.33897981887316
415.7757558650508
427.7305115547044
172.28338899660926
418.5837007696569
400.51457158106024
380.53423349101433
427.75639598644966
416.2019306575393
365.8308719770916
419.3146594842216
416.9831809519007
424.0072395954766
253.03671000984633
185.49814753483784
413.1301535175628
426.908120589682
424.1407354782432
386.7867716944664
413.6277880077909
407.2591433510464
410.94082328595306
405.61275810023227
413.7059233558207
402.7414341168626
222.74652309148235
429.030690800726
263.6810020081292
402.96237142452065
401.05042314148307
285.6946577907778
246.61571123483083
384.8651039968045
420.58575221623755
402.0418117487638
366.79251291826967
403.96067977733003
391.81602132654865
203.0921056780601
423.6854171980448
397.9289664181093
350.237896560311
412.09487367575446
363.59627060379603
392.9070749740962
409.9725904784988
406.20564503271305
431.0811939050763
401.5997108663961
138.0962853074117
405.715672855218
418.83285648369923
415.911104223048
426.9573116676728
407.68231453335824
425.91615083614096
408.0453624409417
409.74019032414685
425.45532974940977
326.9008916579411
364.76768383143695
406.7624697279973
420.3401641597435
385.8803043857183
340.9095945903459
419.96478849085315
432.3585939179429
414.04200688459855
202.676301963405
422.3424216944076
406.5558479502256
427.9637818042171
421.7641555277707
364.15846825629325
309.9551476192252
265.74488642751265
417.24625495951216
390.51885303736555
404.9369528024561
408.1504802628187
408.3955446900037
418.6742043165779
391.2508176722445
404.7443362416788
407.16704942919506
433.62060795148005
420.6377114175484
335.4734764454228
412.7147610440948
188.19517998146074
420.5966830549892
406.29252305822723
412.0978200558478
427.91414022455893
417.6677404069457
405.04928674385263
405.12392770352466
303.81621032220465
376.3752152331255
395.9140330765168
157.94058633578086
417.83313486736074
363.6978701150314
417.8039611043896
362.59273878087623
408.2671130935857
422.6283353682934
243.59232827902042
157.78683098354261
269.50014159509885
302.06420670201686
419.12034447142577
176.44286936178761
391.6176406550731
429.41678220413377
418.275537518259
396.9130976275947
426.84454256628374
431.6182795591145
321.97722917536794
407.292330968852
312.5244478298964
155.67711137614083
204.74064822797354
273.92682243908234
371.6432512429401
427.57189621744584
430.4290221927427
402.2072288819643
420.50260809323925
431.7601445642321
423.24471109201255
429.8509141649641
406.6107259562071
398.06909563635344
383.1559077837872
359.2771636427856
423.443756108454
408.1104454931739
408.5911739933695
255.0453350160698
216.73223983825625
269.5636400540621
403.82463644130576
356.96135934782416
410.60141478914255
398.16971947940095
242.37058564245075
399.80047287861004
341.0476896434321
418.94041581717124
286.93683352806136
399.1913107432836
244.0443798302973
407.04058925120773
434.01633285287255
429.2049040573601
377.2971370757631
408.4424604398979
418.35968350525843
410.29163537215976
414.88710534321774
432.24187934861897
432.8340932471626
416.72038586286203
409.97259478100756
407.94162990621464
300.8205845499306
429.02793195493445
302.0048991178931
419.2725825526454
407.75715522368324
412.8170632517686
412.8558072974858
176.48599156595083
305.62067422625523
402.19699049088166
404.77243443024605
428.2229578125939
412.9609149846277
426.86567675152014
226.61776761409533
406.58426774308106
