$SPEC_ID:
This is sample 012.
$SPEC_REM:
DET# 1
DETDESC# DIP1456 PCI-Trump SN 253
AP# Maestro Version 7.01
$DATE_MEA:
03/25/2025 06:29:47
$MEAS_TIM:
37225 37472
$DATA:
0 2047
       0
       0
       0
       0
       0
       0
       0
       0
       0
       0
       0
       0
       0
       0
       0
       0
       0
       1
       0
       0
       0
       2
       1
       1
       0
       0
       1
       1
       1
       1
       0
       0
       0
       1
       1
       1
       0
       1
       1
       1
       0
       0
       0
       1
       0
       0
       0
       0
       0
       0
       0
       1
       1
       1
       1
       1
       0
       1
       0
       0
       1
       1
       0
       2
       2
       1
       1
       0
       2
       0
       2
       1
       0
       0
       0
       1
       1
       1
       3
       0
       0
       2
       2
       1
       4
       2
       2
       0
       1
       1
       2
       2
       1
       0
       2
       3
       2
       1
       1
       2
       5
       3
       0
       2
       3
       2
       2
       3
       3
       1
       2
       2
       3
       3
       3
       3
       2
       1
       2
       2
       4
       3
       2
       6
       2
       2
       4
       1
       3
       1
       2
       0
       0
       3
       4
       0
       2
       3
       1
       2
       1
       1
       3
       3
       2
       1
       1
       0
       2
       3
       1
       3
       3
       2
       2
       1
       1
       2
       1
       2
       0
       4
       2
       2
       3
       4
       2
       1
       2
       4
       1
       3
       1
       0
       3
       1
       1
       1
       0
       2
       2
       1
       1
       4
       5
       1
       3
       6
       3
       4
       1
       4
       4
       3
       1
       2
       4
       2
       0
       2
       1
       3
       5
       8
       1
       2
       3
       5
       0
       3
       2
       0
       5
       5
       2
       4
       4
       5
       3
       3
       1
       1
       2
       5
       4
       2
       6
       1
       5
       4
       3
       6
       6
       2
       1
       3
       4
       3
       7
       8
       7
       5
       2
       3
       5
       2
       6
       4
       1
       7
       2
       5
       4
       6
       5
       3
       6
       3
       4
       1
       4
       6
       3
       1
       7
       5
       5
       7
       6
       6
       7
       3
       3
       5
       2
       6
       3
       5
       4
       4
       3
       2
       2
       2
       8
       5
       4
       7
       3
       3
       6
       5
       4
       1
       3
       5
       5
       5
       2
       2
       6
       5
       5
       4
      11
      13
       6
       4
       2
       3
      10
       6
       5
       6
       8
      10
       8
       3
       3
       8
       4
       9
      10
       4
       6
       8
       6
       8
       7
       6
       9
       8
       6
       3
       6
       9
       7
       5
       5
       5
       9
       4
       4
       9
       8
       5
       6
       7
       8
       7
      10
       5
      10
       8
       7
       2
       6
       8
       3
       6
      11
       7
       7
       8
      11
       7
       7
       7
       9
       4
      12
       2
       9
       9
       3
       5
       8
       8
       7
       4
       9
       6
       6
       8
       8
       4
      10
       6
       5
       7
      10
      10
       4
       5
       4
       7
       4
       3
      12
       8
       6
      14
      11
       8
       4
       8
       5
       9
       5
       7
       5
       7
       7
       4
       7
       7
       9
      11
      12
       5
       2
       4
      13
       7
       5
       5
       8
       5
       3
       6
      11
       6
       7
       6
       7
       5
       9
       7
       5
       5
       7
       6
       8
       4
       5
       5
       9
       6
      12
       6
       5
       6
       6
      10
       5
       7
      10
       6
       7
       8
       8
       6
       6
       4
       3
       4
       6
       7
       8
       4
       5
       7
       9
       9
      12
       9
       3
       7
      13
      14
       4
      10
      10
       4
       6
       7
       3
       6
       5
       7
       8
       4
       9
      11
       7
       8
      10
       8
      15
       7
       4
       6
       6
       5
      11
       5
       5
       8
       7
       7
       6
       5
       7
      11
      11
      14
       5
       9
       7
      11
       4
       7
      10
      10
       9
       6
      10
       7
       9
       9
      11
       8
       7
       5
       6
       4
       9
       6
       8
       8
       5
       6
       8
       7
       7
       9
       6
      11
       8
       8
       5
       5
       3
       8
       8
       9
       5
       4
       5
      10
       9
       8
       5
      11
       6
      12
       3
       8
       6
       2
       8
       5
       5
       5
       6
       6
      12
       6
       7
       4
      11
      13
       3
       5
      11
       4
       6
       3
      10
       7
       8
       3
       5
       1
       5
       5
       2
       4
       0
       4
       4
       7
       4
       7
       3
       5
       2
       8
       3
       1
       6
       8
       1
       2
       2
       3
       7
      11
       9
       5
       1
       5
      10
       5
       7
      11
       6
       3
       4
       8
       4
       6
       5
       4
       8
       4
       1
       5
       4
       6
       6
       4
       4
       1
       6
       3
       6
       4
       7
       7
       4
       9
       5
       7
      10
       5
       6
       1
       9
      11
       6
       3
       5
       6
       3
       3
       8
       4
       3
       8
       2
       7
       6
       2
       5
       4
       4
       5
      12
       7
      12
       5
       1
       5
       5
       6
       7
       9
       9
       5
       6
       4
       4
       5
       7
       5
       9
       6
       4
      13
       6
       3
       5
      10
       5
       9
       7
      10
       6
       3
       7
       4
       6
       5
       9
       9
       4
      10
      15
       6
       7
      13
       8
      13
      12
       5
      10
       8
      10
      11
      14
      11
      11
      10
       7
       4
       5
      11
      18
      17
       8
       9
       8
      11
      14
      10
       8
      10
      12
      10
      12
      17
      11
      15
       8
      12
      16
      16
      15
      10
      13
      13
      14
      13
      12
      18
      10
      14
      12
      10
      11
      16
      17
      13
      12
      12
      11
      13
      12
      13
      10
      11
       6
      12
      11
      14
      11
      13
       7
      10
      12
      12
      11
      12
      11
      13
      14
       7
       8
      10
       5
      11
       8
      12
       7
       7
      11
       4
       9
       5
       5
      14
       9
       8
       7
      10
      10
      10
       9
       8
      13
       3
       3
       8
       3
       6
       7
       5
       5
       5
       7
       4
       9
       7
       6
      10
       7
       6
       4
       5
       5
       2
       4
       7
       8
       6
       0
       3
       7
       3
       0
       2
       7
       4
       2
       5
       1
       1
       4
       6
       3
       5
       7
       2
       7
       1
       3
       3
       3
       3
       4
       7
       7
       4
       1
       7
       2
       0
       6
       3
       1
       1
       6
       2
       4
       0
       1
       0
       2
       3
       0
       1
       3
       2
       2
       1
       3
       3
       2
       0
       3
       5
       0
       1
       1
       7
       1
       4
       2
       1
       2
       2
       1
       1
       5
       1
       5
       2
       4
       1
       1
       2
       2
       1
       2
       1
       0
       0
       4
       4
       1
       1
       2
       2
       4
       2
       3
       1
       2
       3
       2
       2
       2
       2
       3
       3
       0
       1
       3
       3
       2
       2
       1
       2
       2
       1
       4
       1
       0
       1
       1
       2
       2
       1
       2
       2
       2
       1
       0
       3
       1
       1
       2
       1
       3
       0
       2
       1
       1
       1
       2
       1
       1
       2
       3
       1
       2
       1
       2
       0
       0
       1
       2
       0
       2
       2
       1
       2
       1
       2
       2
       0
       2
       2
       0
       0
       2
       0
       1
       2
       2
       3
       1
       0
       1
       0
       0
       2
       0
       3
       1
       3
       2
       1
       0
       1
       0
       0
       0
       0
       1
       0
       0
       0
       1
       2
       2
       0
       0
       1
       0
       2
       0
       0
       2
       1
       1
       1
       0
       0
       0
       0
       0
       0
       2
       0
       1
       1
       1
       0
       1
       0
       1
       0
       1
       0
       1
       0
       1
       0
       0
       0
       1
       0
       0
       2
       1
       0
       0
       1
       2
       0
       1
       1
       0
       1
       0
       3
       1
       1
       0
       0
       1
       1
       0
       1
       1
       1
       0
       0
       1
       1
       0
       0
       0
       1
       0
       1
       0
       0
       1
       0
       1
       0
       2
       1
       1
       0
       0
       0
       0
       0
       0
       0
       0
       2
       1
       0
       2
       0
       0
       0
       0
       0
       0
       1
       0
       0
       0
       1
       1
       0
       0
       0
       0
       1
       0
       0
       1
       0
       0
       0
       1
       0
       0
       0
       1
       0
       1
       0
       0
       1
       1
       0
       1
       0
       1
       0
       0
       0
       0
       0
       0
       0
       0
       1
       0
       0
       0
       1
       2
       0
       0
       0
       0
       0
       0
       0
       0
       1
       0
       0
       0
       0
       0
       0
       0
       0
       1
       0
       1
       2
       0
       1
       1
       0
       0
       0
       0
       1
       0
       0
       0
       0
       0
       0
       0
       0
       0
       1
       1
       0
       0
       1
       1
       1
       0
       2
       1
       0
       0
       0
       0
       0
       0
       0
       0
       1
       1
       1
       0
       0
       1
       0
       1
       1
       0
       0
       0
       0
       0
       0
       0
       0
       0
       0
       0
       0
       0
       1
       0
       0
       0
       0
       0
       0
       0
       3
       1
       0
       0
       0
       0
       0
       0
       1
       0
       0
       0
       1
       0
       0
       0
       0
       0
       0
       0
       0
       1
       0
       1
       1
       0
       0
       0
       0
       1
       1
       0
       1
       0
       0
       0
       1
       0
       0
       0
       0
       1
       1
       0
       0
       1
       0
       0
       1
       0
       1
       0
       0
       0
       0
       0
       0
       0
       1
       0
       0
       0
       1
       0
       0
       0
       2
       0
       0
       0
       0
       1
       1
       0
       0
       1
       0
       0
       1
       0
       0
       0
       0
       3
       0
       0
       0
       0
       0
       0
       0
       0
       0
       1
       1
       0
       0
       0
       0
       1
       2
       0
       2
       0
       0
       0
       1
       0
       0
       1
       0
       0
       1
       0
       0
       0
       0
       1
       0
       0
       0
       1
       0
       0
       0
       0
       0
       0
       0
       1
       0
       0
       0
       0
       0
       0
       0
       0
       0
       0
       1
       0
       1
       1
       0
       0
       0
       0
       1
       0
       0
       0
       1
       0
       1
       0
       0
       0
       1
       0
       0
       0
       1
       1
       0
       0
       0
       2
       0
       2
       1
       0
       0
       0
       2
       0
       1
       1
       1
       0
       0
       1
       2
       1
       0
       2
       1
       0
       1
       0
       2
       1
       0
       1
       0
       0
       0
       0
       0
       1
       0
       0
       2
       0
       0
       2
       0
       0
       2
       1
       1
       1
       2
       1
       1
       0
       1
       0
       1
       2
       0
       1
       1
       1
       1
       2
       0
       0
       2
       0
       0
       0
       2
       0
       1
       0
       0
       2
       4
       0
       1
       1
       0
       0
       1
       0
       0
       2
       4
       3
       0
       2
       1
       0
       0
       0
       2
       1
       0
       0
       1
       1
       1
       0
       1
       1
       1
       0
       0
       1
       0
       1
       1
       0
       1
       0
       0
       0
       1
       2
       1
       0
       1
       0
       1
       1
       0
       1
       2
       0
       3
       0
       0
       2
       0
       0
       0
       0
       0
       0
       0
       2
       0
       1
       0
       0
       2
       0
       0
       0
       0
       0
       0
       0
       1
       1
       1
       0
       0
       0
       0
       1
       0
       0
       1
       0
       1
       0
       0
       0
       0
       1
       0
       0
       0
       0
       0
       0
       0
       0
       0
       1
       0
       0
       0
       0
       0
       0
       0
       0
       0
       0
       0
       1
       1
       0
       0
       0
       0
       0
       0
       0
       0
       0
       0
       1
       0
       0
       0
       0
       1
       0
       0
       0
       0
       0
       0
       0
       0
       0
       1
       0
       0
       2
       2
       0
       0
       0
       0
       0
       0
       0
       0
       0
       0
       0
       0
       0
       0
       0
       0
       0
       0
       0
       0
       0
       0
       1
       0
       2
       0
       0
       0
       1
       0
       0
       0
       2
       0
       0
       1
       0
       1
       0
       1
       0
       0
       0
       1
       1
       0
       1
       0
       0
       0
       1
       1
       1
       0
       0
       0
       0
       1
       0
       0
       1
       0
       0
       0
       0
       0
       0
       1
       0
       0
       0
       0
       0
       0
       0
       0
       0
       1
       0
       0
       0
       0
       0
       0
       0
       0
       0
       0
       0
       1
       0
       0
       0
       0
       1
       0
       0
       0
       0
       0
       1
       0
       0
       0
       0
       1
       0
       0
       1
       0
       0
       0
       0
       0
       2
       0
       0
       0
       2
       0
       1
       0
       0
       1
       0
       0
       0
       1
       0
       0
       0
       1
       0
       0
       0
       0
       0
       0
       0
       0
       0
       0
       1
       0
       2
       0
       0
       0
       0
       0
       0
       0
       1
       0
       0
       0
       0
       0
       0
       0
       0
       0
       0
       0
       0
       0
       0
       1
       0
       1
       0
       1
       0
       0
       1
       0
       0
       0
       0
       0
       1
       0
       0
       1
       0
       0
       0
       0
       0
       0
       0
       0
       0
       0
       0
       0
       0
       0
       0
       0
       0
       3
       0
       0
       0
       1
       0
       0
       0
       0
       0
       0
       0
       0
       1
       0
       0
       0
       0
       0
       0
       0
       1
       0
       0
       0
       1
       0
       0
       0
       0
       0
       0
       0
       0
       0
       0
       1
       0
       1
       0
       0
       0
       0
       1
       0
       0
       0
       0
       0
       0
       0
       0
       0
       1
       0
       2
       1
       0
       0
       0
       0
       0
       0
       0
       0
       1
       0
       1
       1
       0
       0
       0
       1
       0
       0
       0
       0
       0
       0
       0
       0
       0
       0
       0
       0
       0
       0
       0
       0
       0
       0
       0
       0
       0
       1
       0
       0
       0
       0
       0
       0
       0
       0
       0
       0
       0
       0
       1
       0
       1
       0
       0
       0
       0
       0
       0
       0
       0
       0
       0
       1
       1
       0
       0
       0
       0
       0
       0
       0
       0
       0
       1
       0
       0
       0
       1
       0
       0
       0
       0
       0
       0
       1
       0
       0
       0
       0
       0
       1
       0
       1
       0
       0
       0
       0
       0
       0
       0
       0
       1
       0
       0
       0
       0
       0
       0
       0
       0
       0
       0
       0
       0
       0
       0
       0
       0
       0
       0
       0
       0
       0
       0
       0
       0
       0
       0
       0
       0
       0
       0
       0
       0
       0
       0
       0
$ROI:
1
636 873
$PRESETS:
Live Time
43000
0
$ENER_FIT:
-11.011522 0.363344
$MCA_CAL:
3
-1.101152E+001 3.633436E-001 3.226449E-006 keV
$SHAPE_CAL:
3
0.000000E+000 0.000000E+000 0.000000E+000
